/*--------------------------------*- C++ -*----------------------------------*\
  =========                 |
  \\      /  F ield         | OpenFOAM: The Open Source CFD Toolbox
   \\    /   O peration     | Website:  https://openfoam.org
    \\  /    A nd           | Version:  12
     \\/     M anipulation  |
\*---------------------------------------------------------------------------*/
FoamFile
{
    format      ascii;
    class       volScalarField;
    location    "71";
    object      T;
}
// * * * * * * * * * * * * * * * * * * * * * * * * * * * * * * * * * * * * * //

dimensions      [0 0 0 1 0 0 0];

internalField   nonuniform List<scalar> 
1250
(
0.996456
0.989371
0.982296
0.975239
0.968206
0.961205
0.954242
0.947324
0.940458
0.933651
0.92691
0.92024
0.91365
0.907144
0.90073
0.894415
0.888203
0.882102
0.876117
0.870255
0.864521
0.85892
0.853459
0.848142
0.842975
0.837963
0.833111
0.828424
0.823906
0.819562
0.815396
0.811412
0.807614
0.804006
0.800592
0.797374
0.794356
0.791541
0.788932
0.786531
0.784341
0.782363
0.780601
0.779054
0.777726
0.776617
0.775729
0.775062
0.774617
0.774394
0.996456
0.989371
0.982296
0.975239
0.968206
0.961205
0.954242
0.947324
0.940458
0.933651
0.92691
0.92024
0.91365
0.907144
0.90073
0.894415
0.888203
0.882102
0.876117
0.870255
0.864521
0.85892
0.853459
0.848142
0.842975
0.837963
0.833111
0.828424
0.823906
0.819562
0.815396
0.811412
0.807614
0.804006
0.800592
0.797374
0.794356
0.791541
0.788932
0.786531
0.784341
0.782363
0.780601
0.779054
0.777726
0.776617
0.775729
0.775062
0.774617
0.774394
0.996456
0.989371
0.982296
0.975239
0.968206
0.961205
0.954242
0.947324
0.940458
0.933651
0.92691
0.92024
0.91365
0.907144
0.90073
0.894415
0.888203
0.882102
0.876117
0.870255
0.864521
0.85892
0.853459
0.848142
0.842975
0.837963
0.833111
0.828424
0.823906
0.819562
0.815396
0.811412
0.807614
0.804006
0.800592
0.797374
0.794356
0.791541
0.788932
0.786531
0.784341
0.782363
0.780601
0.779054
0.777726
0.776617
0.775729
0.775062
0.774617
0.774394
0.996456
0.989371
0.982296
0.975239
0.968206
0.961205
0.954242
0.947324
0.940458
0.933651
0.92691
0.92024
0.91365
0.907144
0.90073
0.894415
0.888203
0.882102
0.876117
0.870255
0.864521
0.85892
0.853459
0.848142
0.842975
0.837963
0.833111
0.828424
0.823906
0.819562
0.815396
0.811412
0.807614
0.804006
0.800592
0.797374
0.794356
0.791541
0.788932
0.786531
0.784341
0.782363
0.780601
0.779054
0.777726
0.776617
0.775729
0.775062
0.774617
0.774394
0.996456
0.989371
0.982296
0.975239
0.968206
0.961205
0.954242
0.947324
0.940458
0.933651
0.92691
0.92024
0.91365
0.907144
0.90073
0.894415
0.888203
0.882102
0.876117
0.870255
0.864521
0.85892
0.853459
0.848142
0.842975
0.837963
0.833111
0.828424
0.823906
0.819562
0.815396
0.811412
0.807614
0.804006
0.800592
0.797374
0.794356
0.791541
0.788932
0.786531
0.784341
0.782363
0.7806
0.779054
0.777726
0.776617
0.775729
0.775062
0.774617
0.774394
0.996456
0.989371
0.982296
0.975239
0.968206
0.961205
0.954242
0.947324
0.940458
0.933651
0.92691
0.92024
0.91365
0.907144
0.90073
0.894415
0.888203
0.882102
0.876117
0.870255
0.864521
0.85892
0.853459
0.848142
0.842975
0.837963
0.833111
0.828424
0.823906
0.819562
0.815396
0.811412
0.807614
0.804006
0.800592
0.797374
0.794356
0.791541
0.788932
0.786531
0.784341
0.782363
0.7806
0.779054
0.777726
0.776617
0.775729
0.775062
0.774617
0.774394
0.996456
0.989371
0.982296
0.975239
0.968206
0.961205
0.954242
0.947324
0.940458
0.933651
0.92691
0.92024
0.91365
0.907144
0.90073
0.894415
0.888203
0.882102
0.876117
0.870255
0.864521
0.85892
0.853459
0.848142
0.842975
0.837963
0.833111
0.828424
0.823906
0.819562
0.815396
0.811412
0.807614
0.804006
0.800592
0.797374
0.794356
0.791541
0.788932
0.786531
0.784341
0.782363
0.7806
0.779054
0.777726
0.776617
0.775729
0.775062
0.774617
0.774394
0.996456
0.989371
0.982296
0.975239
0.968206
0.961205
0.954242
0.947324
0.940458
0.933651
0.92691
0.92024
0.91365
0.907144
0.90073
0.894415
0.888203
0.882102
0.876117
0.870255
0.864521
0.85892
0.853459
0.848142
0.842975
0.837963
0.833111
0.828424
0.823906
0.819562
0.815396
0.811412
0.807614
0.804006
0.800591
0.797374
0.794356
0.791541
0.788932
0.786531
0.78434
0.782363
0.7806
0.779054
0.777726
0.776617
0.775729
0.775062
0.774617
0.774394
0.996456
0.989371
0.982296
0.975239
0.968206
0.961205
0.954242
0.947324
0.940458
0.933651
0.92691
0.92024
0.91365
0.907144
0.90073
0.894415
0.888203
0.882102
0.876117
0.870255
0.864521
0.85892
0.853459
0.848142
0.842975
0.837963
0.833111
0.828424
0.823906
0.819562
0.815396
0.811412
0.807614
0.804006
0.800591
0.797374
0.794356
0.791541
0.788932
0.786531
0.78434
0.782363
0.7806
0.779054
0.777726
0.776617
0.775729
0.775062
0.774617
0.774394
0.996456
0.989371
0.982296
0.975239
0.968206
0.961205
0.954242
0.947324
0.940458
0.933651
0.92691
0.92024
0.91365
0.907144
0.90073
0.894415
0.888203
0.882102
0.876117
0.870255
0.864521
0.85892
0.853459
0.848142
0.842975
0.837963
0.833111
0.828424
0.823906
0.819562
0.815396
0.811412
0.807614
0.804006
0.800591
0.797374
0.794356
0.791541
0.788932
0.786531
0.78434
0.782363
0.7806
0.779054
0.777726
0.776617
0.775729
0.775062
0.774617
0.774394
0.996456
0.989371
0.982296
0.975239
0.968206
0.961205
0.954242
0.947324
0.940458
0.933651
0.92691
0.92024
0.91365
0.907144
0.90073
0.894415
0.888203
0.882102
0.876117
0.870255
0.864521
0.85892
0.853459
0.848142
0.842975
0.837963
0.833111
0.828424
0.823906
0.819562
0.815396
0.811412
0.807614
0.804006
0.800591
0.797374
0.794356
0.791541
0.788932
0.786531
0.78434
0.782363
0.7806
0.779054
0.777726
0.776617
0.775729
0.775062
0.774616
0.774394
0.996456
0.989371
0.982296
0.975239
0.968206
0.961205
0.954242
0.947324
0.940458
0.933651
0.92691
0.92024
0.91365
0.907144
0.90073
0.894415
0.888203
0.882102
0.876117
0.870255
0.864521
0.85892
0.853459
0.848142
0.842975
0.837963
0.833111
0.828424
0.823906
0.819562
0.815396
0.811412
0.807614
0.804006
0.800591
0.797374
0.794356
0.791541
0.788931
0.786531
0.78434
0.782363
0.7806
0.779054
0.777726
0.776617
0.775729
0.775061
0.774616
0.774394
0.996456
0.989371
0.982296
0.975239
0.968206
0.961205
0.954242
0.947324
0.940458
0.933651
0.92691
0.92024
0.91365
0.907144
0.90073
0.894415
0.888203
0.882102
0.876117
0.870255
0.864521
0.85892
0.853459
0.848142
0.842975
0.837963
0.833111
0.828424
0.823906
0.819562
0.815396
0.811412
0.807614
0.804006
0.800591
0.797373
0.794356
0.791541
0.788931
0.78653
0.78434
0.782363
0.7806
0.779054
0.777726
0.776617
0.775728
0.775061
0.774616
0.774394
0.996456
0.989371
0.982296
0.975239
0.968206
0.961205
0.954242
0.947324
0.940458
0.933651
0.92691
0.92024
0.91365
0.907144
0.90073
0.894415
0.888203
0.882102
0.876117
0.870255
0.864521
0.85892
0.853459
0.848142
0.842975
0.837963
0.833111
0.828424
0.823906
0.819562
0.815396
0.811412
0.807614
0.804006
0.800591
0.797373
0.794356
0.791541
0.788931
0.78653
0.78434
0.782363
0.7806
0.779054
0.777726
0.776617
0.775728
0.775061
0.774616
0.774394
0.996456
0.989371
0.982296
0.975239
0.968206
0.961205
0.954242
0.947324
0.940458
0.933651
0.92691
0.92024
0.91365
0.907144
0.900731
0.894415
0.888203
0.882102
0.876117
0.870255
0.864521
0.85892
0.853459
0.848142
0.842975
0.837963
0.833111
0.828424
0.823906
0.819562
0.815396
0.811412
0.807614
0.804006
0.800591
0.797373
0.794355
0.791541
0.788931
0.78653
0.78434
0.782363
0.7806
0.779054
0.777725
0.776617
0.775728
0.775061
0.774616
0.774394
0.996456
0.989371
0.982296
0.975239
0.968206
0.961205
0.954242
0.947324
0.940458
0.933651
0.92691
0.92024
0.91365
0.907144
0.900731
0.894415
0.888203
0.882102
0.876117
0.870255
0.864521
0.85892
0.853459
0.848142
0.842975
0.837963
0.833111
0.828424
0.823906
0.819562
0.815396
0.811412
0.807614
0.804006
0.800591
0.797373
0.794355
0.79154
0.788931
0.78653
0.78434
0.782362
0.7806
0.779054
0.777725
0.776617
0.775728
0.775061
0.774616
0.774393
0.996456
0.989371
0.982296
0.975239
0.968206
0.961205
0.954242
0.947324
0.940458
0.933651
0.92691
0.92024
0.91365
0.907144
0.900731
0.894415
0.888203
0.882102
0.876117
0.870255
0.864521
0.85892
0.853459
0.848142
0.842975
0.837963
0.833111
0.828424
0.823906
0.819562
0.815396
0.811412
0.807614
0.804006
0.800591
0.797373
0.794355
0.79154
0.788931
0.78653
0.78434
0.782362
0.7806
0.779053
0.777725
0.776617
0.775728
0.775061
0.774616
0.774393
0.996456
0.989371
0.982296
0.975239
0.968206
0.961205
0.954242
0.947324
0.940458
0.933651
0.92691
0.92024
0.91365
0.907144
0.900731
0.894415
0.888203
0.882102
0.876117
0.870255
0.864521
0.85892
0.853459
0.848142
0.842975
0.837963
0.833111
0.828424
0.823906
0.819562
0.815396
0.811412
0.807614
0.804006
0.800591
0.797373
0.794355
0.79154
0.788931
0.78653
0.78434
0.782362
0.7806
0.779053
0.777725
0.776616
0.775728
0.775061
0.774616
0.774393
0.996456
0.989371
0.982296
0.975239
0.968206
0.961205
0.954242
0.947324
0.940458
0.933651
0.92691
0.92024
0.91365
0.907144
0.900731
0.894415
0.888203
0.882102
0.876117
0.870255
0.864521
0.85892
0.853459
0.848142
0.842975
0.837963
0.833111
0.828424
0.823906
0.819562
0.815396
0.811412
0.807614
0.804006
0.800591
0.797373
0.794355
0.79154
0.788931
0.78653
0.78434
0.782362
0.7806
0.779053
0.777725
0.776616
0.775728
0.775061
0.774616
0.774393
0.996456
0.989371
0.982296
0.975239
0.968206
0.961205
0.954242
0.947324
0.940458
0.933651
0.92691
0.92024
0.91365
0.907144
0.900731
0.894415
0.888203
0.882102
0.876118
0.870255
0.864521
0.85892
0.853459
0.848142
0.842975
0.837963
0.833111
0.828424
0.823906
0.819562
0.815395
0.811412
0.807614
0.804006
0.800591
0.797373
0.794355
0.79154
0.788931
0.78653
0.78434
0.782362
0.7806
0.779053
0.777725
0.776616
0.775728
0.775061
0.774616
0.774393
0.996456
0.989371
0.982296
0.975239
0.968206
0.961205
0.954242
0.947324
0.940458
0.933651
0.92691
0.92024
0.91365
0.907144
0.900731
0.894415
0.888203
0.882102
0.876118
0.870255
0.864521
0.85892
0.853459
0.848142
0.842975
0.837963
0.833111
0.828424
0.823906
0.819562
0.815395
0.811411
0.807614
0.804006
0.800591
0.797373
0.794355
0.79154
0.788931
0.78653
0.78434
0.782362
0.7806
0.779053
0.777725
0.776616
0.775728
0.775061
0.774616
0.774393
0.996456
0.989371
0.982296
0.975239
0.968206
0.961205
0.954242
0.947324
0.940458
0.933651
0.92691
0.92024
0.91365
0.907144
0.900731
0.894415
0.888203
0.882102
0.876118
0.870255
0.864521
0.85892
0.853459
0.848142
0.842975
0.837963
0.833111
0.828424
0.823906
0.819562
0.815395
0.811411
0.807614
0.804006
0.800591
0.797373
0.794355
0.79154
0.788931
0.78653
0.78434
0.782362
0.780599
0.779053
0.777725
0.776616
0.775728
0.775061
0.774616
0.774393
0.996456
0.989371
0.982296
0.975239
0.968206
0.961205
0.954242
0.947324
0.940458
0.933651
0.92691
0.92024
0.91365
0.907144
0.900731
0.894415
0.888203
0.882102
0.876118
0.870255
0.864521
0.85892
0.853459
0.848142
0.842975
0.837963
0.833111
0.828424
0.823906
0.819562
0.815395
0.811411
0.807614
0.804006
0.800591
0.797373
0.794355
0.79154
0.788931
0.78653
0.78434
0.782362
0.780599
0.779053
0.777725
0.776616
0.775728
0.775061
0.774616
0.774393
0.996456
0.989371
0.982296
0.975239
0.968206
0.961205
0.954242
0.947324
0.940458
0.933651
0.92691
0.92024
0.91365
0.907144
0.900731
0.894415
0.888203
0.882102
0.876118
0.870255
0.864521
0.85892
0.853459
0.848142
0.842975
0.837963
0.833111
0.828424
0.823906
0.819562
0.815395
0.811411
0.807614
0.804006
0.800591
0.797373
0.794355
0.79154
0.788931
0.78653
0.78434
0.782362
0.780599
0.779053
0.777725
0.776616
0.775728
0.775061
0.774616
0.774393
0.996456
0.989371
0.982296
0.975239
0.968206
0.961205
0.954242
0.947324
0.940458
0.933651
0.92691
0.92024
0.91365
0.907144
0.900731
0.894415
0.888203
0.882102
0.876118
0.870255
0.864521
0.85892
0.853459
0.848142
0.842975
0.837963
0.833111
0.828424
0.823906
0.819562
0.815395
0.811411
0.807614
0.804006
0.800591
0.797373
0.794355
0.79154
0.788931
0.78653
0.78434
0.782362
0.780599
0.779053
0.777725
0.776616
0.775728
0.775061
0.774616
0.774393
)
;

boundaryField
{
    inlet
    {
        type            fixedValue;
        value           uniform 1;
    }
    outlet
    {
        type            zeroGradient;
    }
    lowerWall
    {
        type            zeroGradient;
    }
    upperWall
    {
        type            zeroGradient;
    }
    frontAndBack
    {
        type            empty;
    }
}


// ************************************************************************* //
