/*--------------------------------*- C++ -*----------------------------------*\
  =========                 |
  \\      /  F ield         | OpenFOAM: The Open Source CFD Toolbox
   \\    /   O peration     | Website:  https://openfoam.org
    \\  /    A nd           | Version:  12
     \\/     M anipulation  |
\*---------------------------------------------------------------------------*/
FoamFile
{
    format      ascii;
    class       volScalarField;
    location    "72";
    object      T;
}
// * * * * * * * * * * * * * * * * * * * * * * * * * * * * * * * * * * * * * //

dimensions      [0 0 0 1 0 0 0];

internalField   nonuniform List<scalar> 
1250
(
0.996541
0.989627
0.982722
0.975835
0.968972
0.962139
0.955344
0.948592
0.941892
0.935249
0.92867
0.922161
0.915729
0.90938
0.903121
0.896957
0.890895
0.884941
0.8791
0.873379
0.867783
0.862317
0.856987
0.851798
0.846756
0.841865
0.83713
0.832555
0.828146
0.823906
0.819841
0.815953
0.812246
0.808725
0.805393
0.802253
0.799307
0.79656
0.794014
0.791671
0.789533
0.787603
0.785883
0.784374
0.783078
0.781996
0.781129
0.780478
0.780044
0.779826
0.996541
0.989627
0.982722
0.975835
0.968972
0.962139
0.955344
0.948592
0.941892
0.935249
0.92867
0.922161
0.915729
0.90938
0.903121
0.896957
0.890895
0.884941
0.8791
0.873379
0.867783
0.862317
0.856987
0.851798
0.846756
0.841865
0.83713
0.832555
0.828146
0.823906
0.819841
0.815953
0.812246
0.808725
0.805393
0.802253
0.799307
0.79656
0.794014
0.791671
0.789533
0.787603
0.785883
0.784374
0.783078
0.781996
0.781129
0.780478
0.780044
0.779826
0.996541
0.989627
0.982722
0.975835
0.968972
0.962139
0.955344
0.948592
0.941892
0.935249
0.92867
0.922161
0.915729
0.90938
0.903121
0.896957
0.890895
0.884941
0.8791
0.873379
0.867783
0.862317
0.856987
0.851798
0.846756
0.841865
0.83713
0.832555
0.828146
0.823906
0.819841
0.815953
0.812246
0.808725
0.805393
0.802253
0.799307
0.79656
0.794014
0.791671
0.789533
0.787603
0.785883
0.784374
0.783078
0.781996
0.781129
0.780478
0.780044
0.779826
0.996541
0.989627
0.982722
0.975835
0.968972
0.962139
0.955344
0.948592
0.941892
0.935249
0.92867
0.922161
0.915729
0.90938
0.903121
0.896957
0.890895
0.884941
0.8791
0.873379
0.867783
0.862317
0.856987
0.851798
0.846756
0.841865
0.83713
0.832555
0.828146
0.823906
0.819841
0.815953
0.812246
0.808725
0.805393
0.802253
0.799307
0.79656
0.794014
0.791671
0.789533
0.787603
0.785883
0.784374
0.783078
0.781996
0.781129
0.780478
0.780044
0.779826
0.996541
0.989627
0.982722
0.975835
0.968972
0.962139
0.955344
0.948592
0.941892
0.935249
0.92867
0.922161
0.915729
0.90938
0.903121
0.896957
0.890895
0.884941
0.8791
0.873379
0.867783
0.862317
0.856987
0.851798
0.846756
0.841865
0.83713
0.832555
0.828146
0.823906
0.819841
0.815953
0.812246
0.808725
0.805393
0.802253
0.799307
0.79656
0.794014
0.791671
0.789533
0.787603
0.785883
0.784374
0.783078
0.781996
0.781129
0.780478
0.780044
0.779826
0.996541
0.989627
0.982722
0.975835
0.968972
0.962139
0.955344
0.948592
0.941892
0.935249
0.92867
0.922161
0.915729
0.90938
0.903121
0.896957
0.890895
0.884941
0.8791
0.873379
0.867783
0.862317
0.856987
0.851798
0.846756
0.841865
0.83713
0.832555
0.828146
0.823906
0.819841
0.815953
0.812246
0.808725
0.805393
0.802253
0.799307
0.79656
0.794014
0.791671
0.789533
0.787603
0.785883
0.784374
0.783078
0.781996
0.781129
0.780478
0.780044
0.779826
0.996541
0.989627
0.982722
0.975835
0.968972
0.962139
0.955344
0.948592
0.941892
0.935249
0.92867
0.922161
0.915729
0.90938
0.903121
0.896957
0.890895
0.884941
0.8791
0.873379
0.867783
0.862317
0.856987
0.851798
0.846756
0.841865
0.83713
0.832555
0.828146
0.823906
0.819841
0.815953
0.812246
0.808725
0.805393
0.802253
0.799307
0.79656
0.794014
0.791671
0.789533
0.787603
0.785883
0.784374
0.783078
0.781996
0.781129
0.780478
0.780043
0.779826
0.996541
0.989627
0.982722
0.975835
0.968972
0.962139
0.955344
0.948592
0.941892
0.935249
0.92867
0.922161
0.915729
0.90938
0.903121
0.896957
0.890895
0.884941
0.8791
0.873379
0.867783
0.862317
0.856987
0.851798
0.846756
0.841865
0.83713
0.832555
0.828146
0.823906
0.819841
0.815953
0.812246
0.808725
0.805393
0.802252
0.799307
0.79656
0.794014
0.791671
0.789533
0.787603
0.785883
0.784374
0.783078
0.781996
0.781129
0.780478
0.780043
0.779826
0.996541
0.989627
0.982722
0.975835
0.968972
0.962139
0.955344
0.948592
0.941892
0.935249
0.92867
0.922161
0.915729
0.90938
0.903121
0.896957
0.890895
0.884941
0.8791
0.873379
0.867783
0.862317
0.856987
0.851798
0.846756
0.841865
0.83713
0.832555
0.828146
0.823906
0.819841
0.815953
0.812246
0.808725
0.805393
0.802252
0.799307
0.79656
0.794014
0.791671
0.789533
0.787603
0.785883
0.784374
0.783078
0.781996
0.781129
0.780478
0.780043
0.779826
0.996541
0.989627
0.982722
0.975835
0.968972
0.962139
0.955344
0.948592
0.941892
0.935249
0.92867
0.922161
0.915729
0.90938
0.903121
0.896957
0.890895
0.884941
0.8791
0.873379
0.867783
0.862317
0.856987
0.851798
0.846756
0.841865
0.83713
0.832555
0.828146
0.823906
0.819841
0.815953
0.812246
0.808725
0.805393
0.802252
0.799307
0.79656
0.794014
0.791671
0.789533
0.787603
0.785883
0.784374
0.783078
0.781996
0.781129
0.780478
0.780043
0.779826
0.996541
0.989627
0.982722
0.975835
0.968972
0.962139
0.955344
0.948592
0.941892
0.935249
0.92867
0.922161
0.915729
0.90938
0.903121
0.896957
0.890895
0.884941
0.8791
0.873379
0.867783
0.862317
0.856987
0.851798
0.846756
0.841865
0.83713
0.832555
0.828146
0.823906
0.819841
0.815953
0.812246
0.808725
0.805393
0.802252
0.799307
0.79656
0.794014
0.79167
0.789533
0.787603
0.785883
0.784374
0.783078
0.781996
0.781129
0.780478
0.780043
0.779826
0.996541
0.989627
0.982722
0.975835
0.968972
0.962139
0.955344
0.948592
0.941892
0.935249
0.92867
0.922161
0.915729
0.90938
0.903121
0.896957
0.890895
0.884941
0.8791
0.873379
0.867783
0.862317
0.856987
0.851798
0.846756
0.841865
0.83713
0.832555
0.828146
0.823906
0.819841
0.815953
0.812246
0.808725
0.805393
0.802252
0.799307
0.79656
0.794014
0.79167
0.789533
0.787603
0.785883
0.784374
0.783078
0.781995
0.781128
0.780477
0.780043
0.779826
0.996541
0.989627
0.982722
0.975835
0.968972
0.962139
0.955344
0.948592
0.941892
0.935249
0.92867
0.922161
0.915729
0.90938
0.903121
0.896957
0.890895
0.884941
0.8791
0.873379
0.867783
0.862317
0.856987
0.851798
0.846756
0.841865
0.837129
0.832555
0.828146
0.823906
0.819841
0.815953
0.812246
0.808725
0.805393
0.802252
0.799307
0.79656
0.794013
0.79167
0.789533
0.787603
0.785883
0.784374
0.783077
0.781995
0.781128
0.780477
0.780043
0.779826
0.996541
0.989627
0.982722
0.975835
0.968972
0.962139
0.955344
0.948592
0.941892
0.935249
0.92867
0.922161
0.915729
0.90938
0.903121
0.896957
0.890895
0.884941
0.8791
0.873379
0.867783
0.862317
0.856987
0.851798
0.846756
0.841865
0.837129
0.832555
0.828146
0.823906
0.819841
0.815952
0.812246
0.808725
0.805393
0.802252
0.799307
0.79656
0.794013
0.79167
0.789533
0.787603
0.785883
0.784374
0.783077
0.781995
0.781128
0.780477
0.780043
0.779826
0.996541
0.989627
0.982722
0.975835
0.968972
0.962139
0.955344
0.948592
0.941892
0.935249
0.92867
0.922161
0.915729
0.90938
0.903121
0.896957
0.890895
0.884941
0.8791
0.873379
0.867783
0.862317
0.856987
0.851798
0.846756
0.841865
0.837129
0.832555
0.828146
0.823906
0.81984
0.815952
0.812246
0.808725
0.805393
0.802252
0.799307
0.79656
0.794013
0.79167
0.789533
0.787603
0.785882
0.784374
0.783077
0.781995
0.781128
0.780477
0.780043
0.779826
0.996541
0.989627
0.982722
0.975835
0.968972
0.962139
0.955344
0.948592
0.941892
0.935249
0.92867
0.922161
0.915729
0.90938
0.903121
0.896957
0.890895
0.884941
0.8791
0.873379
0.867783
0.862317
0.856987
0.851798
0.846756
0.841865
0.837129
0.832555
0.828146
0.823906
0.81984
0.815952
0.812246
0.808725
0.805392
0.802252
0.799307
0.79656
0.794013
0.79167
0.789533
0.787603
0.785882
0.784373
0.783077
0.781995
0.781128
0.780477
0.780043
0.779826
0.996541
0.989627
0.982722
0.975835
0.968972
0.962139
0.955344
0.948592
0.941892
0.935249
0.92867
0.922161
0.915729
0.90938
0.903121
0.896957
0.890895
0.884941
0.8791
0.873379
0.867783
0.862317
0.856987
0.851798
0.846756
0.841865
0.837129
0.832555
0.828146
0.823906
0.81984
0.815952
0.812246
0.808725
0.805392
0.802252
0.799307
0.79656
0.794013
0.79167
0.789533
0.787603
0.785882
0.784373
0.783077
0.781995
0.781128
0.780477
0.780043
0.779826
0.996541
0.989627
0.982722
0.975835
0.968972
0.962139
0.955344
0.948592
0.941892
0.935249
0.92867
0.922161
0.915729
0.90938
0.903121
0.896957
0.890895
0.884941
0.8791
0.873379
0.867783
0.862317
0.856987
0.851798
0.846756
0.841865
0.837129
0.832555
0.828146
0.823906
0.81984
0.815952
0.812246
0.808725
0.805392
0.802252
0.799307
0.79656
0.794013
0.79167
0.789532
0.787603
0.785882
0.784373
0.783077
0.781995
0.781128
0.780477
0.780043
0.779825
0.996541
0.989627
0.982722
0.975835
0.968972
0.962139
0.955344
0.948592
0.941892
0.935249
0.92867
0.922161
0.915729
0.90938
0.903121
0.896957
0.890895
0.884941
0.8791
0.873379
0.867783
0.862317
0.856987
0.851798
0.846756
0.841865
0.837129
0.832555
0.828146
0.823906
0.81984
0.815952
0.812246
0.808725
0.805392
0.802252
0.799307
0.79656
0.794013
0.79167
0.789532
0.787603
0.785882
0.784373
0.783077
0.781995
0.781128
0.780477
0.780043
0.779825
0.996541
0.989627
0.982722
0.975835
0.968972
0.962139
0.955344
0.948592
0.941892
0.935249
0.92867
0.922161
0.915729
0.90938
0.903121
0.896957
0.890895
0.884941
0.8791
0.873379
0.867783
0.862317
0.856987
0.851798
0.846756
0.841865
0.837129
0.832555
0.828146
0.823906
0.81984
0.815952
0.812246
0.808725
0.805392
0.802252
0.799307
0.79656
0.794013
0.79167
0.789532
0.787603
0.785882
0.784373
0.783077
0.781995
0.781128
0.780477
0.780043
0.779825
0.996541
0.989627
0.982722
0.975835
0.968972
0.962139
0.955344
0.948592
0.941892
0.935249
0.92867
0.922161
0.915729
0.90938
0.903121
0.896957
0.890895
0.884941
0.8791
0.873379
0.867783
0.862317
0.856987
0.851798
0.846756
0.841865
0.837129
0.832555
0.828146
0.823906
0.81984
0.815952
0.812246
0.808725
0.805392
0.802252
0.799307
0.79656
0.794013
0.79167
0.789532
0.787602
0.785882
0.784373
0.783077
0.781995
0.781128
0.780477
0.780043
0.779825
0.996541
0.989627
0.982722
0.975835
0.968972
0.962139
0.955344
0.948592
0.941892
0.935249
0.92867
0.922161
0.915729
0.90938
0.903121
0.896957
0.890895
0.884941
0.8791
0.873379
0.867783
0.862317
0.856987
0.851798
0.846756
0.841865
0.837129
0.832555
0.828146
0.823906
0.81984
0.815952
0.812246
0.808725
0.805392
0.802252
0.799307
0.796559
0.794013
0.79167
0.789532
0.787602
0.785882
0.784373
0.783077
0.781995
0.781128
0.780477
0.780043
0.779825
0.996541
0.989627
0.982722
0.975835
0.968972
0.962139
0.955344
0.948592
0.941892
0.935249
0.92867
0.922161
0.915729
0.90938
0.903121
0.896957
0.890895
0.884941
0.8791
0.873379
0.867783
0.862317
0.856987
0.851798
0.846756
0.841865
0.837129
0.832555
0.828146
0.823906
0.81984
0.815952
0.812246
0.808725
0.805392
0.802252
0.799307
0.796559
0.794013
0.79167
0.789532
0.787602
0.785882
0.784373
0.783077
0.781995
0.781128
0.780477
0.780043
0.779825
0.996541
0.989627
0.982722
0.975835
0.968972
0.962139
0.955344
0.948592
0.941892
0.935249
0.92867
0.922161
0.915729
0.90938
0.903121
0.896957
0.890895
0.884941
0.8791
0.873379
0.867783
0.862317
0.856987
0.851798
0.846756
0.841865
0.837129
0.832555
0.828146
0.823906
0.81984
0.815952
0.812246
0.808725
0.805392
0.802252
0.799307
0.796559
0.794013
0.79167
0.789532
0.787602
0.785882
0.784373
0.783077
0.781995
0.781128
0.780477
0.780043
0.779825
0.996541
0.989627
0.982722
0.975835
0.968972
0.962139
0.955344
0.948592
0.941892
0.935249
0.92867
0.922161
0.915729
0.90938
0.903121
0.896957
0.890895
0.884941
0.8791
0.873379
0.867783
0.862317
0.856987
0.851798
0.846756
0.841865
0.837129
0.832555
0.828146
0.823906
0.81984
0.815952
0.812246
0.808725
0.805392
0.802252
0.799307
0.796559
0.794013
0.79167
0.789532
0.787602
0.785882
0.784373
0.783077
0.781995
0.781128
0.780477
0.780043
0.779825
)
;

boundaryField
{
    inlet
    {
        type            fixedValue;
        value           uniform 1;
    }
    outlet
    {
        type            zeroGradient;
    }
    lowerWall
    {
        type            zeroGradient;
    }
    upperWall
    {
        type            zeroGradient;
    }
    frontAndBack
    {
        type            empty;
    }
}


// ************************************************************************* //
