/*--------------------------------*- C++ -*----------------------------------*\
  =========                 |
  \\      /  F ield         | OpenFOAM: The Open Source CFD Toolbox
   \\    /   O peration     | Website:  https://openfoam.org
    \\  /    A nd           | Version:  12
     \\/     M anipulation  |
\*---------------------------------------------------------------------------*/
FoamFile
{
    format      ascii;
    class       volScalarField;
    location    "38";
    object      T;
}
// * * * * * * * * * * * * * * * * * * * * * * * * * * * * * * * * * * * * * //

dimensions      [0 0 0 1 0 0 0];

internalField   nonuniform List<scalar> 
1250
(
0.992068
0.976213
0.960381
0.944588
0.928851
0.913185
0.897605
0.882128
0.866767
0.85154
0.83646
0.821543
0.806804
0.792257
0.777917
0.763797
0.749913
0.736277
0.722902
0.709803
0.696993
0.684482
0.672285
0.660412
0.648876
0.637688
0.626859
0.616398
0.606317
0.596626
0.587333
0.578447
0.569978
0.561934
0.554321
0.547149
0.540422
0.534149
0.528335
0.522986
0.518106
0.513701
0.509775
0.506331
0.503373
0.500903
0.498925
0.49744
0.496449
0.495953
0.992068
0.976213
0.960381
0.944588
0.928851
0.913185
0.897605
0.882128
0.866767
0.85154
0.83646
0.821543
0.806804
0.792257
0.777917
0.763797
0.749913
0.736277
0.722902
0.709803
0.696993
0.684482
0.672285
0.660412
0.648876
0.637688
0.626859
0.616398
0.606317
0.596626
0.587333
0.578447
0.569978
0.561934
0.554321
0.547149
0.540423
0.534149
0.528335
0.522986
0.518106
0.513701
0.509775
0.506331
0.503373
0.500903
0.498925
0.49744
0.496448
0.495953
0.992068
0.976213
0.960381
0.944588
0.928851
0.913185
0.897605
0.882128
0.866767
0.85154
0.83646
0.821543
0.806804
0.792257
0.777917
0.763797
0.749913
0.736277
0.722902
0.709803
0.696993
0.684482
0.672285
0.660412
0.648876
0.637688
0.626859
0.616398
0.606317
0.596626
0.587333
0.578447
0.569978
0.561934
0.554321
0.547149
0.540422
0.534149
0.528335
0.522986
0.518106
0.513701
0.509775
0.506331
0.503373
0.500903
0.498925
0.49744
0.496448
0.495953
0.992068
0.976213
0.960381
0.944588
0.928851
0.913185
0.897605
0.882128
0.866767
0.85154
0.83646
0.821543
0.806804
0.792257
0.777917
0.763797
0.749913
0.736277
0.722902
0.709803
0.696993
0.684482
0.672285
0.660412
0.648876
0.637688
0.626859
0.616398
0.606317
0.596626
0.587333
0.578447
0.569978
0.561934
0.554321
0.547149
0.540422
0.534149
0.528335
0.522986
0.518106
0.513701
0.509775
0.506331
0.503373
0.500903
0.498925
0.49744
0.496448
0.495953
0.992068
0.976213
0.960381
0.944588
0.928851
0.913185
0.897605
0.882128
0.866767
0.85154
0.83646
0.821543
0.806804
0.792257
0.777917
0.763797
0.749913
0.736277
0.722902
0.709803
0.696993
0.684482
0.672285
0.660412
0.648876
0.637688
0.626859
0.616398
0.606317
0.596626
0.587333
0.578447
0.569978
0.561934
0.554321
0.547149
0.540422
0.534149
0.528335
0.522986
0.518106
0.513701
0.509775
0.506331
0.503373
0.500903
0.498925
0.497439
0.496448
0.495953
0.992068
0.976213
0.960381
0.944588
0.928851
0.913185
0.897605
0.882128
0.866767
0.85154
0.83646
0.821543
0.806804
0.792257
0.777917
0.763797
0.749913
0.736277
0.722902
0.709803
0.696993
0.684482
0.672285
0.660412
0.648876
0.637688
0.626859
0.616398
0.606317
0.596626
0.587333
0.578447
0.569978
0.561934
0.554321
0.547149
0.540422
0.534149
0.528335
0.522986
0.518106
0.513701
0.509774
0.506331
0.503373
0.500903
0.498925
0.497439
0.496448
0.495952
0.992068
0.976213
0.960381
0.944588
0.928851
0.913185
0.897605
0.882128
0.866767
0.85154
0.83646
0.821543
0.806804
0.792257
0.777917
0.763797
0.749913
0.736277
0.722902
0.709803
0.696993
0.684482
0.672285
0.660412
0.648876
0.637688
0.626859
0.616398
0.606317
0.596626
0.587333
0.578447
0.569978
0.561934
0.554321
0.547149
0.540422
0.534149
0.528335
0.522986
0.518106
0.513701
0.509774
0.50633
0.503372
0.500903
0.498925
0.497439
0.496448
0.495952
0.992068
0.976213
0.960381
0.944588
0.928851
0.913185
0.897605
0.882128
0.866767
0.85154
0.83646
0.821543
0.806804
0.792257
0.777917
0.763797
0.749913
0.736277
0.722902
0.709803
0.696993
0.684482
0.672285
0.660412
0.648876
0.637688
0.626859
0.616398
0.606317
0.596626
0.587333
0.578447
0.569978
0.561934
0.554321
0.547149
0.540422
0.534149
0.528335
0.522985
0.518106
0.513701
0.509774
0.50633
0.503372
0.500903
0.498924
0.497439
0.496448
0.495952
0.992068
0.976213
0.960381
0.944588
0.928851
0.913185
0.897605
0.882128
0.866767
0.85154
0.83646
0.821543
0.806804
0.792257
0.777917
0.763797
0.749913
0.736277
0.722902
0.709803
0.696993
0.684482
0.672285
0.660412
0.648876
0.637688
0.626859
0.616398
0.606317
0.596626
0.587333
0.578447
0.569978
0.561934
0.554321
0.547148
0.540422
0.534149
0.528335
0.522985
0.518106
0.513701
0.509774
0.50633
0.503372
0.500903
0.498924
0.497439
0.496448
0.495952
0.992068
0.976213
0.960381
0.944588
0.928851
0.913185
0.897605
0.882128
0.866767
0.85154
0.83646
0.821543
0.806804
0.792257
0.777917
0.763797
0.749913
0.736277
0.722902
0.709804
0.696993
0.684482
0.672285
0.660412
0.648876
0.637688
0.626859
0.616398
0.606317
0.596626
0.587333
0.578447
0.569978
0.561934
0.554321
0.547148
0.540422
0.534149
0.528335
0.522985
0.518106
0.5137
0.509774
0.50633
0.503372
0.500903
0.498924
0.497439
0.496448
0.495952
0.992068
0.976213
0.960381
0.944588
0.928851
0.913185
0.897605
0.882128
0.866767
0.85154
0.83646
0.821543
0.806804
0.792257
0.777917
0.763797
0.749913
0.736277
0.722903
0.709804
0.696993
0.684482
0.672285
0.660412
0.648876
0.637688
0.626859
0.616398
0.606317
0.596626
0.587333
0.578447
0.569978
0.561933
0.554321
0.547148
0.540422
0.534149
0.528335
0.522985
0.518105
0.5137
0.509774
0.50633
0.503372
0.500902
0.498924
0.497439
0.496448
0.495952
0.992068
0.976213
0.960381
0.944588
0.928851
0.913185
0.897605
0.882128
0.866767
0.85154
0.83646
0.821543
0.806804
0.792257
0.777917
0.763797
0.749913
0.736277
0.722903
0.709804
0.696993
0.684482
0.672285
0.660412
0.648876
0.637688
0.626859
0.616398
0.606317
0.596626
0.587333
0.578447
0.569978
0.561933
0.554321
0.547148
0.540422
0.534149
0.528334
0.522985
0.518105
0.5137
0.509774
0.50633
0.503372
0.500902
0.498924
0.497438
0.496447
0.495952
0.992068
0.976213
0.960381
0.944588
0.928851
0.913185
0.897605
0.882128
0.866767
0.85154
0.83646
0.821543
0.806804
0.792257
0.777917
0.763797
0.749913
0.736277
0.722903
0.709804
0.696993
0.684482
0.672285
0.660412
0.648876
0.637688
0.626859
0.616398
0.606317
0.596626
0.587333
0.578447
0.569978
0.561933
0.554321
0.547148
0.540422
0.534149
0.528334
0.522985
0.518105
0.5137
0.509774
0.50633
0.503372
0.500902
0.498924
0.497438
0.496447
0.495951
0.992068
0.976213
0.960381
0.944588
0.928851
0.913185
0.897605
0.882128
0.866767
0.85154
0.83646
0.821543
0.806804
0.792257
0.777917
0.763797
0.749913
0.736277
0.722903
0.709804
0.696993
0.684482
0.672285
0.660412
0.648876
0.637688
0.626859
0.616398
0.606317
0.596626
0.587333
0.578447
0.569978
0.561933
0.554321
0.547148
0.540422
0.534148
0.528334
0.522985
0.518105
0.5137
0.509773
0.506329
0.503371
0.500902
0.498924
0.497438
0.496447
0.495951
0.992068
0.976213
0.960381
0.944588
0.928851
0.913185
0.897605
0.882128
0.866767
0.85154
0.83646
0.821543
0.806804
0.792257
0.777917
0.763797
0.749913
0.736277
0.722903
0.709804
0.696993
0.684482
0.672285
0.660412
0.648876
0.637688
0.626859
0.616398
0.606317
0.596626
0.587332
0.578447
0.569978
0.561933
0.554321
0.547148
0.540422
0.534148
0.528334
0.522985
0.518105
0.5137
0.509773
0.506329
0.503371
0.500902
0.498923
0.497438
0.496447
0.495951
0.992068
0.976213
0.960381
0.944588
0.928851
0.913185
0.897605
0.882128
0.866767
0.85154
0.83646
0.821543
0.806804
0.792257
0.777917
0.763798
0.749913
0.736277
0.722903
0.709804
0.696993
0.684482
0.672285
0.660413
0.648876
0.637688
0.626859
0.616398
0.606317
0.596626
0.587332
0.578447
0.569978
0.561933
0.554321
0.547148
0.540422
0.534148
0.528334
0.522984
0.518105
0.5137
0.509773
0.506329
0.503371
0.500902
0.498923
0.497438
0.496447
0.495951
0.992068
0.976213
0.960381
0.944588
0.928851
0.913185
0.897605
0.882128
0.866767
0.85154
0.83646
0.821543
0.806804
0.792257
0.777917
0.763798
0.749913
0.736277
0.722903
0.709804
0.696993
0.684482
0.672285
0.660413
0.648876
0.637688
0.626859
0.616398
0.606317
0.596625
0.587332
0.578447
0.569978
0.561933
0.554321
0.547148
0.540421
0.534148
0.528334
0.522984
0.518105
0.513699
0.509773
0.506329
0.503371
0.500902
0.498923
0.497438
0.496447
0.495951
0.992068
0.976213
0.960381
0.944588
0.928851
0.913185
0.897605
0.882128
0.866768
0.85154
0.83646
0.821544
0.806804
0.792257
0.777917
0.763798
0.749913
0.736277
0.722903
0.709804
0.696993
0.684482
0.672285
0.660413
0.648876
0.637688
0.626859
0.616398
0.606317
0.596625
0.587332
0.578447
0.569978
0.561933
0.554321
0.547148
0.540421
0.534148
0.528334
0.522984
0.518105
0.513699
0.509773
0.506329
0.503371
0.500901
0.498923
0.497438
0.496447
0.495951
0.992068
0.976213
0.960381
0.944588
0.928851
0.913185
0.897605
0.882128
0.866768
0.85154
0.83646
0.821544
0.806804
0.792257
0.777917
0.763798
0.749913
0.736277
0.722903
0.709804
0.696993
0.684483
0.672285
0.660413
0.648876
0.637688
0.626859
0.616398
0.606317
0.596625
0.587332
0.578447
0.569978
0.561933
0.55432
0.547148
0.540421
0.534148
0.528334
0.522984
0.518104
0.513699
0.509773
0.506329
0.503371
0.500901
0.498923
0.497438
0.496446
0.495951
0.992068
0.976213
0.960381
0.944588
0.928851
0.913185
0.897605
0.882128
0.866768
0.85154
0.83646
0.821544
0.806804
0.792257
0.777917
0.763798
0.749913
0.736277
0.722903
0.709804
0.696993
0.684483
0.672285
0.660413
0.648877
0.637688
0.626859
0.616398
0.606317
0.596625
0.587332
0.578447
0.569978
0.561933
0.55432
0.547148
0.540421
0.534148
0.528334
0.522984
0.518104
0.513699
0.509773
0.506329
0.503371
0.500901
0.498923
0.497437
0.496446
0.495951
0.992068
0.976213
0.960381
0.944588
0.928851
0.913185
0.897605
0.882128
0.866768
0.85154
0.83646
0.821544
0.806804
0.792257
0.777917
0.763798
0.749913
0.736277
0.722903
0.709804
0.696993
0.684483
0.672285
0.660413
0.648877
0.637688
0.626859
0.616398
0.606317
0.596625
0.587332
0.578447
0.569978
0.561933
0.55432
0.547147
0.540421
0.534148
0.528334
0.522984
0.518104
0.513699
0.509773
0.506329
0.503371
0.500901
0.498923
0.497437
0.496446
0.49595
0.992068
0.976213
0.960381
0.944588
0.928851
0.913185
0.897605
0.882128
0.866768
0.85154
0.83646
0.821544
0.806804
0.792257
0.777917
0.763798
0.749913
0.736277
0.722903
0.709804
0.696993
0.684483
0.672285
0.660413
0.648877
0.637688
0.626859
0.616398
0.606317
0.596625
0.587332
0.578447
0.569978
0.561933
0.55432
0.547147
0.540421
0.534148
0.528334
0.522984
0.518104
0.513699
0.509773
0.506329
0.503371
0.500901
0.498923
0.497437
0.496446
0.49595
0.992068
0.976213
0.960381
0.944589
0.928851
0.913185
0.897606
0.882128
0.866768
0.85154
0.836461
0.821544
0.806804
0.792258
0.777917
0.763798
0.749913
0.736277
0.722903
0.709804
0.696993
0.684483
0.672285
0.660413
0.648877
0.637688
0.626859
0.616398
0.606317
0.596625
0.587332
0.578447
0.569977
0.561933
0.55432
0.547147
0.540421
0.534148
0.528333
0.522984
0.518104
0.513699
0.509773
0.506329
0.50337
0.500901
0.498923
0.497437
0.496446
0.49595
0.992068
0.976213
0.960381
0.944589
0.928851
0.913185
0.897606
0.882128
0.866768
0.85154
0.836461
0.821544
0.806805
0.792258
0.777917
0.763798
0.749913
0.736277
0.722903
0.709804
0.696993
0.684483
0.672285
0.660413
0.648877
0.637688
0.626859
0.616398
0.606317
0.596625
0.587332
0.578447
0.569977
0.561933
0.55432
0.547147
0.540421
0.534148
0.528333
0.522984
0.518104
0.513699
0.509772
0.506329
0.50337
0.500901
0.498923
0.497437
0.496446
0.49595
0.992068
0.976213
0.960381
0.944589
0.928851
0.913185
0.897606
0.882128
0.866768
0.85154
0.836461
0.821544
0.806805
0.792258
0.777917
0.763798
0.749913
0.736277
0.722903
0.709804
0.696993
0.684483
0.672285
0.660413
0.648877
0.637688
0.626859
0.616398
0.606317
0.596625
0.587332
0.578447
0.569977
0.561933
0.55432
0.547147
0.540421
0.534148
0.528333
0.522984
0.518104
0.513699
0.509772
0.506329
0.50337
0.500901
0.498923
0.497437
0.496446
0.49595
)
;

boundaryField
{
    inlet
    {
        type            fixedValue;
        value           uniform 1;
    }
    outlet
    {
        type            zeroGradient;
    }
    lowerWall
    {
        type            zeroGradient;
    }
    upperWall
    {
        type            zeroGradient;
    }
    frontAndBack
    {
        type            empty;
    }
}


// ************************************************************************* //
