/*--------------------------------*- C++ -*----------------------------------*\
  =========                 |
  \\      /  F ield         | OpenFOAM: The Open Source CFD Toolbox
   \\    /   O peration     | Website:  https://openfoam.org
    \\  /    A nd           | Version:  12
     \\/     M anipulation  |
\*---------------------------------------------------------------------------*/
FoamFile
{
    format      ascii;
    class       volScalarField;
    location    "34";
    object      T;
}
// * * * * * * * * * * * * * * * * * * * * * * * * * * * * * * * * * * * * * //

dimensions      [0 0 0 1 0 0 0];

internalField   nonuniform List<scalar> 
1250
(
0.991245
0.973744
0.956269
0.938838
0.921469
0.904179
0.886985
0.869905
0.852955
0.836154
0.819517
0.803061
0.786803
0.770759
0.754945
0.739376
0.724068
0.709037
0.694296
0.67986
0.665744
0.651962
0.638526
0.62545
0.612747
0.600429
0.588507
0.576994
0.5659
0.555237
0.545013
0.535239
0.525925
0.517079
0.508709
0.500824
0.49343
0.486536
0.480146
0.474268
0.468907
0.464067
0.459754
0.455971
0.452722
0.45001
0.447837
0.446206
0.445117
0.444573
0.991245
0.973744
0.956269
0.938838
0.921469
0.904179
0.886985
0.869905
0.852955
0.836154
0.819517
0.803061
0.786803
0.770759
0.754945
0.739376
0.724068
0.709037
0.694296
0.67986
0.665744
0.651962
0.638526
0.62545
0.612747
0.600429
0.588507
0.576994
0.5659
0.555237
0.545013
0.535239
0.525925
0.517079
0.508709
0.500824
0.49343
0.486536
0.480146
0.474268
0.468907
0.464067
0.459754
0.455971
0.452722
0.45001
0.447837
0.446205
0.445117
0.444573
0.991245
0.973744
0.956269
0.938838
0.921469
0.904179
0.886985
0.869905
0.852955
0.836154
0.819517
0.803061
0.786803
0.770759
0.754945
0.739376
0.724068
0.709037
0.694296
0.67986
0.665744
0.651962
0.638526
0.62545
0.612747
0.600429
0.588507
0.576994
0.5659
0.555237
0.545013
0.535239
0.525925
0.517079
0.508709
0.500824
0.49343
0.486536
0.480146
0.474268
0.468907
0.464067
0.459754
0.455971
0.452722
0.45001
0.447837
0.446205
0.445117
0.444573
0.991245
0.973744
0.956269
0.938838
0.921469
0.904179
0.886985
0.869905
0.852955
0.836154
0.819517
0.803061
0.786803
0.770759
0.754945
0.739376
0.724068
0.709037
0.694296
0.67986
0.665744
0.651962
0.638526
0.62545
0.612747
0.600429
0.588507
0.576994
0.5659
0.555237
0.545013
0.535239
0.525925
0.517079
0.508709
0.500824
0.49343
0.486536
0.480146
0.474268
0.468907
0.464067
0.459754
0.455971
0.452722
0.45001
0.447837
0.446205
0.445117
0.444573
0.991245
0.973744
0.956269
0.938838
0.921469
0.904179
0.886985
0.869905
0.852955
0.836154
0.819517
0.803061
0.786803
0.770759
0.754945
0.739376
0.724068
0.709037
0.694296
0.67986
0.665744
0.651962
0.638526
0.62545
0.612747
0.600429
0.588507
0.576994
0.5659
0.555237
0.545013
0.535239
0.525925
0.517079
0.508709
0.500824
0.49343
0.486536
0.480146
0.474268
0.468907
0.464067
0.459754
0.455971
0.452722
0.450009
0.447837
0.446205
0.445117
0.444572
0.991245
0.973744
0.956269
0.938838
0.921469
0.904179
0.886985
0.869905
0.852955
0.836154
0.819517
0.803061
0.786803
0.770759
0.754945
0.739376
0.724068
0.709037
0.694296
0.67986
0.665744
0.651962
0.638526
0.62545
0.612747
0.600429
0.588507
0.576994
0.5659
0.555237
0.545013
0.535239
0.525925
0.517079
0.508709
0.500824
0.49343
0.486536
0.480146
0.474268
0.468907
0.464067
0.459754
0.455971
0.452722
0.450009
0.447837
0.446205
0.445117
0.444572
0.991245
0.973744
0.956269
0.938838
0.921469
0.904179
0.886985
0.869905
0.852955
0.836154
0.819517
0.803061
0.786803
0.770759
0.754945
0.739376
0.724068
0.709037
0.694296
0.67986
0.665744
0.651962
0.638526
0.62545
0.612747
0.600429
0.588507
0.576994
0.5659
0.555237
0.545013
0.535239
0.525925
0.517079
0.508709
0.500824
0.49343
0.486535
0.480146
0.474268
0.468906
0.464067
0.459754
0.455971
0.452722
0.450009
0.447837
0.446205
0.445117
0.444572
0.991245
0.973744
0.956269
0.938838
0.921469
0.904179
0.886985
0.869905
0.852955
0.836154
0.819517
0.803061
0.786803
0.770759
0.754945
0.739376
0.724068
0.709037
0.694296
0.67986
0.665744
0.651962
0.638526
0.62545
0.612747
0.600429
0.588507
0.576994
0.5659
0.555237
0.545013
0.535239
0.525925
0.517079
0.508709
0.500824
0.49343
0.486535
0.480146
0.474268
0.468906
0.464067
0.459753
0.45597
0.452721
0.450009
0.447836
0.446205
0.445117
0.444572
0.991245
0.973744
0.956269
0.938838
0.921469
0.904179
0.886985
0.869905
0.852955
0.836154
0.819517
0.803061
0.786803
0.770759
0.754945
0.739376
0.724068
0.709037
0.694296
0.67986
0.665744
0.651962
0.638526
0.62545
0.612747
0.600429
0.588507
0.576994
0.5659
0.555237
0.545013
0.535239
0.525925
0.517079
0.508709
0.500824
0.49343
0.486535
0.480146
0.474268
0.468906
0.464067
0.459753
0.45597
0.452721
0.450009
0.447836
0.446205
0.445116
0.444572
0.991245
0.973744
0.956269
0.938838
0.921469
0.904179
0.886985
0.869905
0.852955
0.836154
0.819517
0.803061
0.786803
0.770759
0.754945
0.739376
0.724068
0.709037
0.694296
0.67986
0.665744
0.651962
0.638526
0.62545
0.612747
0.600429
0.588507
0.576994
0.5659
0.555237
0.545013
0.535239
0.525925
0.517079
0.508709
0.500824
0.49343
0.486535
0.480146
0.474268
0.468906
0.464067
0.459753
0.45597
0.452721
0.450009
0.447836
0.446205
0.445116
0.444572
0.991245
0.973744
0.956269
0.938838
0.921469
0.904179
0.886985
0.869905
0.852955
0.836154
0.819517
0.803061
0.786804
0.770759
0.754945
0.739376
0.724069
0.709037
0.694296
0.67986
0.665744
0.651962
0.638526
0.62545
0.612747
0.600429
0.588507
0.576994
0.5659
0.555237
0.545013
0.535239
0.525925
0.517079
0.508709
0.500824
0.49343
0.486535
0.480146
0.474267
0.468906
0.464066
0.459753
0.45597
0.452721
0.450009
0.447836
0.446205
0.445116
0.444572
0.991245
0.973744
0.956269
0.938838
0.921469
0.904179
0.886985
0.869905
0.852955
0.836154
0.819517
0.803061
0.786804
0.770759
0.754945
0.739376
0.724069
0.709037
0.694296
0.67986
0.665744
0.651962
0.638526
0.62545
0.612747
0.600429
0.588507
0.576994
0.5659
0.555237
0.545013
0.535239
0.525925
0.517079
0.508709
0.500823
0.49343
0.486535
0.480146
0.474267
0.468906
0.464066
0.459753
0.45597
0.452721
0.450009
0.447836
0.446205
0.445116
0.444572
0.991245
0.973744
0.956269
0.938838
0.921469
0.904179
0.886985
0.869905
0.852955
0.836154
0.819517
0.803062
0.786804
0.770759
0.754945
0.739376
0.724069
0.709037
0.694296
0.67986
0.665745
0.651962
0.638526
0.62545
0.612747
0.600429
0.588507
0.576994
0.5659
0.555237
0.545013
0.535239
0.525925
0.517079
0.508709
0.500823
0.49343
0.486535
0.480146
0.474267
0.468906
0.464066
0.459753
0.45597
0.452721
0.450009
0.447836
0.446204
0.445116
0.444571
0.991245
0.973744
0.956269
0.938838
0.921469
0.904179
0.886985
0.869905
0.852956
0.836154
0.819517
0.803062
0.786804
0.77076
0.754945
0.739376
0.724069
0.709037
0.694296
0.679861
0.665745
0.651962
0.638526
0.62545
0.612747
0.600429
0.588507
0.576994
0.5659
0.555237
0.545013
0.535239
0.525925
0.517079
0.508709
0.500823
0.49343
0.486535
0.480145
0.474267
0.468906
0.464066
0.459753
0.45597
0.452721
0.450008
0.447836
0.446204
0.445116
0.444571
0.991245
0.973744
0.956269
0.938838
0.921469
0.904179
0.886985
0.869905
0.852956
0.836154
0.819517
0.803062
0.786804
0.77076
0.754945
0.739377
0.724069
0.709037
0.694296
0.679861
0.665745
0.651962
0.638526
0.62545
0.612747
0.600429
0.588507
0.576994
0.5659
0.555237
0.545013
0.535239
0.525925
0.517079
0.508709
0.500823
0.49343
0.486535
0.480145
0.474267
0.468906
0.464066
0.459753
0.45597
0.452721
0.450008
0.447835
0.446204
0.445116
0.444571
0.991245
0.973744
0.956269
0.938838
0.921469
0.904179
0.886985
0.869905
0.852956
0.836154
0.819517
0.803062
0.786804
0.77076
0.754945
0.739377
0.724069
0.709037
0.694296
0.679861
0.665745
0.651962
0.638526
0.62545
0.612747
0.600429
0.588507
0.576994
0.5659
0.555237
0.545013
0.535239
0.525925
0.517079
0.508709
0.500823
0.49343
0.486535
0.480145
0.474267
0.468905
0.464066
0.459752
0.45597
0.45272
0.450008
0.447835
0.446204
0.445116
0.444571
0.991245
0.973744
0.956269
0.938838
0.921469
0.904179
0.886985
0.869905
0.852956
0.836154
0.819517
0.803062
0.786804
0.77076
0.754945
0.739377
0.724069
0.709037
0.694296
0.679861
0.665745
0.651962
0.638526
0.625451
0.612747
0.600429
0.588507
0.576994
0.5659
0.555237
0.545013
0.535239
0.525925
0.517078
0.508709
0.500823
0.493429
0.486535
0.480145
0.474267
0.468905
0.464066
0.459752
0.455969
0.45272
0.450008
0.447835
0.446204
0.445115
0.444571
0.991245
0.973744
0.956269
0.938838
0.921469
0.904179
0.886985
0.869905
0.852956
0.836154
0.819517
0.803062
0.786804
0.77076
0.754945
0.739377
0.724069
0.709037
0.694296
0.679861
0.665745
0.651962
0.638526
0.625451
0.612747
0.600429
0.588507
0.576994
0.5659
0.555237
0.545013
0.535239
0.525925
0.517078
0.508709
0.500823
0.493429
0.486535
0.480145
0.474267
0.468905
0.464066
0.459752
0.455969
0.45272
0.450008
0.447835
0.446204
0.445115
0.444571
0.991245
0.973744
0.956269
0.938838
0.921469
0.904179
0.886985
0.869905
0.852956
0.836154
0.819517
0.803062
0.786804
0.77076
0.754945
0.739377
0.724069
0.709037
0.694296
0.679861
0.665745
0.651962
0.638526
0.625451
0.612747
0.600429
0.588507
0.576994
0.5659
0.555237
0.545013
0.535239
0.525925
0.517078
0.508708
0.500823
0.493429
0.486535
0.480145
0.474267
0.468905
0.464066
0.459752
0.455969
0.45272
0.450008
0.447835
0.446204
0.445115
0.444571
0.991245
0.973744
0.956269
0.938838
0.921469
0.904179
0.886985
0.869905
0.852956
0.836154
0.819517
0.803062
0.786804
0.77076
0.754946
0.739377
0.724069
0.709037
0.694296
0.679861
0.665745
0.651962
0.638526
0.625451
0.612747
0.600429
0.588507
0.576994
0.5659
0.555237
0.545013
0.535239
0.525925
0.517078
0.508708
0.500823
0.493429
0.486534
0.480145
0.474267
0.468905
0.464065
0.459752
0.455969
0.45272
0.450008
0.447835
0.446204
0.445115
0.444571
0.991245
0.973744
0.956269
0.938838
0.921469
0.904179
0.886985
0.869905
0.852956
0.836154
0.819517
0.803062
0.786804
0.77076
0.754946
0.739377
0.724069
0.709037
0.694296
0.679861
0.665745
0.651962
0.638527
0.625451
0.612747
0.600429
0.588508
0.576994
0.5659
0.555237
0.545013
0.535239
0.525925
0.517078
0.508708
0.500823
0.493429
0.486534
0.480145
0.474267
0.468905
0.464065
0.459752
0.455969
0.45272
0.450008
0.447835
0.446204
0.445115
0.444571
0.991245
0.973744
0.956269
0.938838
0.921469
0.904179
0.886985
0.869905
0.852956
0.836154
0.819517
0.803062
0.786804
0.77076
0.754946
0.739377
0.724069
0.709037
0.694296
0.679861
0.665745
0.651962
0.638527
0.625451
0.612747
0.600429
0.588508
0.576994
0.5659
0.555236
0.545013
0.535239
0.525925
0.517078
0.508708
0.500823
0.493429
0.486534
0.480145
0.474267
0.468905
0.464065
0.459752
0.455969
0.45272
0.450008
0.447835
0.446203
0.445115
0.444571
0.991245
0.973744
0.956269
0.938838
0.921469
0.904179
0.886985
0.869905
0.852956
0.836154
0.819518
0.803062
0.786804
0.77076
0.754946
0.739377
0.724069
0.709037
0.694296
0.679861
0.665745
0.651962
0.638527
0.625451
0.612747
0.600429
0.588508
0.576994
0.5659
0.555236
0.545013
0.535239
0.525925
0.517078
0.508708
0.500823
0.493429
0.486534
0.480145
0.474266
0.468905
0.464065
0.459752
0.455969
0.45272
0.450008
0.447835
0.446203
0.445115
0.444571
0.991245
0.973744
0.956269
0.938838
0.921469
0.904179
0.886985
0.869905
0.852956
0.836154
0.819518
0.803062
0.786804
0.77076
0.754946
0.739377
0.724069
0.709037
0.694296
0.679861
0.665745
0.651962
0.638527
0.625451
0.612747
0.600429
0.588508
0.576994
0.5659
0.555236
0.545013
0.535239
0.525925
0.517078
0.508708
0.500823
0.493429
0.486534
0.480145
0.474266
0.468905
0.464065
0.459752
0.455969
0.45272
0.450008
0.447835
0.446203
0.445115
0.444571
0.991245
0.973744
0.956269
0.938838
0.921469
0.904179
0.886985
0.869905
0.852956
0.836154
0.819518
0.803062
0.786804
0.77076
0.754946
0.739377
0.724069
0.709037
0.694297
0.679861
0.665745
0.651962
0.638527
0.625451
0.612747
0.600429
0.588508
0.576994
0.5659
0.555236
0.545013
0.535239
0.525925
0.517078
0.508708
0.500823
0.493429
0.486534
0.480145
0.474266
0.468905
0.464065
0.459752
0.455969
0.45272
0.450008
0.447835
0.446203
0.445115
0.444571
)
;

boundaryField
{
    inlet
    {
        type            fixedValue;
        value           uniform 1;
    }
    outlet
    {
        type            zeroGradient;
    }
    lowerWall
    {
        type            zeroGradient;
    }
    upperWall
    {
        type            zeroGradient;
    }
    frontAndBack
    {
        type            empty;
    }
}


// ************************************************************************* //
