/*--------------------------------*- C++ -*----------------------------------*\
  =========                 |
  \\      /  F ield         | OpenFOAM: The Open Source CFD Toolbox
   \\    /   O peration     | Website:  https://openfoam.org
    \\  /    A nd           | Version:  12
     \\/     M anipulation  |
\*---------------------------------------------------------------------------*/
FoamFile
{
    format      ascii;
    class       volScalarField;
    location    "37";
    object      T;
}
// * * * * * * * * * * * * * * * * * * * * * * * * * * * * * * * * * * * * * //

dimensions      [0 0 0 1 0 0 0];

internalField   nonuniform List<scalar> 
1250
(
0.991871
0.97562
0.959394
0.943208
0.927079
0.911023
0.895055
0.879193
0.863451
0.847845
0.832391
0.817104
0.802
0.787092
0.772397
0.757929
0.743701
0.729729
0.716025
0.702604
0.689478
0.676661
0.664164
0.652001
0.640183
0.628721
0.617628
0.606912
0.596586
0.586659
0.57714
0.56804
0.559366
0.551126
0.54333
0.535984
0.529096
0.522672
0.516718
0.511239
0.506243
0.501732
0.497711
0.494185
0.491156
0.488627
0.486601
0.48508
0.484066
0.483558
0.991871
0.97562
0.959394
0.943208
0.927079
0.911023
0.895055
0.879193
0.863451
0.847845
0.832391
0.817104
0.801999
0.787092
0.772397
0.757929
0.743701
0.729729
0.716025
0.702604
0.689478
0.676661
0.664164
0.652001
0.640183
0.628721
0.617628
0.606912
0.596586
0.586659
0.577141
0.56804
0.559366
0.551126
0.54333
0.535984
0.529096
0.522672
0.516718
0.511239
0.506243
0.501732
0.497711
0.494185
0.491156
0.488627
0.486601
0.48508
0.484066
0.483558
0.991871
0.97562
0.959394
0.943208
0.927079
0.911023
0.895055
0.879193
0.863451
0.847845
0.832391
0.817104
0.801999
0.787092
0.772397
0.757929
0.743701
0.729729
0.716025
0.702604
0.689478
0.676661
0.664164
0.652001
0.640183
0.628721
0.617628
0.606912
0.596586
0.586659
0.577141
0.56804
0.559366
0.551126
0.54333
0.535984
0.529096
0.522672
0.516718
0.511239
0.506243
0.501732
0.497711
0.494185
0.491156
0.488627
0.486601
0.48508
0.484066
0.483558
0.991871
0.97562
0.959394
0.943208
0.927079
0.911023
0.895055
0.879193
0.863451
0.847845
0.832391
0.817104
0.801999
0.787092
0.772397
0.757929
0.743701
0.729729
0.716025
0.702604
0.689478
0.676661
0.664164
0.652001
0.640183
0.628721
0.617628
0.606913
0.596586
0.586659
0.577141
0.56804
0.559366
0.551126
0.54333
0.535984
0.529096
0.522672
0.516717
0.511239
0.506243
0.501732
0.497711
0.494185
0.491156
0.488627
0.486601
0.48508
0.484065
0.483558
0.991871
0.97562
0.959394
0.943208
0.927079
0.911023
0.895055
0.879193
0.863451
0.847845
0.832391
0.817104
0.801999
0.787092
0.772397
0.757929
0.743701
0.729729
0.716025
0.702604
0.689478
0.676661
0.664164
0.652001
0.640183
0.628721
0.617628
0.606913
0.596586
0.586659
0.577141
0.56804
0.559366
0.551126
0.54333
0.535984
0.529096
0.522671
0.516717
0.511239
0.506242
0.501732
0.497711
0.494184
0.491156
0.488627
0.486601
0.48508
0.484065
0.483558
0.991871
0.97562
0.959394
0.943208
0.927079
0.911023
0.895055
0.879193
0.863451
0.847845
0.832391
0.817104
0.801999
0.787092
0.772397
0.757929
0.743701
0.729729
0.716025
0.702604
0.689478
0.676661
0.664164
0.652001
0.640183
0.628721
0.617628
0.606913
0.596586
0.586659
0.577141
0.56804
0.559366
0.551126
0.54333
0.535984
0.529096
0.522671
0.516717
0.511239
0.506242
0.501731
0.497711
0.494184
0.491155
0.488627
0.486601
0.48508
0.484065
0.483558
0.991871
0.97562
0.959394
0.943208
0.927079
0.911023
0.895055
0.879193
0.863451
0.847845
0.832391
0.817104
0.801999
0.787092
0.772397
0.757929
0.743701
0.729729
0.716025
0.702604
0.689478
0.676661
0.664164
0.652001
0.640183
0.628721
0.617628
0.606913
0.596586
0.586659
0.577141
0.56804
0.559366
0.551126
0.54333
0.535984
0.529096
0.522671
0.516717
0.511239
0.506242
0.501731
0.497711
0.494184
0.491155
0.488627
0.486601
0.48508
0.484065
0.483558
0.991871
0.97562
0.959394
0.943208
0.927079
0.911023
0.895055
0.879193
0.863451
0.847845
0.832391
0.817104
0.802
0.787092
0.772397
0.757929
0.743701
0.729729
0.716025
0.702604
0.689478
0.676661
0.664164
0.652001
0.640183
0.628721
0.617628
0.606913
0.596586
0.586659
0.57714
0.56804
0.559366
0.551126
0.54333
0.535984
0.529096
0.522671
0.516717
0.511239
0.506242
0.501731
0.497711
0.494184
0.491155
0.488627
0.486601
0.48508
0.484065
0.483557
0.991871
0.97562
0.959394
0.943208
0.927079
0.911023
0.895055
0.879193
0.863451
0.847845
0.832391
0.817104
0.802
0.787092
0.772397
0.757929
0.743701
0.729729
0.716025
0.702604
0.689478
0.676661
0.664164
0.652001
0.640183
0.628721
0.617628
0.606913
0.596586
0.586659
0.57714
0.56804
0.559365
0.551126
0.54333
0.535984
0.529096
0.522671
0.516717
0.511239
0.506242
0.501731
0.497711
0.494184
0.491155
0.488627
0.486601
0.48508
0.484065
0.483557
0.991871
0.97562
0.959394
0.943208
0.927079
0.911023
0.895055
0.879193
0.863451
0.847845
0.832391
0.817104
0.802
0.787092
0.772397
0.757929
0.743701
0.729729
0.716025
0.702604
0.689478
0.676661
0.664164
0.652001
0.640183
0.628721
0.617628
0.606913
0.596586
0.586659
0.57714
0.56804
0.559365
0.551126
0.54333
0.535984
0.529095
0.522671
0.516717
0.511239
0.506242
0.501731
0.49771
0.494184
0.491155
0.488626
0.486601
0.48508
0.484065
0.483557
0.991871
0.97562
0.959394
0.943208
0.927079
0.911023
0.895055
0.879193
0.863451
0.847845
0.832391
0.817104
0.802
0.787092
0.772397
0.757929
0.743701
0.729729
0.716025
0.702604
0.689478
0.676661
0.664164
0.652001
0.640183
0.628721
0.617628
0.606913
0.596586
0.586659
0.57714
0.56804
0.559365
0.551126
0.54333
0.535984
0.529095
0.522671
0.516717
0.511239
0.506242
0.501731
0.49771
0.494184
0.491155
0.488626
0.4866
0.485079
0.484065
0.483557
0.991871
0.97562
0.959394
0.943208
0.927079
0.911023
0.895055
0.879193
0.863451
0.847845
0.832391
0.817104
0.802
0.787092
0.772397
0.757929
0.743701
0.729729
0.716025
0.702604
0.689478
0.676661
0.664164
0.652001
0.640183
0.628722
0.617628
0.606913
0.596586
0.586659
0.57714
0.56804
0.559365
0.551126
0.54333
0.535984
0.529095
0.522671
0.516717
0.511239
0.506242
0.501731
0.49771
0.494184
0.491155
0.488626
0.4866
0.485079
0.484064
0.483557
0.991871
0.97562
0.959394
0.943208
0.927079
0.911023
0.895055
0.879193
0.863451
0.847845
0.832391
0.817104
0.802
0.787092
0.772397
0.757929
0.743701
0.729729
0.716025
0.702604
0.689478
0.676661
0.664165
0.652001
0.640183
0.628722
0.617628
0.606913
0.596586
0.586659
0.57714
0.56804
0.559365
0.551126
0.54333
0.535984
0.529095
0.522671
0.516717
0.511239
0.506242
0.501731
0.49771
0.494183
0.491154
0.488626
0.4866
0.485079
0.484064
0.483557
0.991871
0.97562
0.959394
0.943208
0.927079
0.911023
0.895055
0.879193
0.863451
0.847845
0.832391
0.817104
0.802
0.787092
0.772397
0.757929
0.743702
0.729729
0.716025
0.702604
0.689478
0.676661
0.664165
0.652001
0.640183
0.628722
0.617628
0.606912
0.596586
0.586659
0.57714
0.568039
0.559365
0.551126
0.54333
0.535984
0.529095
0.522671
0.516717
0.511238
0.506241
0.50173
0.49771
0.494183
0.491154
0.488626
0.4866
0.485079
0.484064
0.483557
0.991871
0.97562
0.959394
0.943208
0.927079
0.911023
0.895055
0.879193
0.863451
0.847845
0.832391
0.817104
0.802
0.787092
0.772397
0.757929
0.743702
0.729729
0.716026
0.702604
0.689478
0.676661
0.664165
0.652001
0.640183
0.628722
0.617628
0.606912
0.596586
0.586659
0.57714
0.568039
0.559365
0.551126
0.543329
0.535984
0.529095
0.522671
0.516716
0.511238
0.506241
0.50173
0.49771
0.494183
0.491154
0.488626
0.4866
0.485079
0.484064
0.483556
0.991871
0.97562
0.959394
0.943208
0.927079
0.911023
0.895055
0.879193
0.863451
0.847845
0.832391
0.817104
0.802
0.787093
0.772397
0.757929
0.743702
0.729729
0.716026
0.702604
0.689478
0.676661
0.664165
0.652001
0.640183
0.628722
0.617628
0.606912
0.596586
0.586659
0.57714
0.568039
0.559365
0.551126
0.543329
0.535983
0.529095
0.52267
0.516716
0.511238
0.506241
0.50173
0.49771
0.494183
0.491154
0.488625
0.4866
0.485079
0.484064
0.483556
0.991871
0.97562
0.959394
0.943208
0.927079
0.911023
0.895055
0.879193
0.863451
0.847845
0.832391
0.817104
0.802
0.787093
0.772397
0.757929
0.743702
0.729729
0.716026
0.702604
0.689478
0.676661
0.664165
0.652001
0.640183
0.628722
0.617628
0.606912
0.596586
0.586659
0.57714
0.568039
0.559365
0.551126
0.543329
0.535983
0.529095
0.52267
0.516716
0.511238
0.506241
0.50173
0.497709
0.494183
0.491154
0.488625
0.4866
0.485079
0.484064
0.483556
0.991871
0.97562
0.959394
0.943208
0.927079
0.911023
0.895055
0.879193
0.863451
0.847845
0.832391
0.817104
0.802
0.787093
0.772398
0.757929
0.743702
0.729729
0.716026
0.702604
0.689479
0.676661
0.664165
0.652001
0.640183
0.628722
0.617628
0.606912
0.596586
0.586659
0.57714
0.568039
0.559365
0.551126
0.543329
0.535983
0.529095
0.52267
0.516716
0.511238
0.506241
0.50173
0.497709
0.494183
0.491154
0.488625
0.486599
0.485078
0.484064
0.483556
0.991871
0.97562
0.959394
0.943208
0.927079
0.911023
0.895056
0.879193
0.863451
0.847845
0.832391
0.817104
0.802
0.787093
0.772398
0.757929
0.743702
0.729729
0.716026
0.702604
0.689479
0.676661
0.664165
0.652001
0.640183
0.628722
0.617628
0.606912
0.596586
0.586659
0.57714
0.568039
0.559365
0.551126
0.543329
0.535983
0.529095
0.52267
0.516716
0.511238
0.506241
0.50173
0.497709
0.494183
0.491154
0.488625
0.486599
0.485078
0.484064
0.483556
0.991871
0.97562
0.959394
0.943208
0.927079
0.911023
0.895056
0.879193
0.863451
0.847845
0.832391
0.817104
0.802
0.787093
0.772398
0.757929
0.743702
0.729729
0.716026
0.702604
0.689479
0.676661
0.664165
0.652001
0.640183
0.628722
0.617628
0.606912
0.596586
0.586659
0.57714
0.568039
0.559365
0.551126
0.543329
0.535983
0.529095
0.52267
0.516716
0.511238
0.506241
0.50173
0.497709
0.494183
0.491154
0.488625
0.486599
0.485078
0.484063
0.483556
0.991871
0.97562
0.959394
0.943208
0.927079
0.911023
0.895056
0.879193
0.863451
0.847845
0.832391
0.817104
0.802
0.787093
0.772398
0.757929
0.743702
0.729729
0.716026
0.702604
0.689479
0.676661
0.664165
0.652001
0.640183
0.628722
0.617628
0.606912
0.596586
0.586659
0.57714
0.568039
0.559365
0.551125
0.543329
0.535983
0.529095
0.52267
0.516716
0.511238
0.506241
0.50173
0.497709
0.494183
0.491154
0.488625
0.486599
0.485078
0.484063
0.483556
0.991871
0.97562
0.959394
0.943208
0.927079
0.911023
0.895056
0.879193
0.863451
0.847845
0.832391
0.817104
0.802
0.787093
0.772398
0.757929
0.743702
0.729729
0.716026
0.702604
0.689479
0.676661
0.664165
0.652001
0.640183
0.628722
0.617628
0.606912
0.596586
0.586659
0.57714
0.568039
0.559365
0.551125
0.543329
0.535983
0.529094
0.52267
0.516716
0.511238
0.506241
0.50173
0.497709
0.494182
0.491154
0.488625
0.486599
0.485078
0.484063
0.483556
0.991871
0.97562
0.959394
0.943208
0.927079
0.911023
0.895056
0.879193
0.863451
0.847845
0.832391
0.817104
0.802
0.787093
0.772398
0.757929
0.743702
0.729729
0.716026
0.702605
0.689479
0.676661
0.664165
0.652001
0.640183
0.628722
0.617628
0.606912
0.596586
0.586659
0.57714
0.568039
0.559365
0.551125
0.543329
0.535983
0.529094
0.52267
0.516716
0.511238
0.506241
0.50173
0.497709
0.494182
0.491153
0.488625
0.486599
0.485078
0.484063
0.483556
0.991871
0.97562
0.959394
0.943208
0.927079
0.911023
0.895056
0.879193
0.863451
0.847845
0.832391
0.817104
0.802
0.787093
0.772398
0.757929
0.743702
0.729729
0.716026
0.702605
0.689479
0.676661
0.664165
0.652001
0.640183
0.628722
0.617628
0.606912
0.596586
0.586659
0.57714
0.568039
0.559365
0.551125
0.543329
0.535983
0.529094
0.52267
0.516716
0.511238
0.506241
0.50173
0.497709
0.494182
0.491153
0.488625
0.486599
0.485078
0.484063
0.483556
0.991871
0.97562
0.959394
0.943208
0.927079
0.911023
0.895056
0.879193
0.863451
0.847845
0.832391
0.817105
0.802
0.787093
0.772398
0.757929
0.743702
0.72973
0.716026
0.702605
0.689479
0.676661
0.664165
0.652001
0.640183
0.628722
0.617628
0.606912
0.596586
0.586659
0.57714
0.568039
0.559365
0.551125
0.543329
0.535983
0.529094
0.52267
0.516716
0.511238
0.506241
0.50173
0.497709
0.494182
0.491153
0.488625
0.486599
0.485078
0.484063
0.483556
)
;

boundaryField
{
    inlet
    {
        type            fixedValue;
        value           uniform 1;
    }
    outlet
    {
        type            zeroGradient;
    }
    lowerWall
    {
        type            zeroGradient;
    }
    upperWall
    {
        type            zeroGradient;
    }
    frontAndBack
    {
        type            empty;
    }
}


// ************************************************************************* //
