/*--------------------------------*- C++ -*----------------------------------*\
  =========                 |
  \\      /  F ield         | OpenFOAM: The Open Source CFD Toolbox
   \\    /   O peration     | Website:  https://openfoam.org
    \\  /    A nd           | Version:  12
     \\/     M anipulation  |
\*---------------------------------------------------------------------------*/
FoamFile
{
    format      ascii;
    class       volScalarField;
    location    "53";
    object      T;
}
// * * * * * * * * * * * * * * * * * * * * * * * * * * * * * * * * * * * * * //

dimensions      [0 0 0 1 0 0 0];

internalField   nonuniform List<scalar> 
1250
(
0.994503
0.983516
0.972544
0.9616
0.950693
0.939835
0.929037
0.918309
0.907661
0.897105
0.886651
0.876308
0.866087
0.855999
0.846053
0.836259
0.826627
0.817166
0.807886
0.798795
0.789903
0.781218
0.77275
0.764506
0.756494
0.748723
0.7412
0.733932
0.726927
0.720191
0.713732
0.707555
0.701667
0.696073
0.690779
0.68579
0.681111
0.676747
0.672702
0.668979
0.665584
0.662518
0.659785
0.657388
0.655329
0.65361
0.652233
0.651199
0.650509
0.650164
0.994503
0.983516
0.972544
0.9616
0.950693
0.939835
0.929037
0.918309
0.907661
0.897105
0.886651
0.876308
0.866087
0.855999
0.846053
0.836259
0.826627
0.817166
0.807886
0.798795
0.789903
0.781218
0.77275
0.764506
0.756494
0.748723
0.7412
0.733932
0.726927
0.720191
0.713732
0.707555
0.701667
0.696073
0.690779
0.68579
0.681111
0.676747
0.672702
0.668979
0.665584
0.662518
0.659785
0.657388
0.655329
0.65361
0.652233
0.651199
0.650509
0.650163
0.994503
0.983516
0.972544
0.9616
0.950693
0.939835
0.929037
0.918309
0.907661
0.897105
0.88665
0.876308
0.866087
0.855999
0.846053
0.836259
0.826627
0.817166
0.807886
0.798795
0.789903
0.781218
0.77275
0.764506
0.756494
0.748723
0.7412
0.733932
0.726927
0.720191
0.713732
0.707555
0.701667
0.696073
0.690779
0.68579
0.681111
0.676747
0.672701
0.668979
0.665584
0.662518
0.659785
0.657388
0.655329
0.65361
0.652233
0.651199
0.650509
0.650163
0.994503
0.983516
0.972544
0.9616
0.950693
0.939835
0.929037
0.918309
0.907661
0.897105
0.88665
0.876308
0.866087
0.855999
0.846053
0.836259
0.826627
0.817166
0.807886
0.798795
0.789903
0.781218
0.77275
0.764506
0.756494
0.748723
0.7412
0.733932
0.726927
0.720191
0.713732
0.707555
0.701667
0.696073
0.690779
0.68579
0.681111
0.676747
0.672701
0.668979
0.665583
0.662518
0.659785
0.657388
0.655329
0.65361
0.652233
0.651199
0.650508
0.650163
0.994503
0.983516
0.972544
0.9616
0.950693
0.939835
0.929037
0.918309
0.907661
0.897105
0.88665
0.876308
0.866087
0.855999
0.846053
0.836259
0.826627
0.817166
0.807886
0.798795
0.789903
0.781218
0.77275
0.764506
0.756494
0.748723
0.7412
0.733932
0.726927
0.720191
0.713732
0.707555
0.701667
0.696073
0.690779
0.68579
0.681111
0.676747
0.672701
0.668979
0.665583
0.662518
0.659785
0.657388
0.655329
0.65361
0.652233
0.651198
0.650508
0.650163
0.994503
0.983516
0.972544
0.9616
0.950693
0.939835
0.929037
0.918309
0.907661
0.897105
0.88665
0.876308
0.866087
0.855999
0.846053
0.836259
0.826627
0.817166
0.807886
0.798795
0.789903
0.781218
0.77275
0.764506
0.756494
0.748723
0.7412
0.733932
0.726927
0.720191
0.713732
0.707555
0.701667
0.696073
0.690779
0.68579
0.681111
0.676747
0.672701
0.668979
0.665583
0.662518
0.659785
0.657388
0.655329
0.65361
0.652232
0.651198
0.650508
0.650163
0.994503
0.983516
0.972544
0.9616
0.950693
0.939835
0.929037
0.918309
0.907661
0.897105
0.88665
0.876308
0.866087
0.855999
0.846053
0.836259
0.826627
0.817166
0.807886
0.798795
0.789903
0.781218
0.77275
0.764506
0.756494
0.748723
0.7412
0.733932
0.726927
0.720191
0.713732
0.707555
0.701667
0.696073
0.690779
0.68579
0.681111
0.676747
0.672701
0.668979
0.665583
0.662518
0.659785
0.657388
0.655329
0.65361
0.652232
0.651198
0.650508
0.650163
0.994503
0.983516
0.972544
0.9616
0.950693
0.939835
0.929037
0.918309
0.907661
0.897105
0.88665
0.876308
0.866087
0.855999
0.846053
0.836259
0.826627
0.817166
0.807886
0.798795
0.789903
0.781218
0.77275
0.764506
0.756494
0.748723
0.7412
0.733932
0.726927
0.720191
0.713732
0.707555
0.701666
0.696073
0.690779
0.68579
0.681111
0.676747
0.672701
0.668979
0.665583
0.662517
0.659785
0.657388
0.655329
0.65361
0.652232
0.651198
0.650508
0.650163
0.994503
0.983516
0.972544
0.9616
0.950693
0.939835
0.929037
0.918309
0.907661
0.897105
0.88665
0.876308
0.866087
0.855999
0.846053
0.836259
0.826627
0.817166
0.807886
0.798795
0.789903
0.781218
0.77275
0.764506
0.756494
0.748723
0.7412
0.733932
0.726927
0.720191
0.713732
0.707555
0.701666
0.696073
0.690778
0.68579
0.681111
0.676746
0.672701
0.668979
0.665583
0.662517
0.659785
0.657387
0.655328
0.653609
0.652232
0.651198
0.650508
0.650163
0.994503
0.983516
0.972544
0.9616
0.950693
0.939835
0.929037
0.918309
0.907661
0.897105
0.886651
0.876308
0.866087
0.855999
0.846053
0.836259
0.826627
0.817166
0.807886
0.798795
0.789903
0.781218
0.77275
0.764506
0.756494
0.748723
0.7412
0.733932
0.726927
0.720191
0.713732
0.707555
0.701666
0.696072
0.690778
0.685789
0.681111
0.676746
0.672701
0.668979
0.665583
0.662517
0.659784
0.657387
0.655328
0.653609
0.652232
0.651198
0.650508
0.650163
0.994503
0.983516
0.972544
0.9616
0.950693
0.939835
0.929037
0.918309
0.907661
0.897105
0.886651
0.876308
0.866087
0.855999
0.846053
0.836259
0.826627
0.817166
0.807886
0.798795
0.789903
0.781218
0.77275
0.764506
0.756494
0.748723
0.7412
0.733932
0.726927
0.720191
0.713732
0.707555
0.701666
0.696072
0.690778
0.685789
0.681111
0.676746
0.672701
0.668979
0.665583
0.662517
0.659784
0.657387
0.655328
0.653609
0.652232
0.651198
0.650508
0.650163
0.994503
0.983516
0.972544
0.9616
0.950693
0.939835
0.929037
0.918309
0.907661
0.897105
0.886651
0.876308
0.866087
0.855999
0.846053
0.836259
0.826627
0.817166
0.807886
0.798795
0.789903
0.781218
0.77275
0.764506
0.756494
0.748723
0.7412
0.733932
0.726927
0.720191
0.713732
0.707555
0.701666
0.696072
0.690778
0.685789
0.68111
0.676746
0.672701
0.668979
0.665583
0.662517
0.659784
0.657387
0.655328
0.653609
0.652232
0.651198
0.650508
0.650163
0.994503
0.983516
0.972544
0.9616
0.950693
0.939835
0.929037
0.918309
0.907661
0.897105
0.886651
0.876308
0.866087
0.855999
0.846053
0.836259
0.826627
0.817166
0.807886
0.798795
0.789903
0.781218
0.77275
0.764506
0.756494
0.748723
0.7412
0.733932
0.726927
0.720191
0.713732
0.707555
0.701666
0.696072
0.690778
0.685789
0.68111
0.676746
0.672701
0.668978
0.665583
0.662517
0.659784
0.657387
0.655328
0.653609
0.652232
0.651198
0.650508
0.650162
0.994503
0.983516
0.972544
0.9616
0.950693
0.939835
0.929037
0.918309
0.907661
0.897105
0.886651
0.876308
0.866087
0.855999
0.846053
0.836259
0.826627
0.817166
0.807886
0.798795
0.789903
0.781218
0.77275
0.764506
0.756494
0.748723
0.7412
0.733932
0.726927
0.720191
0.713732
0.707555
0.701666
0.696072
0.690778
0.685789
0.68111
0.676746
0.672701
0.668978
0.665583
0.662517
0.659784
0.657387
0.655328
0.653609
0.652232
0.651197
0.650507
0.650162
0.994503
0.983516
0.972544
0.9616
0.950693
0.939835
0.929037
0.918309
0.907661
0.897105
0.886651
0.876308
0.866087
0.855999
0.846053
0.836259
0.826627
0.817166
0.807886
0.798795
0.789903
0.781218
0.77275
0.764506
0.756494
0.748723
0.7412
0.733932
0.726927
0.720191
0.713732
0.707555
0.701666
0.696072
0.690778
0.685789
0.68111
0.676746
0.672701
0.668978
0.665583
0.662517
0.659784
0.657387
0.655328
0.653609
0.652231
0.651197
0.650507
0.650162
0.994503
0.983516
0.972544
0.9616
0.950693
0.939836
0.929037
0.918309
0.907661
0.897105
0.886651
0.876308
0.866087
0.855999
0.846053
0.836259
0.826627
0.817166
0.807886
0.798795
0.789903
0.781218
0.77275
0.764506
0.756494
0.748723
0.7412
0.733932
0.726927
0.720191
0.713731
0.707554
0.701666
0.696072
0.690778
0.685789
0.68111
0.676746
0.672701
0.668978
0.665582
0.662517
0.659784
0.657387
0.655328
0.653609
0.652231
0.651197
0.650507
0.650162
0.994503
0.983516
0.972544
0.9616
0.950693
0.939836
0.929037
0.918309
0.907662
0.897105
0.886651
0.876308
0.866087
0.855999
0.846053
0.836259
0.826627
0.817166
0.807886
0.798795
0.789903
0.781218
0.77275
0.764506
0.756494
0.748723
0.7412
0.733932
0.726927
0.720191
0.713731
0.707554
0.701666
0.696072
0.690778
0.685789
0.68111
0.676746
0.6727
0.668978
0.665582
0.662517
0.659784
0.657387
0.655328
0.653609
0.652231
0.651197
0.650507
0.650162
0.994503
0.983516
0.972544
0.9616
0.950693
0.939836
0.929037
0.918309
0.907662
0.897105
0.886651
0.876308
0.866087
0.855999
0.846053
0.836259
0.826627
0.817166
0.807886
0.798795
0.789903
0.781218
0.77275
0.764506
0.756494
0.748723
0.7412
0.733932
0.726927
0.720191
0.713731
0.707554
0.701666
0.696072
0.690778
0.685789
0.68111
0.676746
0.6727
0.668978
0.665582
0.662516
0.659784
0.657387
0.655327
0.653608
0.652231
0.651197
0.650507
0.650162
0.994503
0.983516
0.972544
0.9616
0.950693
0.939836
0.929037
0.918309
0.907662
0.897105
0.886651
0.876308
0.866087
0.855999
0.846053
0.836259
0.826627
0.817166
0.807886
0.798795
0.789903
0.781218
0.77275
0.764506
0.756494
0.748723
0.7412
0.733932
0.726927
0.720191
0.713731
0.707554
0.701666
0.696072
0.690778
0.685789
0.68111
0.676746
0.6727
0.668978
0.665582
0.662516
0.659784
0.657386
0.655327
0.653608
0.652231
0.651197
0.650507
0.650162
0.994503
0.983516
0.972544
0.9616
0.950693
0.939836
0.929037
0.918309
0.907662
0.897105
0.886651
0.876308
0.866087
0.855999
0.846053
0.836259
0.826627
0.817166
0.807886
0.798795
0.789903
0.781219
0.77275
0.764506
0.756494
0.748723
0.7412
0.733932
0.726927
0.720191
0.713731
0.707554
0.701666
0.696072
0.690778
0.685789
0.68111
0.676746
0.6727
0.668978
0.665582
0.662516
0.659783
0.657386
0.655327
0.653608
0.652231
0.651197
0.650507
0.650162
0.994503
0.983516
0.972544
0.9616
0.950693
0.939836
0.929037
0.918309
0.907662
0.897105
0.886651
0.876308
0.866088
0.855999
0.846053
0.836259
0.826627
0.817166
0.807886
0.798795
0.789903
0.781219
0.77275
0.764506
0.756494
0.748723
0.7412
0.733932
0.726927
0.720191
0.713731
0.707554
0.701666
0.696072
0.690778
0.685789
0.68111
0.676745
0.6727
0.668978
0.665582
0.662516
0.659783
0.657386
0.655327
0.653608
0.652231
0.651197
0.650507
0.650162
0.994503
0.983516
0.972544
0.9616
0.950693
0.939836
0.929037
0.918309
0.907662
0.897105
0.886651
0.876308
0.866088
0.855999
0.846053
0.836259
0.826627
0.817166
0.807886
0.798795
0.789903
0.781219
0.77275
0.764506
0.756494
0.748723
0.7412
0.733932
0.726927
0.720191
0.713731
0.707554
0.701666
0.696072
0.690778
0.685789
0.68111
0.676745
0.6727
0.668978
0.665582
0.662516
0.659783
0.657386
0.655327
0.653608
0.652231
0.651197
0.650507
0.650162
0.994503
0.983516
0.972544
0.9616
0.950693
0.939836
0.929037
0.918309
0.907662
0.897105
0.886651
0.876308
0.866088
0.855999
0.846053
0.836259
0.826627
0.817166
0.807886
0.798795
0.789903
0.781219
0.77275
0.764506
0.756494
0.748723
0.7412
0.733932
0.726927
0.720191
0.713731
0.707554
0.701666
0.696072
0.690778
0.685789
0.68111
0.676745
0.6727
0.668978
0.665582
0.662516
0.659783
0.657386
0.655327
0.653608
0.652231
0.651197
0.650507
0.650162
0.994503
0.983516
0.972544
0.9616
0.950693
0.939836
0.929037
0.918309
0.907662
0.897105
0.886651
0.876308
0.866088
0.855999
0.846053
0.836259
0.826627
0.817166
0.807886
0.798795
0.789903
0.781219
0.77275
0.764506
0.756494
0.748723
0.7412
0.733932
0.726926
0.720191
0.713731
0.707554
0.701666
0.696072
0.690778
0.685789
0.68111
0.676745
0.6727
0.668978
0.665582
0.662516
0.659783
0.657386
0.655327
0.653608
0.652231
0.651197
0.650507
0.650162
0.994503
0.983516
0.972544
0.9616
0.950693
0.939836
0.929037
0.918309
0.907662
0.897105
0.886651
0.876308
0.866088
0.855999
0.846053
0.836259
0.826627
0.817166
0.807886
0.798795
0.789903
0.781219
0.77275
0.764506
0.756494
0.748723
0.7412
0.733932
0.726926
0.720191
0.713731
0.707554
0.701666
0.696072
0.690778
0.685789
0.68111
0.676745
0.6727
0.668978
0.665582
0.662516
0.659783
0.657386
0.655327
0.653608
0.652231
0.651197
0.650507
0.650162
)
;

boundaryField
{
    inlet
    {
        type            fixedValue;
        value           uniform 1;
    }
    outlet
    {
        type            zeroGradient;
    }
    lowerWall
    {
        type            zeroGradient;
    }
    upperWall
    {
        type            zeroGradient;
    }
    frontAndBack
    {
        type            empty;
    }
}


// ************************************************************************* //
