/*--------------------------------*- C++ -*----------------------------------*\
  =========                 |
  \\      /  F ield         | OpenFOAM: The Open Source CFD Toolbox
   \\    /   O peration     | Website:  https://openfoam.org
    \\  /    A nd           | Version:  12
     \\/     M anipulation  |
\*---------------------------------------------------------------------------*/
FoamFile
{
    format      ascii;
    class       volScalarField;
    location    "67";
    object      T;
}
// * * * * * * * * * * * * * * * * * * * * * * * * * * * * * * * * * * * * * //

dimensions      [0 0 0 1 0 0 0];

internalField   nonuniform List<scalar> 
1250
(
0.996093
0.988282
0.980483
0.972703
0.96495
0.957232
0.949556
0.94193
0.934361
0.926857
0.919425
0.912073
0.904807
0.897635
0.890565
0.883602
0.876755
0.870029
0.863431
0.856969
0.850647
0.844473
0.838452
0.832591
0.826895
0.82137
0.816021
0.810854
0.805874
0.801085
0.796492
0.7921
0.787914
0.783936
0.780172
0.776625
0.773298
0.770195
0.767319
0.764672
0.762257
0.760077
0.758134
0.75643
0.754966
0.753743
0.752764
0.752029
0.751538
0.751293
0.996093
0.988282
0.980483
0.972703
0.96495
0.957232
0.949556
0.94193
0.934361
0.926857
0.919425
0.912072
0.904807
0.897635
0.890565
0.883602
0.876755
0.870029
0.863431
0.856969
0.850647
0.844473
0.838452
0.832591
0.826895
0.82137
0.816021
0.810854
0.805874
0.801085
0.796492
0.7921
0.787914
0.783936
0.780172
0.776625
0.773298
0.770195
0.767319
0.764672
0.762257
0.760077
0.758134
0.75643
0.754966
0.753743
0.752764
0.752029
0.751538
0.751293
0.996093
0.988282
0.980483
0.972703
0.96495
0.957232
0.949556
0.94193
0.934361
0.926857
0.919425
0.912072
0.904807
0.897635
0.890565
0.883602
0.876755
0.870029
0.863431
0.856969
0.850647
0.844473
0.838452
0.832591
0.826895
0.82137
0.816021
0.810854
0.805874
0.801085
0.796492
0.7921
0.787914
0.783936
0.780172
0.776625
0.773298
0.770195
0.767319
0.764672
0.762257
0.760077
0.758134
0.75643
0.754966
0.753743
0.752764
0.752029
0.751538
0.751292
0.996093
0.988282
0.980483
0.972703
0.96495
0.957232
0.949556
0.94193
0.934361
0.926857
0.919425
0.912072
0.904807
0.897635
0.890565
0.883602
0.876755
0.870029
0.863431
0.856969
0.850647
0.844473
0.838452
0.832591
0.826895
0.82137
0.816021
0.810854
0.805874
0.801085
0.796492
0.7921
0.787914
0.783936
0.780172
0.776625
0.773298
0.770195
0.767318
0.764672
0.762257
0.760077
0.758134
0.75643
0.754965
0.753743
0.752764
0.752029
0.751538
0.751292
0.996093
0.988282
0.980483
0.972703
0.96495
0.957232
0.949556
0.94193
0.934361
0.926857
0.919425
0.912072
0.904807
0.897635
0.890565
0.883602
0.876755
0.870029
0.863431
0.856969
0.850647
0.844473
0.838452
0.832591
0.826895
0.82137
0.816021
0.810854
0.805874
0.801085
0.796492
0.7921
0.787914
0.783936
0.780172
0.776625
0.773298
0.770195
0.767318
0.764672
0.762257
0.760077
0.758134
0.75643
0.754965
0.753743
0.752764
0.752028
0.751538
0.751292
0.996093
0.988282
0.980483
0.972703
0.96495
0.957232
0.949556
0.94193
0.934361
0.926857
0.919425
0.912072
0.904807
0.897635
0.890565
0.883602
0.876755
0.870029
0.863431
0.856969
0.850647
0.844473
0.838452
0.832591
0.826895
0.82137
0.816021
0.810854
0.805874
0.801085
0.796492
0.7921
0.787914
0.783936
0.780172
0.776625
0.773298
0.770195
0.767318
0.764672
0.762257
0.760077
0.758134
0.75643
0.754965
0.753743
0.752764
0.752028
0.751538
0.751292
0.996093
0.988282
0.980483
0.972703
0.96495
0.957232
0.949556
0.94193
0.934361
0.926857
0.919425
0.912072
0.904807
0.897635
0.890565
0.883602
0.876755
0.870029
0.863431
0.856969
0.850647
0.844473
0.838452
0.832591
0.826895
0.82137
0.816021
0.810854
0.805874
0.801085
0.796492
0.7921
0.787914
0.783936
0.780172
0.776625
0.773298
0.770195
0.767318
0.764672
0.762257
0.760077
0.758134
0.756429
0.754965
0.753743
0.752764
0.752028
0.751538
0.751292
0.996093
0.988282
0.980483
0.972703
0.96495
0.957232
0.949556
0.94193
0.934361
0.926857
0.919425
0.912072
0.904807
0.897635
0.890565
0.883602
0.876755
0.870029
0.863431
0.856969
0.850647
0.844473
0.838452
0.832591
0.826895
0.82137
0.816021
0.810854
0.805874
0.801085
0.796492
0.7921
0.787914
0.783936
0.780172
0.776625
0.773298
0.770195
0.767318
0.764672
0.762257
0.760077
0.758134
0.756429
0.754965
0.753743
0.752764
0.752028
0.751538
0.751292
0.996093
0.988282
0.980483
0.972703
0.96495
0.957232
0.949556
0.94193
0.934361
0.926857
0.919425
0.912072
0.904807
0.897635
0.890565
0.883602
0.876755
0.870029
0.863431
0.856969
0.850647
0.844473
0.838452
0.832591
0.826895
0.82137
0.816021
0.810854
0.805874
0.801085
0.796492
0.7921
0.787914
0.783936
0.780172
0.776625
0.773298
0.770195
0.767318
0.764672
0.762257
0.760077
0.758134
0.756429
0.754965
0.753743
0.752764
0.752028
0.751538
0.751292
0.996093
0.988282
0.980483
0.972703
0.96495
0.957232
0.949556
0.94193
0.934361
0.926857
0.919425
0.912072
0.904807
0.897635
0.890565
0.883602
0.876755
0.870029
0.863431
0.856969
0.850647
0.844473
0.838452
0.832591
0.826895
0.82137
0.816021
0.810854
0.805874
0.801085
0.796492
0.7921
0.787914
0.783936
0.780172
0.776625
0.773298
0.770195
0.767318
0.764671
0.762257
0.760077
0.758134
0.756429
0.754965
0.753743
0.752763
0.752028
0.751537
0.751292
0.996093
0.988282
0.980483
0.972703
0.96495
0.957232
0.949556
0.94193
0.934361
0.926857
0.919425
0.912072
0.904807
0.897635
0.890565
0.883602
0.876755
0.870029
0.863431
0.856969
0.850647
0.844473
0.838452
0.832591
0.826895
0.82137
0.816021
0.810854
0.805874
0.801085
0.796492
0.7921
0.787913
0.783936
0.780172
0.776625
0.773298
0.770195
0.767318
0.764671
0.762257
0.760077
0.758134
0.756429
0.754965
0.753743
0.752763
0.752028
0.751537
0.751292
0.996093
0.988282
0.980483
0.972703
0.96495
0.957232
0.949556
0.94193
0.934361
0.926857
0.919425
0.912073
0.904807
0.897635
0.890565
0.883602
0.876755
0.870029
0.863431
0.856969
0.850647
0.844473
0.838452
0.832591
0.826895
0.82137
0.816021
0.810854
0.805874
0.801085
0.796492
0.7921
0.787913
0.783936
0.780172
0.776625
0.773298
0.770194
0.767318
0.764671
0.762257
0.760077
0.758134
0.756429
0.754965
0.753743
0.752763
0.752028
0.751537
0.751292
0.996093
0.988282
0.980483
0.972703
0.96495
0.957232
0.949556
0.94193
0.934361
0.926857
0.919425
0.912073
0.904807
0.897635
0.890565
0.883602
0.876755
0.870029
0.863431
0.856969
0.850647
0.844473
0.838452
0.832591
0.826895
0.82137
0.816021
0.810854
0.805874
0.801085
0.796492
0.7921
0.787913
0.783936
0.780172
0.776624
0.773298
0.770194
0.767318
0.764671
0.762257
0.760077
0.758134
0.756429
0.754965
0.753743
0.752763
0.752028
0.751537
0.751292
0.996093
0.988282
0.980483
0.972703
0.96495
0.957232
0.949556
0.94193
0.934361
0.926857
0.919425
0.912073
0.904807
0.897635
0.890565
0.883602
0.876755
0.870029
0.863431
0.856969
0.850647
0.844473
0.838452
0.832591
0.826895
0.82137
0.816021
0.810854
0.805874
0.801085
0.796492
0.7921
0.787913
0.783936
0.780172
0.776624
0.773298
0.770194
0.767318
0.764671
0.762257
0.760077
0.758133
0.756429
0.754965
0.753742
0.752763
0.752028
0.751537
0.751292
0.996093
0.988282
0.980483
0.972703
0.96495
0.957232
0.949556
0.94193
0.934361
0.926857
0.919425
0.912073
0.904807
0.897635
0.890565
0.883602
0.876755
0.870029
0.863431
0.856969
0.850647
0.844473
0.838452
0.832591
0.826895
0.82137
0.816021
0.810854
0.805874
0.801085
0.796492
0.7921
0.787913
0.783936
0.780172
0.776624
0.773297
0.770194
0.767318
0.764671
0.762257
0.760077
0.758133
0.756429
0.754965
0.753742
0.752763
0.752028
0.751537
0.751292
0.996093
0.988282
0.980483
0.972703
0.96495
0.957232
0.949556
0.94193
0.934361
0.926857
0.919425
0.912073
0.904807
0.897635
0.890565
0.883602
0.876755
0.870029
0.863431
0.856969
0.850647
0.844473
0.838452
0.832591
0.826895
0.82137
0.816021
0.810854
0.805874
0.801085
0.796492
0.7921
0.787913
0.783936
0.780172
0.776624
0.773297
0.770194
0.767318
0.764671
0.762256
0.760076
0.758133
0.756429
0.754965
0.753742
0.752763
0.752028
0.751537
0.751292
0.996093
0.988282
0.980483
0.972703
0.96495
0.957232
0.949556
0.94193
0.934361
0.926857
0.919425
0.912073
0.904807
0.897635
0.890565
0.883603
0.876755
0.870029
0.863432
0.856969
0.850647
0.844473
0.838452
0.832591
0.826895
0.82137
0.816021
0.810854
0.805874
0.801085
0.796492
0.7921
0.787913
0.783936
0.780172
0.776624
0.773297
0.770194
0.767318
0.764671
0.762256
0.760076
0.758133
0.756429
0.754965
0.753742
0.752763
0.752028
0.751537
0.751291
0.996093
0.988282
0.980483
0.972703
0.96495
0.957232
0.949556
0.94193
0.934361
0.926857
0.919425
0.912073
0.904807
0.897635
0.890565
0.883603
0.876755
0.870029
0.863432
0.856969
0.850647
0.844473
0.838452
0.832591
0.826895
0.82137
0.816021
0.810854
0.805874
0.801085
0.796492
0.7921
0.787913
0.783936
0.780172
0.776624
0.773297
0.770194
0.767318
0.764671
0.762256
0.760076
0.758133
0.756429
0.754964
0.753742
0.752763
0.752027
0.751537
0.751291
0.996093
0.988282
0.980483
0.972703
0.96495
0.957232
0.949556
0.94193
0.934361
0.926857
0.919425
0.912073
0.904807
0.897635
0.890565
0.883603
0.876755
0.870029
0.863432
0.856969
0.850647
0.844473
0.838452
0.832591
0.826895
0.82137
0.816021
0.810854
0.805874
0.801085
0.796492
0.7921
0.787913
0.783936
0.780171
0.776624
0.773297
0.770194
0.767318
0.764671
0.762256
0.760076
0.758133
0.756429
0.754964
0.753742
0.752763
0.752027
0.751537
0.751291
0.996093
0.988282
0.980483
0.972703
0.96495
0.957232
0.949556
0.94193
0.934361
0.926857
0.919425
0.912073
0.904807
0.897636
0.890565
0.883603
0.876755
0.870029
0.863432
0.856969
0.850647
0.844473
0.838452
0.832591
0.826895
0.82137
0.816021
0.810854
0.805874
0.801085
0.796492
0.7921
0.787913
0.783936
0.780171
0.776624
0.773297
0.770194
0.767318
0.764671
0.762256
0.760076
0.758133
0.756429
0.754964
0.753742
0.752763
0.752027
0.751537
0.751291
0.996093
0.988282
0.980483
0.972703
0.96495
0.957232
0.949556
0.94193
0.934361
0.926857
0.919425
0.912073
0.904807
0.897636
0.890565
0.883603
0.876755
0.870029
0.863432
0.856969
0.850647
0.844473
0.838452
0.832591
0.826895
0.82137
0.816021
0.810854
0.805874
0.801084
0.796492
0.7921
0.787913
0.783936
0.780171
0.776624
0.773297
0.770194
0.767318
0.764671
0.762256
0.760076
0.758133
0.756428
0.754964
0.753742
0.752763
0.752027
0.751537
0.751291
0.996093
0.988282
0.980483
0.972703
0.96495
0.957232
0.949556
0.94193
0.934361
0.926857
0.919425
0.912073
0.904807
0.897636
0.890565
0.883603
0.876755
0.870029
0.863432
0.856969
0.850647
0.844473
0.838452
0.832591
0.826895
0.82137
0.816021
0.810854
0.805873
0.801084
0.796492
0.7921
0.787913
0.783936
0.780171
0.776624
0.773297
0.770194
0.767318
0.764671
0.762256
0.760076
0.758133
0.756428
0.754964
0.753742
0.752763
0.752027
0.751537
0.751291
0.996093
0.988282
0.980483
0.972703
0.96495
0.957232
0.949556
0.94193
0.934361
0.926857
0.919425
0.912073
0.904807
0.897636
0.890565
0.883603
0.876755
0.870029
0.863432
0.856969
0.850647
0.844473
0.838452
0.832591
0.826895
0.82137
0.816021
0.810854
0.805873
0.801084
0.796492
0.7921
0.787913
0.783936
0.780171
0.776624
0.773297
0.770194
0.767318
0.764671
0.762256
0.760076
0.758133
0.756428
0.754964
0.753742
0.752763
0.752027
0.751537
0.751291
0.996093
0.988282
0.980483
0.972703
0.96495
0.957232
0.949556
0.94193
0.934361
0.926857
0.919425
0.912073
0.904807
0.897636
0.890565
0.883603
0.876755
0.870029
0.863432
0.856969
0.850647
0.844473
0.838452
0.832591
0.826895
0.82137
0.816021
0.810854
0.805873
0.801084
0.796492
0.7921
0.787913
0.783936
0.780171
0.776624
0.773297
0.770194
0.767317
0.764671
0.762256
0.760076
0.758133
0.756428
0.754964
0.753742
0.752763
0.752027
0.751537
0.751291
0.996093
0.988282
0.980483
0.972703
0.96495
0.957232
0.949556
0.94193
0.934361
0.926857
0.919425
0.912073
0.904807
0.897636
0.890565
0.883603
0.876755
0.870029
0.863432
0.856969
0.850647
0.844473
0.838452
0.832591
0.826895
0.82137
0.816021
0.810854
0.805873
0.801084
0.796492
0.7921
0.787913
0.783936
0.780171
0.776624
0.773297
0.770194
0.767317
0.764671
0.762256
0.760076
0.758133
0.756428
0.754964
0.753742
0.752763
0.752027
0.751537
0.751291
)
;

boundaryField
{
    inlet
    {
        type            fixedValue;
        value           uniform 1;
    }
    outlet
    {
        type            zeroGradient;
    }
    lowerWall
    {
        type            zeroGradient;
    }
    upperWall
    {
        type            zeroGradient;
    }
    frontAndBack
    {
        type            empty;
    }
}


// ************************************************************************* //
