/*--------------------------------*- C++ -*----------------------------------*\
  =========                 |
  \\      /  F ield         | OpenFOAM: The Open Source CFD Toolbox
   \\    /   O peration     | Website:  https://openfoam.org
    \\  /    A nd           | Version:  12
     \\/     M anipulation  |
\*---------------------------------------------------------------------------*/
FoamFile
{
    format      ascii;
    class       volScalarField;
    location    "51";
    object      T;
}
// * * * * * * * * * * * * * * * * * * * * * * * * * * * * * * * * * * * * * //

dimensions      [0 0 0 1 0 0 0];

internalField   nonuniform List<scalar> 
1250
(
0.994229
0.982691
0.971172
0.95968
0.948228
0.936828
0.92549
0.914225
0.903046
0.891962
0.880985
0.870125
0.859394
0.848802
0.838359
0.828075
0.817962
0.808028
0.798285
0.78874
0.779404
0.770286
0.761394
0.752739
0.744327
0.736168
0.728269
0.720639
0.713284
0.706212
0.699431
0.692946
0.686764
0.680891
0.675333
0.670095
0.665183
0.660601
0.656354
0.652446
0.648881
0.645663
0.642794
0.640277
0.638116
0.636311
0.634865
0.633779
0.633055
0.632693
0.994229
0.982691
0.971171
0.95968
0.948228
0.936828
0.92549
0.914225
0.903046
0.891962
0.880985
0.870125
0.859394
0.848802
0.838359
0.828075
0.817962
0.808028
0.798284
0.78874
0.779404
0.770286
0.761394
0.752739
0.744327
0.736168
0.728269
0.720639
0.713284
0.706212
0.699431
0.692946
0.686764
0.680891
0.675333
0.670095
0.665183
0.660601
0.656354
0.652446
0.648881
0.645663
0.642794
0.640277
0.638116
0.636311
0.634865
0.633779
0.633055
0.632693
0.994229
0.982691
0.971171
0.95968
0.948228
0.936828
0.92549
0.914225
0.903046
0.891962
0.880985
0.870125
0.859394
0.848801
0.838359
0.828075
0.817962
0.808028
0.798284
0.78874
0.779404
0.770286
0.761394
0.752739
0.744327
0.736168
0.728269
0.720639
0.713284
0.706212
0.699431
0.692946
0.686764
0.680891
0.675333
0.670095
0.665183
0.660601
0.656354
0.652446
0.648881
0.645663
0.642794
0.640277
0.638116
0.636311
0.634865
0.633779
0.633055
0.632693
0.994229
0.982691
0.971171
0.95968
0.948228
0.936828
0.92549
0.914225
0.903046
0.891962
0.880985
0.870125
0.859394
0.848801
0.838359
0.828075
0.817962
0.808028
0.798284
0.78874
0.779404
0.770286
0.761394
0.752739
0.744327
0.736168
0.728269
0.720639
0.713284
0.706212
0.699431
0.692946
0.686764
0.680891
0.675333
0.670095
0.665183
0.660601
0.656354
0.652446
0.648881
0.645663
0.642794
0.640277
0.638116
0.636311
0.634865
0.633779
0.633055
0.632693
0.994229
0.982691
0.971171
0.95968
0.948228
0.936828
0.92549
0.914225
0.903046
0.891962
0.880985
0.870125
0.859394
0.848801
0.838359
0.828075
0.817962
0.808028
0.798284
0.78874
0.779404
0.770286
0.761394
0.752739
0.744327
0.736168
0.728269
0.720639
0.713284
0.706212
0.699431
0.692946
0.686764
0.680891
0.675333
0.670095
0.665183
0.660601
0.656354
0.652446
0.648881
0.645663
0.642794
0.640277
0.638116
0.636311
0.634865
0.633779
0.633055
0.632693
0.994229
0.982691
0.971171
0.95968
0.948228
0.936828
0.92549
0.914225
0.903046
0.891962
0.880985
0.870125
0.859394
0.848801
0.838359
0.828075
0.817962
0.808028
0.798284
0.78874
0.779404
0.770286
0.761394
0.752739
0.744327
0.736168
0.728269
0.720639
0.713284
0.706212
0.699431
0.692946
0.686764
0.680891
0.675333
0.670095
0.665183
0.660601
0.656354
0.652446
0.648881
0.645663
0.642794
0.640277
0.638115
0.636311
0.634865
0.633779
0.633055
0.632692
0.994229
0.982691
0.971171
0.95968
0.948228
0.936828
0.92549
0.914225
0.903046
0.891962
0.880985
0.870125
0.859394
0.848801
0.838359
0.828075
0.817962
0.808028
0.798284
0.78874
0.779404
0.770286
0.761394
0.752739
0.744327
0.736168
0.728269
0.720639
0.713284
0.706212
0.699431
0.692946
0.686764
0.680891
0.675333
0.670095
0.665183
0.660601
0.656354
0.652446
0.648881
0.645663
0.642794
0.640277
0.638115
0.636311
0.634865
0.633779
0.633055
0.632692
0.994229
0.982691
0.971171
0.95968
0.948228
0.936828
0.92549
0.914225
0.903046
0.891962
0.880985
0.870125
0.859394
0.848801
0.838359
0.828075
0.817962
0.808028
0.798284
0.78874
0.779404
0.770286
0.761394
0.752739
0.744327
0.736168
0.728269
0.720639
0.713284
0.706212
0.699431
0.692946
0.686764
0.680891
0.675333
0.670095
0.665183
0.660601
0.656354
0.652446
0.648881
0.645662
0.642794
0.640277
0.638115
0.636311
0.634865
0.633779
0.633055
0.632692
0.994229
0.982691
0.971171
0.95968
0.948228
0.936828
0.92549
0.914225
0.903046
0.891962
0.880985
0.870125
0.859394
0.848801
0.838359
0.828075
0.817962
0.808028
0.798284
0.78874
0.779404
0.770286
0.761394
0.752739
0.744327
0.736168
0.728269
0.720639
0.713284
0.706212
0.699431
0.692946
0.686764
0.680891
0.675333
0.670095
0.665183
0.660601
0.656354
0.652446
0.648881
0.645662
0.642793
0.640277
0.638115
0.63631
0.634865
0.633779
0.633055
0.632692
0.994229
0.982691
0.971171
0.95968
0.948228
0.936828
0.92549
0.914225
0.903046
0.891962
0.880985
0.870125
0.859394
0.848801
0.838359
0.828075
0.817962
0.808028
0.798284
0.78874
0.779404
0.770286
0.761394
0.752739
0.744327
0.736168
0.728269
0.720639
0.713284
0.706212
0.699431
0.692946
0.686763
0.680891
0.675332
0.670095
0.665183
0.660601
0.656354
0.652446
0.648881
0.645662
0.642793
0.640277
0.638115
0.63631
0.634864
0.633779
0.633054
0.632692
0.994229
0.982691
0.971171
0.95968
0.948228
0.936828
0.92549
0.914225
0.903046
0.891962
0.880985
0.870125
0.859394
0.848802
0.838359
0.828075
0.817962
0.808028
0.798284
0.78874
0.779404
0.770286
0.761394
0.752739
0.744327
0.736168
0.728269
0.720639
0.713284
0.706212
0.699431
0.692946
0.686763
0.68089
0.675332
0.670095
0.665182
0.660601
0.656354
0.652446
0.648881
0.645662
0.642793
0.640277
0.638115
0.63631
0.634864
0.633779
0.633054
0.632692
0.994229
0.982691
0.971172
0.95968
0.948228
0.936828
0.92549
0.914225
0.903046
0.891962
0.880985
0.870125
0.859394
0.848802
0.838359
0.828075
0.817962
0.808028
0.798285
0.78874
0.779404
0.770286
0.761394
0.752739
0.744327
0.736168
0.728269
0.720639
0.713284
0.706212
0.699431
0.692945
0.686763
0.68089
0.675332
0.670095
0.665182
0.660601
0.656354
0.652446
0.648881
0.645662
0.642793
0.640276
0.638115
0.63631
0.634864
0.633779
0.633054
0.632692
0.994229
0.982691
0.971172
0.95968
0.948228
0.936828
0.92549
0.914225
0.903046
0.891962
0.880985
0.870125
0.859394
0.848802
0.838359
0.828075
0.817962
0.808028
0.798285
0.78874
0.779404
0.770286
0.761394
0.752739
0.744327
0.736168
0.728269
0.720639
0.713284
0.706212
0.699431
0.692945
0.686763
0.68089
0.675332
0.670095
0.665182
0.6606
0.656353
0.652446
0.648881
0.645662
0.642793
0.640276
0.638115
0.63631
0.634864
0.633778
0.633054
0.632692
0.994229
0.982692
0.971172
0.95968
0.948228
0.936828
0.92549
0.914225
0.903046
0.891962
0.880985
0.870125
0.859394
0.848802
0.838359
0.828075
0.817962
0.808028
0.798285
0.78874
0.779404
0.770286
0.761394
0.752739
0.744327
0.736168
0.728269
0.720639
0.713284
0.706212
0.69943
0.692945
0.686763
0.68089
0.675332
0.670094
0.665182
0.6606
0.656353
0.652445
0.64888
0.645662
0.642793
0.640276
0.638115
0.63631
0.634864
0.633778
0.633054
0.632692
0.994229
0.982692
0.971172
0.95968
0.948228
0.936828
0.92549
0.914225
0.903046
0.891962
0.880985
0.870125
0.859394
0.848802
0.838359
0.828075
0.817962
0.808028
0.798285
0.78874
0.779404
0.770286
0.761394
0.752739
0.744327
0.736168
0.728269
0.720639
0.713284
0.706212
0.69943
0.692945
0.686763
0.68089
0.675332
0.670094
0.665182
0.6606
0.656353
0.652445
0.64888
0.645662
0.642793
0.640276
0.638114
0.63631
0.634864
0.633778
0.633054
0.632691
0.994229
0.982692
0.971172
0.95968
0.948228
0.936828
0.92549
0.914225
0.903046
0.891962
0.880985
0.870125
0.859394
0.848802
0.838359
0.828075
0.817962
0.808028
0.798285
0.78874
0.779404
0.770286
0.761394
0.752739
0.744327
0.736168
0.728269
0.720639
0.713284
0.706212
0.69943
0.692945
0.686763
0.68089
0.675332
0.670094
0.665182
0.6606
0.656353
0.652445
0.64888
0.645662
0.642793
0.640276
0.638114
0.63631
0.634864
0.633778
0.633054
0.632691
0.994229
0.982692
0.971172
0.95968
0.948228
0.936828
0.92549
0.914225
0.903046
0.891962
0.880985
0.870125
0.859394
0.848802
0.838359
0.828075
0.817962
0.808029
0.798285
0.78874
0.779404
0.770286
0.761394
0.752739
0.744327
0.736168
0.728269
0.720639
0.713284
0.706212
0.69943
0.692945
0.686763
0.68089
0.675332
0.670094
0.665182
0.6606
0.656353
0.652445
0.64888
0.645662
0.642793
0.640276
0.638114
0.63631
0.634864
0.633778
0.633054
0.632691
0.994229
0.982692
0.971172
0.95968
0.948228
0.936828
0.92549
0.914225
0.903046
0.891962
0.880985
0.870125
0.859394
0.848802
0.838359
0.828075
0.817962
0.808029
0.798285
0.78874
0.779404
0.770286
0.761394
0.752739
0.744327
0.736168
0.728269
0.720639
0.713284
0.706212
0.69943
0.692945
0.686763
0.68089
0.675332
0.670094
0.665182
0.6606
0.656353
0.652445
0.64888
0.645661
0.642792
0.640276
0.638114
0.636309
0.634864
0.633778
0.633054
0.632691
0.994229
0.982692
0.971172
0.95968
0.948228
0.936828
0.92549
0.914225
0.903046
0.891962
0.880985
0.870125
0.859394
0.848802
0.838359
0.828075
0.817962
0.808029
0.798285
0.78874
0.779404
0.770286
0.761394
0.752739
0.744327
0.736168
0.728269
0.720639
0.713284
0.706212
0.69943
0.692945
0.686763
0.68089
0.675332
0.670094
0.665182
0.6606
0.656353
0.652445
0.64888
0.645661
0.642792
0.640276
0.638114
0.636309
0.634863
0.633778
0.633053
0.632691
0.994229
0.982692
0.971172
0.95968
0.948228
0.936828
0.92549
0.914225
0.903046
0.891962
0.880985
0.870125
0.859394
0.848802
0.838359
0.828076
0.817962
0.808029
0.798285
0.78874
0.779404
0.770286
0.761394
0.752739
0.744327
0.736168
0.728269
0.720639
0.713284
0.706212
0.69943
0.692945
0.686763
0.68089
0.675332
0.670094
0.665182
0.6606
0.656353
0.652445
0.64888
0.645661
0.642792
0.640276
0.638114
0.636309
0.634863
0.633778
0.633053
0.632691
0.994229
0.982692
0.971172
0.95968
0.948228
0.936828
0.92549
0.914225
0.903046
0.891962
0.880985
0.870125
0.859394
0.848802
0.838359
0.828076
0.817962
0.808029
0.798285
0.78874
0.779404
0.770286
0.761394
0.752739
0.744327
0.736168
0.728269
0.720639
0.713284
0.706212
0.69943
0.692945
0.686763
0.68089
0.675332
0.670094
0.665182
0.6606
0.656353
0.652445
0.64888
0.645661
0.642792
0.640276
0.638114
0.636309
0.634863
0.633778
0.633053
0.632691
0.994229
0.982692
0.971172
0.95968
0.948228
0.936828
0.92549
0.914225
0.903046
0.891962
0.880985
0.870125
0.859394
0.848802
0.838359
0.828076
0.817962
0.808029
0.798285
0.78874
0.779404
0.770286
0.761394
0.752739
0.744327
0.736168
0.728269
0.720639
0.713284
0.706212
0.69943
0.692945
0.686763
0.68089
0.675332
0.670094
0.665182
0.6606
0.656353
0.652445
0.64888
0.645661
0.642792
0.640276
0.638114
0.636309
0.634863
0.633778
0.633053
0.632691
0.994229
0.982692
0.971172
0.95968
0.948228
0.936828
0.92549
0.914225
0.903046
0.891962
0.880985
0.870125
0.859394
0.848802
0.838359
0.828076
0.817962
0.808029
0.798285
0.78874
0.779404
0.770286
0.761394
0.752739
0.744327
0.736168
0.728269
0.720638
0.713284
0.706212
0.69943
0.692945
0.686763
0.68089
0.675332
0.670094
0.665182
0.6606
0.656353
0.652445
0.64888
0.645661
0.642792
0.640276
0.638114
0.636309
0.634863
0.633778
0.633053
0.632691
0.994229
0.982692
0.971172
0.95968
0.948228
0.936828
0.92549
0.914225
0.903046
0.891962
0.880985
0.870125
0.859394
0.848802
0.838359
0.828076
0.817962
0.808029
0.798285
0.78874
0.779404
0.770286
0.761394
0.752739
0.744327
0.736168
0.728269
0.720638
0.713284
0.706212
0.69943
0.692945
0.686763
0.68089
0.675332
0.670094
0.665182
0.6606
0.656353
0.652445
0.64888
0.645661
0.642792
0.640275
0.638114
0.636309
0.634863
0.633778
0.633053
0.632691
0.994229
0.982692
0.971172
0.95968
0.948228
0.936828
0.92549
0.914225
0.903046
0.891962
0.880985
0.870125
0.859394
0.848802
0.838359
0.828076
0.817962
0.808029
0.798285
0.78874
0.779404
0.770286
0.761394
0.752739
0.744327
0.736168
0.728269
0.720638
0.713284
0.706212
0.69943
0.692945
0.686763
0.68089
0.675332
0.670094
0.665182
0.6606
0.656353
0.652445
0.64888
0.645661
0.642792
0.640275
0.638114
0.636309
0.634863
0.633778
0.633053
0.632691
)
;

boundaryField
{
    inlet
    {
        type            fixedValue;
        value           uniform 1;
    }
    outlet
    {
        type            zeroGradient;
    }
    lowerWall
    {
        type            zeroGradient;
    }
    upperWall
    {
        type            zeroGradient;
    }
    frontAndBack
    {
        type            empty;
    }
}


// ************************************************************************* //
