/*--------------------------------*- C++ -*----------------------------------*\
  =========                 |
  \\      /  F ield         | OpenFOAM: The Open Source CFD Toolbox
   \\    /   O peration     | Website:  https://openfoam.org
    \\  /    A nd           | Version:  12
     \\/     M anipulation  |
\*---------------------------------------------------------------------------*/
FoamFile
{
    format      ascii;
    class       volScalarField;
    location    "74";
    object      T;
}
// * * * * * * * * * * * * * * * * * * * * * * * * * * * * * * * * * * * * * //

dimensions      [0 0 0 1 0 0 0];

internalField   nonuniform List<scalar> 
1250
(
0.996706
0.99012
0.983544
0.976985
0.970448
0.96394
0.957468
0.951038
0.944656
0.938329
0.932063
0.925864
0.919738
0.913691
0.90773
0.90186
0.896086
0.890415
0.884852
0.879403
0.874073
0.868867
0.863791
0.858849
0.854047
0.849388
0.844878
0.840522
0.836322
0.832284
0.828412
0.824709
0.821179
0.817825
0.814652
0.811661
0.808856
0.806239
0.803814
0.801582
0.799546
0.797708
0.79607
0.794633
0.793398
0.792368
0.791542
0.790922
0.790508
0.790301
0.996706
0.99012
0.983544
0.976985
0.970448
0.96394
0.957468
0.951038
0.944656
0.938329
0.932063
0.925864
0.919738
0.913691
0.90773
0.90186
0.896086
0.890415
0.884852
0.879403
0.874073
0.868867
0.863791
0.858849
0.854047
0.849388
0.844878
0.840522
0.836322
0.832284
0.828412
0.824709
0.821179
0.817825
0.814652
0.811661
0.808856
0.806239
0.803814
0.801582
0.799546
0.797708
0.79607
0.794633
0.793398
0.792368
0.791542
0.790922
0.790508
0.790301
0.996706
0.99012
0.983544
0.976985
0.970448
0.96394
0.957468
0.951038
0.944656
0.938329
0.932063
0.925864
0.919738
0.913691
0.90773
0.90186
0.896086
0.890415
0.884852
0.879403
0.874073
0.868867
0.863791
0.858849
0.854047
0.849388
0.844878
0.840522
0.836322
0.832284
0.828412
0.824709
0.821179
0.817825
0.814652
0.811661
0.808856
0.806239
0.803814
0.801582
0.799546
0.797708
0.79607
0.794633
0.793398
0.792368
0.791542
0.790922
0.790508
0.790301
0.996706
0.99012
0.983544
0.976985
0.970448
0.96394
0.957468
0.951038
0.944656
0.938329
0.932063
0.925864
0.919738
0.913691
0.90773
0.90186
0.896086
0.890415
0.884852
0.879403
0.874073
0.868867
0.863791
0.858849
0.854047
0.849388
0.844878
0.840522
0.836322
0.832284
0.828412
0.824709
0.821179
0.817825
0.814652
0.811661
0.808856
0.806239
0.803814
0.801582
0.799546
0.797708
0.79607
0.794633
0.793398
0.792368
0.791542
0.790922
0.790508
0.790301
0.996706
0.99012
0.983544
0.976985
0.970448
0.96394
0.957468
0.951038
0.944656
0.938329
0.932063
0.925864
0.919738
0.913691
0.90773
0.90186
0.896086
0.890415
0.884852
0.879403
0.874073
0.868867
0.863791
0.858849
0.854047
0.849388
0.844878
0.840522
0.836322
0.832284
0.828412
0.824709
0.821179
0.817825
0.814652
0.811661
0.808856
0.806239
0.803814
0.801582
0.799546
0.797708
0.79607
0.794633
0.793398
0.792368
0.791542
0.790922
0.790508
0.790301
0.996706
0.99012
0.983544
0.976985
0.970448
0.96394
0.957468
0.951038
0.944656
0.938329
0.932063
0.925864
0.919738
0.913691
0.90773
0.90186
0.896086
0.890415
0.884852
0.879403
0.874073
0.868867
0.863791
0.858849
0.854047
0.849388
0.844878
0.840522
0.836322
0.832284
0.828412
0.824709
0.821179
0.817825
0.814652
0.811661
0.808856
0.806239
0.803814
0.801582
0.799546
0.797708
0.79607
0.794633
0.793398
0.792368
0.791542
0.790922
0.790508
0.790301
0.996706
0.99012
0.983544
0.976985
0.970448
0.96394
0.957468
0.951038
0.944656
0.938329
0.932063
0.925864
0.919738
0.913691
0.90773
0.90186
0.896086
0.890415
0.884852
0.879403
0.874073
0.868867
0.863791
0.858849
0.854047
0.849388
0.844878
0.840522
0.836322
0.832284
0.828412
0.824709
0.821179
0.817825
0.814651
0.811661
0.808855
0.806239
0.803814
0.801582
0.799546
0.797708
0.79607
0.794633
0.793398
0.792368
0.791542
0.790922
0.790508
0.790301
0.996706
0.99012
0.983544
0.976985
0.970448
0.96394
0.957468
0.951038
0.944656
0.938329
0.932063
0.925864
0.919738
0.913691
0.90773
0.90186
0.896086
0.890415
0.884852
0.879403
0.874073
0.868867
0.863791
0.858849
0.854047
0.849388
0.844878
0.840522
0.836322
0.832284
0.828412
0.824709
0.821179
0.817825
0.814651
0.811661
0.808855
0.806239
0.803814
0.801582
0.799546
0.797708
0.79607
0.794633
0.793398
0.792367
0.791542
0.790922
0.790508
0.790301
0.996706
0.99012
0.983544
0.976985
0.970448
0.96394
0.957468
0.951038
0.944656
0.938329
0.932063
0.925864
0.919738
0.913691
0.90773
0.90186
0.896086
0.890415
0.884852
0.879403
0.874073
0.868867
0.863791
0.858849
0.854047
0.849388
0.844878
0.840522
0.836322
0.832284
0.828412
0.824709
0.821179
0.817825
0.814651
0.81166
0.808855
0.806239
0.803814
0.801582
0.799546
0.797708
0.79607
0.794633
0.793398
0.792367
0.791542
0.790922
0.790508
0.790301
0.996706
0.99012
0.983544
0.976985
0.970448
0.96394
0.957468
0.951038
0.944656
0.938329
0.932063
0.925864
0.919738
0.913691
0.90773
0.90186
0.896086
0.890415
0.884852
0.879403
0.874073
0.868867
0.863791
0.858849
0.854047
0.849388
0.844878
0.840522
0.836322
0.832284
0.828412
0.824709
0.821179
0.817825
0.814651
0.81166
0.808855
0.806239
0.803814
0.801582
0.799546
0.797708
0.79607
0.794632
0.793398
0.792367
0.791542
0.790922
0.790508
0.790301
0.996706
0.99012
0.983544
0.976985
0.970448
0.96394
0.957468
0.951038
0.944656
0.938329
0.932063
0.925864
0.919738
0.913691
0.90773
0.90186
0.896086
0.890415
0.884852
0.879403
0.874073
0.868867
0.863791
0.858849
0.854047
0.849388
0.844878
0.840522
0.836322
0.832284
0.828412
0.824709
0.821179
0.817825
0.814651
0.81166
0.808855
0.806239
0.803814
0.801582
0.799546
0.797708
0.79607
0.794632
0.793398
0.792367
0.791542
0.790922
0.790508
0.790301
0.996706
0.99012
0.983544
0.976985
0.970448
0.96394
0.957468
0.951038
0.944656
0.938329
0.932063
0.925864
0.919738
0.913691
0.90773
0.90186
0.896086
0.890415
0.884852
0.879403
0.874073
0.868867
0.863791
0.858849
0.854047
0.849388
0.844878
0.840522
0.836322
0.832284
0.828412
0.824709
0.821179
0.817825
0.814651
0.81166
0.808855
0.806239
0.803814
0.801582
0.799546
0.797708
0.79607
0.794632
0.793398
0.792367
0.791541
0.790921
0.790508
0.790301
0.996706
0.99012
0.983544
0.976985
0.970448
0.96394
0.957468
0.951038
0.944656
0.938329
0.932063
0.925864
0.919738
0.913691
0.90773
0.90186
0.896086
0.890415
0.884852
0.879403
0.874073
0.868867
0.863791
0.858849
0.854047
0.849388
0.844878
0.840521
0.836322
0.832284
0.828412
0.824709
0.821179
0.817825
0.814651
0.81166
0.808855
0.806239
0.803813
0.801582
0.799546
0.797708
0.796069
0.794632
0.793398
0.792367
0.791541
0.790921
0.790508
0.790301
0.996706
0.99012
0.983544
0.976985
0.970448
0.96394
0.957468
0.951038
0.944657
0.938329
0.932063
0.925864
0.919738
0.913691
0.90773
0.90186
0.896086
0.890415
0.884852
0.879403
0.874073
0.868867
0.863791
0.858849
0.854047
0.849388
0.844878
0.840521
0.836322
0.832284
0.828412
0.824709
0.821179
0.817825
0.814651
0.81166
0.808855
0.806239
0.803813
0.801582
0.799546
0.797708
0.796069
0.794632
0.793398
0.792367
0.791541
0.790921
0.790508
0.790301
0.996706
0.99012
0.983544
0.976985
0.970448
0.96394
0.957468
0.951038
0.944657
0.938329
0.932063
0.925864
0.919738
0.913691
0.90773
0.90186
0.896086
0.890415
0.884852
0.879403
0.874073
0.868867
0.863791
0.858849
0.854047
0.849388
0.844878
0.840521
0.836322
0.832284
0.828412
0.824709
0.821179
0.817825
0.814651
0.81166
0.808855
0.806239
0.803813
0.801582
0.799546
0.797708
0.796069
0.794632
0.793398
0.792367
0.791541
0.790921
0.790508
0.790301
0.996706
0.99012
0.983544
0.976985
0.970448
0.96394
0.957468
0.951038
0.944657
0.938329
0.932063
0.925864
0.919738
0.913691
0.90773
0.90186
0.896086
0.890415
0.884852
0.879403
0.874073
0.868867
0.863791
0.858849
0.854047
0.849388
0.844878
0.840521
0.836322
0.832284
0.828412
0.824709
0.821179
0.817825
0.814651
0.81166
0.808855
0.806239
0.803813
0.801582
0.799546
0.797708
0.796069
0.794632
0.793398
0.792367
0.791541
0.790921
0.790507
0.790301
0.996706
0.99012
0.983544
0.976985
0.970448
0.96394
0.957468
0.951038
0.944657
0.938329
0.932063
0.925864
0.919738
0.913692
0.90773
0.90186
0.896086
0.890415
0.884852
0.879403
0.874073
0.868867
0.863791
0.858849
0.854047
0.849388
0.844878
0.840521
0.836322
0.832284
0.828412
0.824709
0.821179
0.817825
0.814651
0.81166
0.808855
0.806239
0.803813
0.801582
0.799546
0.797708
0.796069
0.794632
0.793397
0.792367
0.791541
0.790921
0.790507
0.7903
0.996706
0.99012
0.983544
0.976985
0.970448
0.96394
0.957468
0.951038
0.944657
0.938329
0.932063
0.925864
0.919738
0.913692
0.90773
0.90186
0.896086
0.890415
0.884852
0.879403
0.874073
0.868867
0.863791
0.858849
0.854047
0.849388
0.844878
0.840521
0.836322
0.832284
0.828412
0.824709
0.821179
0.817825
0.814651
0.81166
0.808855
0.806239
0.803813
0.801582
0.799546
0.797708
0.796069
0.794632
0.793397
0.792367
0.791541
0.790921
0.790507
0.7903
0.996706
0.99012
0.983544
0.976985
0.970448
0.96394
0.957468
0.951038
0.944657
0.938329
0.932063
0.925864
0.919738
0.913692
0.90773
0.90186
0.896086
0.890415
0.884852
0.879403
0.874073
0.868867
0.863791
0.858849
0.854047
0.849388
0.844878
0.840521
0.836322
0.832284
0.828412
0.824709
0.821179
0.817825
0.814651
0.81166
0.808855
0.806238
0.803813
0.801581
0.799546
0.797708
0.796069
0.794632
0.793397
0.792367
0.791541
0.790921
0.790507
0.7903
0.996706
0.99012
0.983544
0.976985
0.970448
0.96394
0.957468
0.951038
0.944657
0.938329
0.932063
0.925864
0.919738
0.913692
0.90773
0.90186
0.896086
0.890415
0.884852
0.879403
0.874073
0.868867
0.863791
0.858849
0.854047
0.849388
0.844878
0.840521
0.836322
0.832284
0.828412
0.824709
0.821179
0.817825
0.814651
0.81166
0.808855
0.806238
0.803813
0.801581
0.799546
0.797708
0.796069
0.794632
0.793397
0.792367
0.791541
0.790921
0.790507
0.7903
0.996706
0.99012
0.983544
0.976985
0.970448
0.96394
0.957468
0.951038
0.944657
0.938329
0.932063
0.925864
0.919738
0.913692
0.90773
0.90186
0.896086
0.890415
0.884852
0.879403
0.874073
0.868867
0.863791
0.858849
0.854047
0.849388
0.844878
0.840521
0.836322
0.832284
0.828412
0.824709
0.821178
0.817825
0.814651
0.81166
0.808855
0.806238
0.803813
0.801581
0.799546
0.797707
0.796069
0.794632
0.793397
0.792367
0.791541
0.790921
0.790507
0.7903
0.996706
0.99012
0.983544
0.976985
0.970448
0.96394
0.957468
0.951038
0.944657
0.93833
0.932063
0.925864
0.919738
0.913692
0.90773
0.90186
0.896086
0.890415
0.884852
0.879403
0.874073
0.868867
0.863791
0.858849
0.854047
0.849388
0.844878
0.840521
0.836322
0.832284
0.828412
0.824709
0.821178
0.817825
0.814651
0.81166
0.808855
0.806238
0.803813
0.801581
0.799546
0.797707
0.796069
0.794632
0.793397
0.792367
0.791541
0.790921
0.790507
0.7903
0.996706
0.99012
0.983544
0.976985
0.970448
0.96394
0.957468
0.951038
0.944657
0.93833
0.932063
0.925864
0.919738
0.913692
0.90773
0.90186
0.896086
0.890415
0.884852
0.879403
0.874073
0.868868
0.863791
0.858849
0.854047
0.849388
0.844878
0.840521
0.836322
0.832284
0.828412
0.824709
0.821178
0.817825
0.814651
0.81166
0.808855
0.806238
0.803813
0.801581
0.799545
0.797707
0.796069
0.794632
0.793397
0.792367
0.791541
0.790921
0.790507
0.7903
0.996706
0.99012
0.983544
0.976985
0.970448
0.96394
0.957468
0.951038
0.944657
0.93833
0.932063
0.925864
0.919738
0.913692
0.90773
0.90186
0.896086
0.890415
0.884852
0.879403
0.874073
0.868868
0.863791
0.858849
0.854047
0.849388
0.844878
0.840521
0.836322
0.832284
0.828412
0.824709
0.821178
0.817825
0.814651
0.81166
0.808855
0.806238
0.803813
0.801581
0.799545
0.797707
0.796069
0.794632
0.793397
0.792367
0.791541
0.790921
0.790507
0.7903
0.996706
0.99012
0.983544
0.976985
0.970448
0.96394
0.957468
0.951038
0.944657
0.93833
0.932063
0.925864
0.919738
0.913692
0.90773
0.90186
0.896086
0.890415
0.884852
0.879403
0.874073
0.868868
0.863791
0.858849
0.854047
0.849388
0.844878
0.840521
0.836322
0.832284
0.828412
0.824709
0.821178
0.817825
0.814651
0.81166
0.808855
0.806238
0.803813
0.801581
0.799545
0.797707
0.796069
0.794632
0.793397
0.792367
0.791541
0.790921
0.790507
0.7903
)
;

boundaryField
{
    inlet
    {
        type            fixedValue;
        value           uniform 1;
    }
    outlet
    {
        type            zeroGradient;
    }
    lowerWall
    {
        type            zeroGradient;
    }
    upperWall
    {
        type            zeroGradient;
    }
    frontAndBack
    {
        type            empty;
    }
}


// ************************************************************************* //
