/*--------------------------------*- C++ -*----------------------------------*\
  =========                 |
  \\      /  F ield         | OpenFOAM: The Open Source CFD Toolbox
   \\    /   O peration     | Website:  https://openfoam.org
    \\  /    A nd           | Version:  12
     \\/     M anipulation  |
\*---------------------------------------------------------------------------*/
FoamFile
{
    format      ascii;
    class       volScalarField;
    location    "28";
    object      T;
}
// * * * * * * * * * * * * * * * * * * * * * * * * * * * * * * * * * * * * * //

dimensions      [0 0 0 1 0 0 0];

internalField   nonuniform List<scalar> 
1250
(
0.989819
0.969467
0.949147
0.92888
0.908687
0.888589
0.868608
0.848763
0.829075
0.809565
0.790252
0.771157
0.752298
0.733695
0.715367
0.697332
0.679608
0.662212
0.645161
0.628474
0.612164
0.596249
0.580743
0.565662
0.551019
0.536828
0.523103
0.509855
0.497098
0.484842
0.473099
0.46188
0.451193
0.441049
0.431456
0.422423
0.413957
0.406066
0.398757
0.392035
0.385906
0.380376
0.375449
0.371129
0.367419
0.364323
0.361843
0.359981
0.358739
0.358118
0.989819
0.969467
0.949147
0.92888
0.908687
0.888589
0.868608
0.848763
0.829075
0.809565
0.790252
0.771157
0.752298
0.733695
0.715367
0.697332
0.679608
0.662212
0.645161
0.628474
0.612164
0.596249
0.580743
0.565662
0.551019
0.536828
0.523103
0.509855
0.497098
0.484842
0.473099
0.46188
0.451193
0.441049
0.431456
0.422423
0.413957
0.406067
0.398757
0.392035
0.385907
0.380376
0.375449
0.371129
0.367419
0.364323
0.361843
0.359981
0.358739
0.358118
0.989819
0.969467
0.949147
0.92888
0.908687
0.888589
0.868608
0.848763
0.829075
0.809565
0.790252
0.771157
0.752298
0.733695
0.715367
0.697332
0.679608
0.662212
0.645161
0.628474
0.612164
0.596249
0.580743
0.565662
0.551019
0.536828
0.523103
0.509855
0.497098
0.484842
0.473099
0.46188
0.451193
0.441049
0.431456
0.422423
0.413957
0.406067
0.398757
0.392035
0.385907
0.380376
0.375449
0.371129
0.367419
0.364323
0.361843
0.359981
0.358739
0.358118
0.989819
0.969467
0.949147
0.92888
0.908687
0.888589
0.868608
0.848763
0.829075
0.809565
0.790252
0.771157
0.752298
0.733695
0.715367
0.697332
0.679608
0.662212
0.645161
0.628474
0.612164
0.596249
0.580743
0.565662
0.551019
0.536828
0.523103
0.509855
0.497098
0.484842
0.473099
0.46188
0.451193
0.441049
0.431456
0.422423
0.413957
0.406067
0.398757
0.392035
0.385907
0.380376
0.375449
0.371129
0.367419
0.364323
0.361843
0.359981
0.358739
0.358118
0.989819
0.969467
0.949147
0.92888
0.908687
0.888589
0.868608
0.848763
0.829075
0.809565
0.790252
0.771157
0.752298
0.733695
0.715367
0.697332
0.679608
0.662212
0.645162
0.628474
0.612164
0.596249
0.580743
0.565662
0.551019
0.536828
0.523103
0.509856
0.497098
0.484843
0.4731
0.46188
0.451193
0.441049
0.431456
0.422423
0.413958
0.406067
0.398757
0.392035
0.385907
0.380376
0.375449
0.371129
0.367419
0.364323
0.361843
0.359981
0.358739
0.358118
0.989819
0.969467
0.949147
0.92888
0.908687
0.888589
0.868608
0.848763
0.829075
0.809565
0.790252
0.771157
0.752298
0.733695
0.715367
0.697332
0.679608
0.662212
0.645162
0.628474
0.612164
0.596249
0.580744
0.565662
0.551019
0.536828
0.523103
0.509856
0.497098
0.484843
0.4731
0.46188
0.451193
0.441049
0.431456
0.422423
0.413958
0.406067
0.398757
0.392035
0.385907
0.380376
0.375449
0.371129
0.367419
0.364323
0.361843
0.359981
0.358739
0.358118
0.989819
0.969467
0.949147
0.92888
0.908687
0.888589
0.868608
0.848763
0.829075
0.809565
0.790252
0.771157
0.752298
0.733696
0.715367
0.697332
0.679608
0.662212
0.645162
0.628474
0.612164
0.596249
0.580744
0.565662
0.551019
0.536829
0.523103
0.509856
0.497098
0.484843
0.4731
0.46188
0.451193
0.441049
0.431456
0.422423
0.413958
0.406067
0.398757
0.392035
0.385907
0.380376
0.375449
0.371129
0.367419
0.364323
0.361843
0.359981
0.358739
0.358118
0.989819
0.969467
0.949147
0.92888
0.908687
0.888589
0.868608
0.848763
0.829075
0.809565
0.790252
0.771157
0.752298
0.733696
0.715367
0.697332
0.679608
0.662212
0.645162
0.628474
0.612164
0.596249
0.580744
0.565662
0.551019
0.536829
0.523103
0.509856
0.497098
0.484843
0.4731
0.46188
0.451193
0.441049
0.431456
0.422423
0.413958
0.406067
0.398757
0.392035
0.385907
0.380376
0.375449
0.371129
0.367419
0.364323
0.361843
0.359981
0.358739
0.358118
0.989819
0.969467
0.949147
0.92888
0.908687
0.888589
0.868608
0.848763
0.829075
0.809565
0.790252
0.771157
0.752298
0.733696
0.715367
0.697332
0.679608
0.662212
0.645162
0.628474
0.612165
0.596249
0.580744
0.565662
0.551019
0.536829
0.523103
0.509856
0.497099
0.484843
0.4731
0.46188
0.451193
0.441049
0.431456
0.422423
0.413958
0.406067
0.398757
0.392035
0.385907
0.380376
0.375449
0.371129
0.367419
0.364323
0.361843
0.359981
0.358739
0.358118
0.989819
0.969467
0.949147
0.92888
0.908687
0.888589
0.868608
0.848763
0.829075
0.809565
0.790252
0.771157
0.752299
0.733696
0.715368
0.697332
0.679608
0.662212
0.645162
0.628474
0.612165
0.59625
0.580744
0.565663
0.55102
0.536829
0.523103
0.509856
0.497099
0.484843
0.4731
0.46188
0.451193
0.441049
0.431456
0.422423
0.413958
0.406067
0.398757
0.392035
0.385907
0.380376
0.375449
0.371129
0.367419
0.364323
0.361843
0.359981
0.358739
0.358118
0.989819
0.969467
0.949147
0.92888
0.908687
0.888589
0.868608
0.848763
0.829075
0.809565
0.790252
0.771157
0.752299
0.733696
0.715368
0.697332
0.679608
0.662212
0.645162
0.628474
0.612165
0.59625
0.580744
0.565663
0.55102
0.536829
0.523104
0.509856
0.497099
0.484843
0.4731
0.46188
0.451194
0.441049
0.431457
0.422423
0.413958
0.406067
0.398757
0.392035
0.385907
0.380376
0.375449
0.371129
0.367419
0.364323
0.361843
0.359981
0.358739
0.358118
0.989819
0.969467
0.949147
0.92888
0.908687
0.888589
0.868608
0.848763
0.829075
0.809565
0.790253
0.771157
0.752299
0.733696
0.715368
0.697332
0.679608
0.662212
0.645162
0.628474
0.612165
0.59625
0.580744
0.565663
0.55102
0.536829
0.523104
0.509856
0.497099
0.484843
0.4731
0.46188
0.451194
0.441049
0.431457
0.422423
0.413958
0.406067
0.398757
0.392035
0.385907
0.380376
0.375449
0.371129
0.367419
0.364323
0.361843
0.359981
0.358739
0.358118
0.989819
0.969467
0.949147
0.92888
0.908687
0.888589
0.868608
0.848763
0.829075
0.809565
0.790253
0.771157
0.752299
0.733696
0.715368
0.697333
0.679608
0.662212
0.645162
0.628474
0.612165
0.59625
0.580744
0.565663
0.55102
0.536829
0.523104
0.509856
0.497099
0.484843
0.4731
0.46188
0.451194
0.44105
0.431457
0.422424
0.413958
0.406067
0.398757
0.392035
0.385907
0.380376
0.375449
0.371129
0.367419
0.364323
0.361843
0.359981
0.358739
0.358118
0.989819
0.969467
0.949147
0.92888
0.908687
0.888589
0.868608
0.848763
0.829075
0.809565
0.790253
0.771157
0.752299
0.733696
0.715368
0.697333
0.679608
0.662213
0.645162
0.628474
0.612165
0.59625
0.580744
0.565663
0.55102
0.536829
0.523104
0.509856
0.497099
0.484843
0.4731
0.46188
0.451194
0.44105
0.431457
0.422424
0.413958
0.406067
0.398757
0.392035
0.385907
0.380376
0.375449
0.371129
0.367419
0.364323
0.361843
0.359981
0.358739
0.358118
0.989819
0.969467
0.949147
0.92888
0.908687
0.888589
0.868608
0.848763
0.829075
0.809565
0.790253
0.771157
0.752299
0.733696
0.715368
0.697333
0.679608
0.662213
0.645162
0.628475
0.612165
0.59625
0.580744
0.565663
0.55102
0.536829
0.523104
0.509857
0.497099
0.484843
0.4731
0.461881
0.451194
0.44105
0.431457
0.422424
0.413958
0.406067
0.398757
0.392035
0.385907
0.380376
0.375449
0.371129
0.367419
0.364323
0.361843
0.359981
0.358739
0.358118
0.989819
0.969467
0.949147
0.92888
0.908687
0.88859
0.868608
0.848763
0.829075
0.809565
0.790253
0.771158
0.752299
0.733696
0.715368
0.697333
0.679609
0.662213
0.645163
0.628475
0.612165
0.59625
0.580745
0.565663
0.55102
0.536829
0.523104
0.509857
0.497099
0.484844
0.4731
0.461881
0.451194
0.44105
0.431457
0.422424
0.413958
0.406067
0.398757
0.392035
0.385907
0.380376
0.375449
0.371129
0.367419
0.364323
0.361843
0.359981
0.358739
0.358118
0.989819
0.969467
0.949147
0.92888
0.908687
0.88859
0.868608
0.848763
0.829076
0.809565
0.790253
0.771158
0.752299
0.733696
0.715368
0.697333
0.679609
0.662213
0.645163
0.628475
0.612165
0.59625
0.580745
0.565663
0.55102
0.53683
0.523104
0.509857
0.497099
0.484844
0.473101
0.461881
0.451194
0.44105
0.431457
0.422424
0.413958
0.406067
0.398757
0.392035
0.385907
0.380376
0.375449
0.371129
0.367419
0.364323
0.361843
0.359981
0.358739
0.358118
0.989819
0.969467
0.949147
0.92888
0.908687
0.88859
0.868608
0.848763
0.829076
0.809566
0.790253
0.771158
0.752299
0.733696
0.715368
0.697333
0.679609
0.662213
0.645163
0.628475
0.612166
0.59625
0.580745
0.565663
0.55102
0.53683
0.523104
0.509857
0.497099
0.484844
0.473101
0.461881
0.451194
0.44105
0.431457
0.422424
0.413958
0.406067
0.398757
0.392035
0.385907
0.380376
0.375449
0.371129
0.367419
0.364323
0.361843
0.359981
0.358739
0.358118
0.989819
0.969467
0.949147
0.92888
0.908687
0.88859
0.868608
0.848763
0.829076
0.809566
0.790253
0.771158
0.752299
0.733696
0.715368
0.697333
0.679609
0.662213
0.645163
0.628475
0.612166
0.596251
0.580745
0.565663
0.551021
0.53683
0.523104
0.509857
0.497099
0.484844
0.473101
0.461881
0.451194
0.44105
0.431457
0.422424
0.413958
0.406067
0.398757
0.392035
0.385907
0.380376
0.375449
0.371129
0.367419
0.364323
0.361843
0.359981
0.358739
0.358118
0.989819
0.969467
0.949147
0.92888
0.908687
0.88859
0.868608
0.848763
0.829076
0.809566
0.790253
0.771158
0.752299
0.733697
0.715368
0.697333
0.679609
0.662213
0.645163
0.628475
0.612166
0.596251
0.580745
0.565664
0.551021
0.53683
0.523104
0.509857
0.497099
0.484844
0.473101
0.461881
0.451194
0.44105
0.431457
0.422424
0.413958
0.406067
0.398757
0.392035
0.385907
0.380376
0.375449
0.371129
0.367419
0.364323
0.361843
0.359981
0.358739
0.358118
0.989819
0.969467
0.949147
0.92888
0.908687
0.88859
0.868608
0.848763
0.829076
0.809566
0.790253
0.771158
0.752299
0.733697
0.715368
0.697333
0.679609
0.662213
0.645163
0.628475
0.612166
0.596251
0.580745
0.565664
0.551021
0.53683
0.523104
0.509857
0.4971
0.484844
0.473101
0.461881
0.451194
0.44105
0.431457
0.422424
0.413958
0.406067
0.398757
0.392035
0.385907
0.380376
0.375449
0.371129
0.367419
0.364323
0.361843
0.359981
0.358739
0.358118
0.989819
0.969467
0.949147
0.92888
0.908687
0.88859
0.868608
0.848763
0.829076
0.809566
0.790253
0.771158
0.752299
0.733697
0.715369
0.697333
0.679609
0.662213
0.645163
0.628475
0.612166
0.596251
0.580745
0.565664
0.551021
0.53683
0.523104
0.509857
0.4971
0.484844
0.473101
0.461881
0.451194
0.44105
0.431457
0.422424
0.413958
0.406067
0.398757
0.392035
0.385907
0.380376
0.375449
0.371129
0.367419
0.364323
0.361843
0.359981
0.358739
0.358118
0.989819
0.969467
0.949147
0.92888
0.908687
0.88859
0.868608
0.848763
0.829076
0.809566
0.790253
0.771158
0.752299
0.733697
0.715369
0.697333
0.679609
0.662213
0.645163
0.628475
0.612166
0.596251
0.580745
0.565664
0.551021
0.53683
0.523105
0.509857
0.4971
0.484844
0.473101
0.461881
0.451194
0.44105
0.431457
0.422424
0.413958
0.406067
0.398757
0.392035
0.385907
0.380376
0.375449
0.371129
0.367419
0.364323
0.361843
0.359981
0.358739
0.358118
0.989819
0.969467
0.949147
0.92888
0.908687
0.88859
0.868608
0.848763
0.829076
0.809566
0.790253
0.771158
0.7523
0.733697
0.715369
0.697333
0.679609
0.662213
0.645163
0.628475
0.612166
0.596251
0.580745
0.565664
0.551021
0.53683
0.523105
0.509857
0.4971
0.484844
0.473101
0.461881
0.451194
0.44105
0.431457
0.422424
0.413958
0.406067
0.398757
0.392035
0.385907
0.380376
0.375449
0.371128
0.367419
0.364323
0.361843
0.359981
0.358739
0.358118
0.989819
0.969467
0.949147
0.92888
0.908687
0.88859
0.868608
0.848763
0.829076
0.809566
0.790253
0.771158
0.7523
0.733697
0.715369
0.697333
0.679609
0.662213
0.645163
0.628475
0.612166
0.596251
0.580745
0.565664
0.551021
0.53683
0.523105
0.509857
0.4971
0.484844
0.473101
0.461881
0.451194
0.44105
0.431457
0.422424
0.413958
0.406067
0.398757
0.392035
0.385907
0.380376
0.375449
0.371128
0.367419
0.364323
0.361843
0.359981
0.358739
0.358118
)
;

boundaryField
{
    inlet
    {
        type            fixedValue;
        value           uniform 1;
    }
    outlet
    {
        type            zeroGradient;
    }
    lowerWall
    {
        type            zeroGradient;
    }
    upperWall
    {
        type            zeroGradient;
    }
    frontAndBack
    {
        type            empty;
    }
}


// ************************************************************************* //
