/*--------------------------------*- C++ -*----------------------------------*\
  =========                 |
  \\      /  F ield         | OpenFOAM: The Open Source CFD Toolbox
   \\    /   O peration     | Website:  https://openfoam.org
    \\  /    A nd           | Version:  12
     \\/     M anipulation  |
\*---------------------------------------------------------------------------*/
FoamFile
{
    format      ascii;
    class       volScalarField;
    location    "23";
    object      T;
}
// * * * * * * * * * * * * * * * * * * * * * * * * * * * * * * * * * * * * * //

dimensions      [0 0 0 1 0 0 0];

internalField   nonuniform List<scalar> 
1250
(
0.988383
0.965161
0.941978
0.918861
0.895834
0.872924
0.850156
0.827556
0.805147
0.782954
0.761002
0.739313
0.717911
0.696819
0.676058
0.655649
0.635613
0.615971
0.59674
0.577941
0.55959
0.541705
0.524302
0.507398
0.491005
0.47514
0.459816
0.445044
0.430837
0.417207
0.404163
0.391716
0.379875
0.368649
0.358045
0.34807
0.338732
0.330037
0.321991
0.314597
0.307862
0.301789
0.296382
0.291644
0.287578
0.284186
0.28147
0.279432
0.278072
0.277393
0.988383
0.965161
0.941978
0.918861
0.895834
0.872924
0.850156
0.827556
0.805147
0.782954
0.761002
0.739313
0.717911
0.696819
0.676058
0.655649
0.635613
0.615971
0.59674
0.577941
0.55959
0.541705
0.524302
0.507398
0.491006
0.47514
0.459816
0.445044
0.430837
0.417207
0.404163
0.391716
0.379875
0.368649
0.358045
0.34807
0.338733
0.330037
0.321991
0.314598
0.307862
0.301789
0.296382
0.291644
0.287578
0.284186
0.28147
0.279432
0.278072
0.277393
0.988383
0.965161
0.941978
0.918861
0.895834
0.872924
0.850156
0.827556
0.805147
0.782954
0.761002
0.739313
0.717911
0.696819
0.676058
0.655649
0.635613
0.615971
0.59674
0.577941
0.55959
0.541705
0.524302
0.507398
0.491006
0.47514
0.459816
0.445044
0.430837
0.417207
0.404163
0.391716
0.379875
0.368649
0.358045
0.34807
0.338733
0.330038
0.321991
0.314598
0.307862
0.301789
0.296382
0.291644
0.287578
0.284186
0.28147
0.279432
0.278072
0.277393
0.988383
0.965161
0.941978
0.918861
0.895834
0.872924
0.850156
0.827556
0.805147
0.782954
0.761002
0.739313
0.717912
0.696819
0.676058
0.655649
0.635614
0.615971
0.59674
0.577941
0.55959
0.541705
0.524303
0.507398
0.491006
0.475141
0.459816
0.445044
0.430837
0.417207
0.404163
0.391716
0.379875
0.368649
0.358045
0.348071
0.338733
0.330038
0.321991
0.314598
0.307863
0.30179
0.296383
0.291644
0.287578
0.284186
0.28147
0.279432
0.278073
0.277393
0.988383
0.965161
0.941978
0.918861
0.895834
0.872924
0.850156
0.827556
0.805147
0.782954
0.761002
0.739313
0.717912
0.696819
0.676058
0.655649
0.635614
0.615971
0.596741
0.577941
0.55959
0.541705
0.524303
0.507398
0.491006
0.475141
0.459816
0.445044
0.430838
0.417207
0.404164
0.391717
0.379876
0.368649
0.358045
0.348071
0.338733
0.330038
0.321991
0.314598
0.307863
0.30179
0.296383
0.291645
0.287578
0.284186
0.28147
0.279432
0.278073
0.277393
0.988383
0.965161
0.941978
0.918861
0.895834
0.872924
0.850157
0.827556
0.805147
0.782954
0.761002
0.739313
0.717912
0.696819
0.676058
0.655649
0.635614
0.615971
0.596741
0.577941
0.55959
0.541706
0.524303
0.507398
0.491006
0.475141
0.459816
0.445044
0.430838
0.417207
0.404164
0.391717
0.379876
0.368649
0.358045
0.348071
0.338733
0.330038
0.321991
0.314598
0.307863
0.30179
0.296383
0.291645
0.287579
0.284187
0.281471
0.279432
0.278073
0.277393
0.988383
0.965161
0.941978
0.918861
0.895834
0.872925
0.850157
0.827556
0.805147
0.782954
0.761002
0.739313
0.717912
0.696819
0.676058
0.65565
0.635614
0.615971
0.596741
0.577941
0.559591
0.541706
0.524303
0.507398
0.491006
0.475141
0.459816
0.445045
0.430838
0.417208
0.404164
0.391717
0.379876
0.36865
0.358045
0.348071
0.338733
0.330038
0.321992
0.314598
0.307863
0.30179
0.296383
0.291645
0.287579
0.284187
0.281471
0.279433
0.278073
0.277393
0.988383
0.965161
0.941979
0.918861
0.895835
0.872925
0.850157
0.827556
0.805147
0.782954
0.761002
0.739314
0.717912
0.69682
0.676058
0.65565
0.635614
0.615971
0.596741
0.577942
0.559591
0.541706
0.524303
0.507398
0.491006
0.475141
0.459817
0.445045
0.430838
0.417208
0.404164
0.391717
0.379876
0.36865
0.358046
0.348071
0.338734
0.330039
0.321992
0.314599
0.307863
0.30179
0.296383
0.291645
0.287579
0.284187
0.281471
0.279433
0.278073
0.277393
0.988383
0.965161
0.941979
0.918861
0.895835
0.872925
0.850157
0.827556
0.805147
0.782954
0.761002
0.739314
0.717912
0.69682
0.676059
0.65565
0.635614
0.615972
0.596741
0.577942
0.559591
0.541706
0.524303
0.507399
0.491007
0.475142
0.459817
0.445045
0.430839
0.417208
0.404165
0.391718
0.379877
0.36865
0.358046
0.348072
0.338734
0.330039
0.321992
0.314599
0.307864
0.301791
0.296383
0.291645
0.287579
0.284187
0.281471
0.279433
0.278073
0.277393
0.988383
0.965161
0.941979
0.918861
0.895835
0.872925
0.850157
0.827556
0.805147
0.782954
0.761002
0.739314
0.717912
0.69682
0.676059
0.65565
0.635614
0.615972
0.596741
0.577942
0.559591
0.541706
0.524304
0.507399
0.491007
0.475142
0.459817
0.445046
0.430839
0.417208
0.404165
0.391718
0.379877
0.36865
0.358046
0.348072
0.338734
0.330039
0.321992
0.314599
0.307864
0.301791
0.296384
0.291646
0.287579
0.284187
0.281471
0.279433
0.278074
0.277394
0.988383
0.965161
0.941979
0.918861
0.895835
0.872925
0.850157
0.827556
0.805147
0.782955
0.761002
0.739314
0.717912
0.69682
0.676059
0.65565
0.635615
0.615972
0.596742
0.577942
0.559591
0.541707
0.524304
0.507399
0.491007
0.475142
0.459817
0.445046
0.430839
0.417209
0.404165
0.391718
0.379877
0.368651
0.358047
0.348072
0.338734
0.330039
0.321993
0.314599
0.307864
0.301791
0.296384
0.291646
0.28758
0.284188
0.281472
0.279433
0.278074
0.277394
0.988383
0.965161
0.941979
0.918861
0.895835
0.872925
0.850157
0.827556
0.805147
0.782955
0.761002
0.739314
0.717912
0.69682
0.676059
0.65565
0.635615
0.615972
0.596742
0.577942
0.559592
0.541707
0.524304
0.507399
0.491007
0.475142
0.459818
0.445046
0.430839
0.417209
0.404165
0.391718
0.379877
0.368651
0.358047
0.348073
0.338735
0.33004
0.321993
0.3146
0.307864
0.301791
0.296384
0.291646
0.28758
0.284188
0.281472
0.279434
0.278074
0.277394
0.988383
0.965161
0.941979
0.918861
0.895835
0.872925
0.850157
0.827556
0.805147
0.782955
0.761003
0.739314
0.717913
0.69682
0.676059
0.655651
0.635615
0.615972
0.596742
0.577943
0.559592
0.541707
0.524304
0.5074
0.491008
0.475143
0.459818
0.445046
0.43084
0.417209
0.404166
0.391719
0.379878
0.368651
0.358047
0.348073
0.338735
0.33004
0.321993
0.3146
0.307865
0.301792
0.296384
0.291646
0.28758
0.284188
0.281472
0.279434
0.278074
0.277394
0.988383
0.965161
0.941979
0.918861
0.895835
0.872925
0.850157
0.827556
0.805147
0.782955
0.761003
0.739314
0.717913
0.69682
0.676059
0.655651
0.635615
0.615973
0.596742
0.577943
0.559592
0.541707
0.524305
0.5074
0.491008
0.475143
0.459818
0.445047
0.43084
0.41721
0.404166
0.391719
0.379878
0.368651
0.358047
0.348073
0.338735
0.33004
0.321993
0.3146
0.307865
0.301792
0.296385
0.291647
0.28758
0.284188
0.281472
0.279434
0.278074
0.277395
0.988383
0.965161
0.941979
0.918861
0.895835
0.872925
0.850157
0.827556
0.805147
0.782955
0.761003
0.739314
0.717913
0.696821
0.67606
0.655651
0.635615
0.615973
0.596742
0.577943
0.559592
0.541708
0.524305
0.5074
0.491008
0.475143
0.459819
0.445047
0.43084
0.41721
0.404166
0.391719
0.379878
0.368652
0.358048
0.348073
0.338735
0.33004
0.321994
0.3146
0.307865
0.301792
0.296385
0.291647
0.28758
0.284188
0.281472
0.279434
0.278075
0.277395
0.988383
0.965161
0.941979
0.918861
0.895835
0.872925
0.850157
0.827556
0.805148
0.782955
0.761003
0.739315
0.717913
0.696821
0.67606
0.655651
0.635615
0.615973
0.596743
0.577943
0.559593
0.541708
0.524305
0.5074
0.491008
0.475143
0.459819
0.445047
0.43084
0.41721
0.404166
0.39172
0.379878
0.368652
0.358048
0.348073
0.338736
0.330041
0.321994
0.3146
0.307865
0.301792
0.296385
0.291647
0.287581
0.284189
0.281473
0.279434
0.278075
0.277395
0.988383
0.965161
0.941979
0.918861
0.895835
0.872925
0.850157
0.827556
0.805148
0.782955
0.761003
0.739315
0.717913
0.696821
0.67606
0.655651
0.635616
0.615973
0.596743
0.577943
0.559593
0.541708
0.524305
0.507401
0.491009
0.475144
0.459819
0.445047
0.430841
0.41721
0.404167
0.39172
0.379879
0.368652
0.358048
0.348074
0.338736
0.330041
0.321994
0.314601
0.307865
0.301792
0.296385
0.291647
0.287581
0.284189
0.281473
0.279435
0.278075
0.277395
0.988383
0.965161
0.941979
0.918861
0.895835
0.872925
0.850157
0.827557
0.805148
0.782955
0.761003
0.739315
0.717913
0.696821
0.67606
0.655651
0.635616
0.615973
0.596743
0.577944
0.559593
0.541708
0.524306
0.507401
0.491009
0.475144
0.459819
0.445047
0.430841
0.41721
0.404167
0.39172
0.379879
0.368652
0.358048
0.348074
0.338736
0.330041
0.321994
0.314601
0.307866
0.301792
0.296385
0.291647
0.287581
0.284189
0.281473
0.279435
0.278075
0.277395
0.988383
0.965161
0.941979
0.918861
0.895835
0.872925
0.850157
0.827557
0.805148
0.782955
0.761003
0.739315
0.717913
0.696821
0.67606
0.655651
0.635616
0.615973
0.596743
0.577944
0.559593
0.541708
0.524306
0.507401
0.491009
0.475144
0.459819
0.445048
0.430841
0.417211
0.404167
0.39172
0.379879
0.368652
0.358048
0.348074
0.338736
0.330041
0.321994
0.314601
0.307866
0.301793
0.296385
0.291647
0.287581
0.284189
0.281473
0.279435
0.278075
0.277395
0.988383
0.965161
0.941979
0.918861
0.895835
0.872925
0.850157
0.827557
0.805148
0.782955
0.761003
0.739315
0.717913
0.696821
0.67606
0.655652
0.635616
0.615973
0.596743
0.577944
0.559593
0.541708
0.524306
0.507401
0.491009
0.475144
0.459819
0.445048
0.430841
0.417211
0.404167
0.39172
0.379879
0.368653
0.358048
0.348074
0.338736
0.330041
0.321994
0.314601
0.307866
0.301793
0.296386
0.291647
0.287581
0.284189
0.281473
0.279435
0.278075
0.277395
0.988383
0.965161
0.941979
0.918861
0.895835
0.872925
0.850157
0.827557
0.805148
0.782955
0.761003
0.739315
0.717913
0.696821
0.67606
0.655652
0.635616
0.615974
0.596743
0.577944
0.559593
0.541709
0.524306
0.507401
0.491009
0.475144
0.45982
0.445048
0.430841
0.417211
0.404167
0.39172
0.379879
0.368653
0.358049
0.348074
0.338736
0.330041
0.321994
0.314601
0.307866
0.301793
0.296386
0.291648
0.287581
0.284189
0.281473
0.279435
0.278075
0.277396
0.988383
0.965161
0.941979
0.918862
0.895835
0.872925
0.850157
0.827557
0.805148
0.782955
0.761003
0.739315
0.717914
0.696821
0.67606
0.655652
0.635616
0.615974
0.596743
0.577944
0.559593
0.541709
0.524306
0.507401
0.491009
0.475144
0.45982
0.445048
0.430841
0.417211
0.404167
0.39172
0.379879
0.368653
0.358049
0.348074
0.338736
0.330041
0.321994
0.314601
0.307866
0.301793
0.296386
0.291648
0.287581
0.284189
0.281473
0.279435
0.278076
0.277396
0.988383
0.965161
0.941979
0.918862
0.895835
0.872925
0.850157
0.827557
0.805148
0.782955
0.761003
0.739315
0.717914
0.696821
0.67606
0.655652
0.635616
0.615974
0.596743
0.577944
0.559593
0.541709
0.524306
0.507401
0.491009
0.475144
0.45982
0.445048
0.430841
0.417211
0.404167
0.39172
0.379879
0.368653
0.358049
0.348074
0.338736
0.330041
0.321995
0.314601
0.307866
0.301793
0.296386
0.291648
0.287581
0.284189
0.281473
0.279435
0.278076
0.277396
0.988383
0.965161
0.941979
0.918862
0.895835
0.872925
0.850157
0.827557
0.805148
0.782956
0.761003
0.739315
0.717914
0.696821
0.67606
0.655652
0.635616
0.615974
0.596744
0.577944
0.559594
0.541709
0.524306
0.507401
0.49101
0.475144
0.45982
0.445048
0.430841
0.417211
0.404167
0.39172
0.379879
0.368653
0.358049
0.348074
0.338736
0.330041
0.321995
0.314601
0.307866
0.301793
0.296386
0.291648
0.287581
0.284189
0.281473
0.279435
0.278076
0.277396
0.988383
0.965161
0.941979
0.918862
0.895835
0.872925
0.850157
0.827557
0.805148
0.782956
0.761003
0.739315
0.717914
0.696821
0.67606
0.655652
0.635616
0.615974
0.596744
0.577944
0.559594
0.541709
0.524306
0.507402
0.49101
0.475145
0.45982
0.445048
0.430841
0.417211
0.404167
0.39172
0.379879
0.368653
0.358049
0.348074
0.338736
0.330041
0.321995
0.314601
0.307866
0.301793
0.296386
0.291648
0.287581
0.284189
0.281473
0.279435
0.278076
0.277396
)
;

boundaryField
{
    inlet
    {
        type            fixedValue;
        value           uniform 1;
    }
    outlet
    {
        type            zeroGradient;
    }
    lowerWall
    {
        type            zeroGradient;
    }
    upperWall
    {
        type            zeroGradient;
    }
    frontAndBack
    {
        type            empty;
    }
}


// ************************************************************************* //
