/*--------------------------------*- C++ -*----------------------------------*\
  =========                 |
  \\      /  F ield         | OpenFOAM: The Open Source CFD Toolbox
   \\    /   O peration     | Website:  https://openfoam.org
    \\  /    A nd           | Version:  12
     \\/     M anipulation  |
\*---------------------------------------------------------------------------*/
FoamFile
{
    format      ascii;
    class       volScalarField;
    location    "19";
    object      T;
}
// * * * * * * * * * * * * * * * * * * * * * * * * * * * * * * * * * * * * * //

dimensions      [0 0 0 1 0 0 0];

internalField   nonuniform List<scalar> 
1250
(
0.986967
0.960918
0.934917
0.908999
0.883194
0.857536
0.832056
0.806785
0.781754
0.756992
0.732528
0.708391
0.684608
0.661206
0.63821
0.615644
0.593531
0.571895
0.550755
0.530132
0.510044
0.49051
0.471544
0.453164
0.435382
0.418212
0.401666
0.385754
0.370486
0.355872
0.341919
0.328635
0.316025
0.304095
0.29285
0.282295
0.272432
0.263265
0.254796
0.247028
0.239962
0.2336
0.227942
0.222991
0.218745
0.215207
0.212376
0.210252
0.208836
0.208128
0.986967
0.960918
0.934917
0.908999
0.883194
0.857536
0.832056
0.806785
0.781754
0.756992
0.732528
0.708391
0.684608
0.661206
0.63821
0.615644
0.593531
0.571895
0.550755
0.530132
0.510044
0.49051
0.471544
0.453164
0.435382
0.418212
0.401666
0.385754
0.370486
0.355872
0.341919
0.328635
0.316025
0.304095
0.29285
0.282295
0.272432
0.263265
0.254796
0.247028
0.239962
0.2336
0.227942
0.22299
0.218745
0.215207
0.212376
0.210252
0.208836
0.208128
0.986967
0.960918
0.934917
0.908999
0.883194
0.857536
0.832056
0.806785
0.781754
0.756992
0.732528
0.708391
0.684608
0.661206
0.63821
0.615644
0.593531
0.571895
0.550755
0.530132
0.510044
0.49051
0.471544
0.453164
0.435382
0.418212
0.401666
0.385754
0.370486
0.355872
0.341919
0.328635
0.316025
0.304095
0.29285
0.282295
0.272432
0.263265
0.254796
0.247028
0.239962
0.2336
0.227942
0.222991
0.218745
0.215207
0.212375
0.210252
0.208836
0.208128
0.986967
0.960918
0.934917
0.908999
0.883194
0.857536
0.832056
0.806785
0.781754
0.756992
0.732528
0.708391
0.684608
0.661206
0.63821
0.615644
0.593531
0.571895
0.550755
0.530132
0.510044
0.49051
0.471545
0.453164
0.435382
0.418212
0.401666
0.385754
0.370486
0.355872
0.341919
0.328635
0.316025
0.304095
0.29285
0.282295
0.272432
0.263265
0.254796
0.247028
0.239962
0.2336
0.227942
0.222991
0.218745
0.215207
0.212376
0.210252
0.208836
0.208128
0.986967
0.960918
0.934917
0.908999
0.883194
0.857536
0.832056
0.806785
0.781754
0.756992
0.732528
0.708391
0.684608
0.661206
0.63821
0.615644
0.593531
0.571895
0.550755
0.530132
0.510044
0.49051
0.471545
0.453164
0.435382
0.418212
0.401666
0.385754
0.370487
0.355872
0.341919
0.328635
0.316025
0.304095
0.29285
0.282295
0.272432
0.263265
0.254796
0.247028
0.239962
0.2336
0.227942
0.222991
0.218745
0.215207
0.212376
0.210252
0.208836
0.208128
0.986967
0.960918
0.934917
0.908999
0.883194
0.857536
0.832056
0.806785
0.781754
0.756992
0.732528
0.708391
0.684608
0.661206
0.63821
0.615644
0.593531
0.571895
0.550755
0.530132
0.510044
0.49051
0.471545
0.453164
0.435382
0.418212
0.401666
0.385754
0.370487
0.355872
0.34192
0.328635
0.316025
0.304095
0.292851
0.282295
0.272432
0.263265
0.254796
0.247028
0.239962
0.2336
0.227942
0.222991
0.218745
0.215207
0.212376
0.210252
0.208836
0.208128
0.986967
0.960918
0.934917
0.908999
0.883194
0.857537
0.832056
0.806785
0.781754
0.756992
0.732528
0.708391
0.684608
0.661206
0.63821
0.615644
0.593531
0.571895
0.550755
0.530132
0.510044
0.49051
0.471545
0.453164
0.435382
0.418212
0.401666
0.385754
0.370487
0.355873
0.34192
0.328635
0.316025
0.304095
0.292851
0.282295
0.272432
0.263265
0.254796
0.247028
0.239962
0.2336
0.227943
0.222991
0.218745
0.215207
0.212376
0.210252
0.208836
0.208128
0.986967
0.960918
0.934917
0.908999
0.883195
0.857537
0.832056
0.806785
0.781754
0.756992
0.732528
0.708391
0.684608
0.661206
0.63821
0.615644
0.593531
0.571895
0.550755
0.530132
0.510044
0.49051
0.471545
0.453164
0.435382
0.418212
0.401666
0.385754
0.370487
0.355873
0.34192
0.328635
0.316025
0.304096
0.292851
0.282295
0.272432
0.263265
0.254797
0.247028
0.239962
0.2336
0.227943
0.222991
0.218745
0.215207
0.212376
0.210252
0.208836
0.208128
0.986967
0.960918
0.934917
0.908999
0.883195
0.857537
0.832056
0.806785
0.781754
0.756992
0.732528
0.708391
0.684608
0.661206
0.63821
0.615644
0.593531
0.571895
0.550755
0.530132
0.510045
0.49051
0.471545
0.453164
0.435383
0.418213
0.401666
0.385754
0.370487
0.355873
0.34192
0.328635
0.316025
0.304096
0.292851
0.282295
0.272432
0.263265
0.254797
0.247028
0.239962
0.2336
0.227943
0.222991
0.218745
0.215207
0.212376
0.210252
0.208836
0.208128
0.986967
0.960918
0.934917
0.908999
0.883195
0.857537
0.832056
0.806785
0.781754
0.756992
0.732528
0.708391
0.684608
0.661206
0.63821
0.615644
0.593531
0.571895
0.550755
0.530132
0.510045
0.49051
0.471545
0.453164
0.435383
0.418213
0.401666
0.385754
0.370487
0.355873
0.34192
0.328635
0.316025
0.304096
0.292851
0.282295
0.272432
0.263265
0.254797
0.247028
0.239962
0.2336
0.227943
0.222991
0.218745
0.215207
0.212376
0.210252
0.208836
0.208128
0.986967
0.960918
0.934917
0.908999
0.883195
0.857537
0.832056
0.806785
0.781754
0.756992
0.732528
0.708391
0.684608
0.661206
0.63821
0.615644
0.593531
0.571895
0.550755
0.530132
0.510045
0.49051
0.471545
0.453164
0.435383
0.418213
0.401666
0.385755
0.370487
0.355873
0.34192
0.328635
0.316026
0.304096
0.292851
0.282295
0.272433
0.263265
0.254797
0.247028
0.239963
0.2336
0.227943
0.222991
0.218745
0.215207
0.212376
0.210252
0.208836
0.208128
0.986967
0.960918
0.934917
0.908999
0.883195
0.857537
0.832056
0.806785
0.781754
0.756992
0.732528
0.708391
0.684608
0.661206
0.63821
0.615644
0.593531
0.571895
0.550755
0.530132
0.510045
0.49051
0.471545
0.453164
0.435383
0.418213
0.401666
0.385755
0.370487
0.355873
0.34192
0.328636
0.316026
0.304096
0.292851
0.282295
0.272433
0.263265
0.254797
0.247028
0.239963
0.2336
0.227943
0.222991
0.218745
0.215207
0.212376
0.210252
0.208836
0.208128
0.986967
0.960918
0.934917
0.908999
0.883194
0.857537
0.832056
0.806785
0.781754
0.756992
0.732528
0.708391
0.684608
0.661206
0.63821
0.615644
0.593531
0.571895
0.550755
0.530132
0.510045
0.49051
0.471545
0.453164
0.435383
0.418213
0.401666
0.385755
0.370487
0.355873
0.34192
0.328636
0.316026
0.304096
0.292851
0.282295
0.272433
0.263265
0.254797
0.247028
0.239962
0.2336
0.227943
0.222991
0.218745
0.215207
0.212376
0.210252
0.208836
0.208128
0.986967
0.960918
0.934917
0.908999
0.883194
0.857536
0.832056
0.806785
0.781754
0.756992
0.732528
0.708391
0.684608
0.661206
0.63821
0.615644
0.593531
0.571895
0.550755
0.530132
0.510044
0.49051
0.471545
0.453164
0.435383
0.418213
0.401666
0.385755
0.370487
0.355873
0.34192
0.328636
0.316026
0.304096
0.292851
0.282295
0.272433
0.263265
0.254797
0.247028
0.239962
0.2336
0.227943
0.222991
0.218745
0.215207
0.212376
0.210252
0.208836
0.208128
0.986967
0.960918
0.934917
0.908999
0.883194
0.857536
0.832056
0.806785
0.781754
0.756992
0.732528
0.708391
0.684608
0.661206
0.63821
0.615644
0.593531
0.571895
0.550755
0.530132
0.510044
0.49051
0.471545
0.453164
0.435383
0.418213
0.401666
0.385755
0.370487
0.355873
0.34192
0.328635
0.316026
0.304096
0.292851
0.282295
0.272432
0.263265
0.254797
0.247028
0.239962
0.2336
0.227943
0.222991
0.218745
0.215207
0.212376
0.210252
0.208836
0.208128
0.986967
0.960918
0.934917
0.908999
0.883194
0.857536
0.832056
0.806785
0.781754
0.756992
0.732528
0.708391
0.684608
0.661206
0.63821
0.615644
0.593531
0.571895
0.550755
0.530132
0.510044
0.49051
0.471545
0.453164
0.435383
0.418213
0.401666
0.385754
0.370487
0.355873
0.34192
0.328635
0.316025
0.304096
0.292851
0.282295
0.272432
0.263265
0.254797
0.247028
0.239962
0.2336
0.227943
0.222991
0.218745
0.215207
0.212376
0.210252
0.208836
0.208128
0.986967
0.960918
0.934917
0.908999
0.883194
0.857536
0.832056
0.806785
0.781754
0.756992
0.732528
0.708391
0.684608
0.661206
0.63821
0.615644
0.593531
0.571895
0.550755
0.530132
0.510044
0.49051
0.471545
0.453164
0.435382
0.418213
0.401666
0.385754
0.370487
0.355873
0.34192
0.328635
0.316025
0.304096
0.292851
0.282295
0.272432
0.263265
0.254797
0.247028
0.239962
0.2336
0.227942
0.222991
0.218745
0.215207
0.212375
0.210252
0.208836
0.208128
0.986967
0.960918
0.934917
0.908999
0.883194
0.857536
0.832056
0.806785
0.781754
0.756992
0.732528
0.708391
0.684608
0.661206
0.638209
0.615643
0.593531
0.571894
0.550755
0.530132
0.510044
0.49051
0.471545
0.453164
0.435382
0.418212
0.401666
0.385754
0.370487
0.355873
0.34192
0.328635
0.316025
0.304096
0.292851
0.282295
0.272432
0.263265
0.254796
0.247028
0.239962
0.2336
0.227942
0.222991
0.218745
0.215207
0.212375
0.210252
0.208836
0.208128
0.986967
0.960917
0.934917
0.908999
0.883194
0.857536
0.832056
0.806785
0.781754
0.756991
0.732528
0.708391
0.684608
0.661206
0.638209
0.615643
0.593531
0.571894
0.550755
0.530132
0.510044
0.49051
0.471545
0.453164
0.435382
0.418212
0.401666
0.385754
0.370487
0.355873
0.34192
0.328635
0.316025
0.304095
0.292851
0.282295
0.272432
0.263265
0.254796
0.247028
0.239962
0.2336
0.227942
0.22299
0.218745
0.215207
0.212375
0.210252
0.208836
0.208128
0.986967
0.960917
0.934917
0.908999
0.883194
0.857536
0.832056
0.806785
0.781754
0.756991
0.732528
0.708391
0.684608
0.661206
0.638209
0.615643
0.593531
0.571894
0.550755
0.530132
0.510044
0.49051
0.471544
0.453164
0.435382
0.418212
0.401666
0.385754
0.370487
0.355873
0.34192
0.328635
0.316025
0.304095
0.292851
0.282295
0.272432
0.263265
0.254796
0.247028
0.239962
0.2336
0.227942
0.22299
0.218745
0.215207
0.212375
0.210252
0.208836
0.208128
0.986967
0.960917
0.934917
0.908999
0.883194
0.857536
0.832056
0.806785
0.781753
0.756991
0.732528
0.708391
0.684608
0.661206
0.638209
0.615643
0.593531
0.571894
0.550755
0.530132
0.510044
0.490509
0.471544
0.453164
0.435382
0.418212
0.401666
0.385754
0.370487
0.355872
0.34192
0.328635
0.316025
0.304095
0.29285
0.282295
0.272432
0.263265
0.254796
0.247028
0.239962
0.2336
0.227942
0.22299
0.218745
0.215206
0.212375
0.210252
0.208836
0.208128
0.986967
0.960917
0.934917
0.908999
0.883194
0.857536
0.832056
0.806785
0.781753
0.756991
0.732528
0.708391
0.684608
0.661206
0.638209
0.615643
0.593531
0.571894
0.550754
0.530131
0.510044
0.490509
0.471544
0.453164
0.435382
0.418212
0.401666
0.385754
0.370487
0.355872
0.341919
0.328635
0.316025
0.304095
0.29285
0.282295
0.272432
0.263265
0.254796
0.247028
0.239962
0.2336
0.227942
0.22299
0.218745
0.215206
0.212375
0.210252
0.208836
0.208128
0.986967
0.960917
0.934917
0.908999
0.883194
0.857536
0.832056
0.806785
0.781753
0.756991
0.732528
0.708391
0.684608
0.661205
0.638209
0.615643
0.593531
0.571894
0.550754
0.530131
0.510044
0.490509
0.471544
0.453164
0.435382
0.418212
0.401666
0.385754
0.370487
0.355872
0.341919
0.328635
0.316025
0.304095
0.29285
0.282295
0.272432
0.263265
0.254796
0.247028
0.239962
0.2336
0.227942
0.22299
0.218745
0.215206
0.212375
0.210252
0.208836
0.208128
0.986967
0.960917
0.934917
0.908999
0.883194
0.857536
0.832056
0.806785
0.781753
0.756991
0.732527
0.708391
0.684608
0.661205
0.638209
0.615643
0.593531
0.571894
0.550754
0.530131
0.510044
0.490509
0.471544
0.453164
0.435382
0.418212
0.401666
0.385754
0.370486
0.355872
0.341919
0.328635
0.316025
0.304095
0.29285
0.282295
0.272432
0.263265
0.254796
0.247028
0.239962
0.2336
0.227942
0.22299
0.218745
0.215206
0.212375
0.210252
0.208836
0.208128
0.986967
0.960917
0.934917
0.908998
0.883194
0.857536
0.832056
0.806785
0.781753
0.756991
0.732527
0.708391
0.684608
0.661205
0.638209
0.615643
0.593531
0.571894
0.550754
0.530131
0.510044
0.490509
0.471544
0.453164
0.435382
0.418212
0.401666
0.385754
0.370486
0.355872
0.341919
0.328635
0.316025
0.304095
0.29285
0.282295
0.272432
0.263265
0.254796
0.247028
0.239962
0.2336
0.227942
0.22299
0.218745
0.215206
0.212375
0.210252
0.208836
0.208128
)
;

boundaryField
{
    inlet
    {
        type            fixedValue;
        value           uniform 1;
    }
    outlet
    {
        type            zeroGradient;
    }
    lowerWall
    {
        type            zeroGradient;
    }
    upperWall
    {
        type            zeroGradient;
    }
    frontAndBack
    {
        type            empty;
    }
}


// ************************************************************************* //
