/*--------------------------------*- C++ -*----------------------------------*\
  =========                 |
  \\      /  F ield         | OpenFOAM: The Open Source CFD Toolbox
   \\    /   O peration     | Website:  https://openfoam.org
    \\  /    A nd           | Version:  12
     \\/     M anipulation  |
\*---------------------------------------------------------------------------*/
FoamFile
{
    format      ascii;
    class       volScalarField;
    location    "65";
    object      T;
}
// * * * * * * * * * * * * * * * * * * * * * * * * * * * * * * * * * * * * * //

dimensions      [0 0 0 1 0 0 0];

internalField   nonuniform List<scalar> 
1250
(
0.995898
0.987697
0.979508
0.97134
0.963199
0.955096
0.947036
0.939029
0.931082
0.923203
0.9154
0.90768
0.900052
0.892522
0.885098
0.877788
0.870598
0.863536
0.856609
0.849824
0.843186
0.836704
0.830382
0.824229
0.818248
0.812447
0.806831
0.801406
0.796177
0.791148
0.786326
0.781715
0.777319
0.773143
0.769191
0.765467
0.761974
0.758716
0.755696
0.752917
0.750382
0.748093
0.746053
0.744263
0.742726
0.741442
0.740414
0.739642
0.739127
0.738869
0.995898
0.987697
0.979508
0.97134
0.963199
0.955096
0.947036
0.939029
0.931082
0.923203
0.9154
0.90768
0.900052
0.892522
0.885098
0.877788
0.870598
0.863536
0.856609
0.849824
0.843186
0.836704
0.830382
0.824229
0.818248
0.812447
0.806831
0.801406
0.796177
0.791148
0.786326
0.781715
0.777319
0.773143
0.769191
0.765467
0.761974
0.758716
0.755696
0.752917
0.750382
0.748093
0.746053
0.744263
0.742726
0.741442
0.740414
0.739642
0.739127
0.738869
0.995898
0.987697
0.979508
0.97134
0.963199
0.955096
0.947036
0.939029
0.931082
0.923203
0.9154
0.90768
0.900052
0.892522
0.885098
0.877788
0.870598
0.863536
0.856609
0.849824
0.843186
0.836704
0.830382
0.824229
0.818248
0.812447
0.806831
0.801406
0.796177
0.791148
0.786326
0.781715
0.777319
0.773143
0.769191
0.765467
0.761974
0.758716
0.755696
0.752917
0.750382
0.748093
0.746053
0.744263
0.742726
0.741442
0.740414
0.739642
0.739127
0.738869
0.995898
0.987697
0.979508
0.97134
0.963199
0.955096
0.947036
0.939029
0.931082
0.923203
0.9154
0.90768
0.900052
0.892522
0.885098
0.877788
0.870598
0.863536
0.856609
0.849824
0.843186
0.836704
0.830382
0.824229
0.818248
0.812447
0.806831
0.801406
0.796177
0.791148
0.786326
0.781715
0.777319
0.773143
0.769191
0.765467
0.761974
0.758716
0.755696
0.752917
0.750381
0.748093
0.746052
0.744263
0.742726
0.741442
0.740414
0.739642
0.739127
0.738869
0.995898
0.987697
0.979508
0.97134
0.963199
0.955096
0.947036
0.939029
0.931082
0.923203
0.9154
0.90768
0.900052
0.892522
0.885098
0.877788
0.870598
0.863536
0.856609
0.849824
0.843186
0.836704
0.830382
0.824229
0.818248
0.812447
0.806831
0.801406
0.796177
0.791148
0.786326
0.781715
0.777319
0.773143
0.769191
0.765467
0.761974
0.758716
0.755696
0.752917
0.750381
0.748093
0.746052
0.744263
0.742726
0.741442
0.740414
0.739642
0.739127
0.738869
0.995898
0.987697
0.979508
0.97134
0.963199
0.955096
0.947036
0.939029
0.931082
0.923203
0.9154
0.90768
0.900052
0.892522
0.885098
0.877788
0.870598
0.863536
0.856609
0.849824
0.843186
0.836704
0.830382
0.824229
0.818248
0.812447
0.806831
0.801406
0.796176
0.791148
0.786326
0.781715
0.777319
0.773143
0.769191
0.765467
0.761974
0.758716
0.755695
0.752917
0.750381
0.748093
0.746052
0.744263
0.742726
0.741442
0.740414
0.739642
0.739127
0.738869
0.995898
0.987697
0.979508
0.97134
0.963199
0.955096
0.947036
0.939029
0.931082
0.923203
0.9154
0.90768
0.900052
0.892522
0.885098
0.877788
0.870598
0.863536
0.856609
0.849824
0.843186
0.836704
0.830382
0.824229
0.818248
0.812447
0.806831
0.801406
0.796176
0.791148
0.786326
0.781715
0.777319
0.773143
0.769191
0.765467
0.761974
0.758715
0.755695
0.752916
0.750381
0.748093
0.746052
0.744263
0.742725
0.741442
0.740414
0.739642
0.739127
0.738869
0.995898
0.987697
0.979508
0.97134
0.963199
0.955096
0.947036
0.939029
0.931082
0.923203
0.9154
0.90768
0.900052
0.892522
0.885098
0.877788
0.870598
0.863536
0.856609
0.849824
0.843186
0.836704
0.830382
0.824228
0.818248
0.812447
0.806831
0.801406
0.796176
0.791148
0.786326
0.781715
0.777319
0.773143
0.769191
0.765467
0.761974
0.758715
0.755695
0.752916
0.750381
0.748092
0.746052
0.744263
0.742725
0.741442
0.740414
0.739642
0.739127
0.738869
0.995898
0.987697
0.979508
0.97134
0.963199
0.955096
0.947036
0.939029
0.931082
0.923203
0.9154
0.90768
0.900052
0.892522
0.885098
0.877788
0.870598
0.863536
0.856609
0.849824
0.843186
0.836704
0.830382
0.824228
0.818248
0.812447
0.806831
0.801406
0.796176
0.791148
0.786326
0.781715
0.777319
0.773143
0.769191
0.765467
0.761974
0.758715
0.755695
0.752916
0.750381
0.748092
0.746052
0.744263
0.742725
0.741442
0.740414
0.739642
0.739126
0.738869
0.995898
0.987697
0.979508
0.97134
0.963199
0.955096
0.947036
0.939029
0.931082
0.923203
0.9154
0.90768
0.900052
0.892522
0.885098
0.877788
0.870598
0.863536
0.856609
0.849824
0.843186
0.836704
0.830382
0.824228
0.818248
0.812447
0.806831
0.801406
0.796176
0.791148
0.786326
0.781715
0.777319
0.773143
0.769191
0.765466
0.761973
0.758715
0.755695
0.752916
0.750381
0.748092
0.746052
0.744262
0.742725
0.741442
0.740414
0.739642
0.739126
0.738869
0.995898
0.987697
0.979508
0.97134
0.963199
0.955096
0.947036
0.939029
0.931082
0.923203
0.9154
0.90768
0.900052
0.892522
0.885098
0.877788
0.870598
0.863536
0.856609
0.849824
0.843186
0.836704
0.830382
0.824228
0.818248
0.812447
0.806831
0.801406
0.796176
0.791148
0.786326
0.781715
0.777319
0.773143
0.769191
0.765466
0.761973
0.758715
0.755695
0.752916
0.750381
0.748092
0.746052
0.744262
0.742725
0.741442
0.740413
0.739641
0.739126
0.738869
0.995898
0.987697
0.979508
0.97134
0.963199
0.955096
0.947036
0.939029
0.931082
0.923203
0.9154
0.90768
0.900052
0.892522
0.885098
0.877788
0.870598
0.863536
0.856609
0.849824
0.843186
0.836704
0.830382
0.824228
0.818248
0.812447
0.806831
0.801406
0.796176
0.791148
0.786326
0.781715
0.777319
0.773143
0.769191
0.765466
0.761973
0.758715
0.755695
0.752916
0.750381
0.748092
0.746052
0.744262
0.742725
0.741442
0.740413
0.739641
0.739126
0.738869
0.995898
0.987697
0.979508
0.97134
0.963199
0.955096
0.947036
0.939029
0.931082
0.923203
0.9154
0.90768
0.900052
0.892522
0.885098
0.877788
0.870598
0.863536
0.856609
0.849824
0.843186
0.836704
0.830382
0.824228
0.818248
0.812447
0.806831
0.801406
0.796176
0.791148
0.786326
0.781715
0.777319
0.773143
0.769191
0.765466
0.761973
0.758715
0.755695
0.752916
0.750381
0.748092
0.746052
0.744262
0.742725
0.741442
0.740413
0.739641
0.739126
0.738868
0.995898
0.987697
0.979508
0.97134
0.963199
0.955096
0.947036
0.939029
0.931082
0.923203
0.9154
0.90768
0.900052
0.892522
0.885098
0.877788
0.870598
0.863536
0.856609
0.849824
0.843186
0.836704
0.830382
0.824228
0.818248
0.812447
0.806831
0.801406
0.796176
0.791148
0.786326
0.781715
0.777319
0.773143
0.769191
0.765466
0.761973
0.758715
0.755695
0.752916
0.750381
0.748092
0.746052
0.744262
0.742725
0.741441
0.740413
0.739641
0.739126
0.738868
0.995898
0.987697
0.979508
0.97134
0.963199
0.955096
0.947036
0.939029
0.931082
0.923203
0.9154
0.90768
0.900052
0.892522
0.885098
0.877788
0.870598
0.863536
0.856609
0.849824
0.843186
0.836704
0.830382
0.824228
0.818248
0.812447
0.806831
0.801406
0.796176
0.791148
0.786326
0.781715
0.777319
0.773143
0.769191
0.765466
0.761973
0.758715
0.755695
0.752916
0.750381
0.748092
0.746052
0.744262
0.742725
0.741441
0.740413
0.739641
0.739126
0.738868
0.995898
0.987697
0.979508
0.97134
0.963199
0.955096
0.947036
0.939029
0.931082
0.923203
0.9154
0.90768
0.900052
0.892522
0.885098
0.877788
0.870598
0.863536
0.856609
0.849824
0.843186
0.836704
0.830382
0.824228
0.818248
0.812447
0.806831
0.801406
0.796176
0.791148
0.786326
0.781715
0.777319
0.773143
0.769191
0.765466
0.761973
0.758715
0.755695
0.752916
0.750381
0.748092
0.746052
0.744262
0.742725
0.741441
0.740413
0.739641
0.739126
0.738868
0.995898
0.987697
0.979508
0.97134
0.963199
0.955096
0.947036
0.939029
0.931082
0.923203
0.9154
0.90768
0.900052
0.892522
0.885098
0.877788
0.870598
0.863536
0.856609
0.849824
0.843186
0.836704
0.830382
0.824228
0.818248
0.812447
0.806831
0.801406
0.796176
0.791148
0.786326
0.781715
0.777319
0.773143
0.769191
0.765466
0.761973
0.758715
0.755695
0.752916
0.750381
0.748092
0.746052
0.744262
0.742725
0.741441
0.740413
0.739641
0.739126
0.738868
0.995898
0.987697
0.979508
0.97134
0.963199
0.955096
0.947036
0.939029
0.931082
0.923203
0.9154
0.90768
0.900052
0.892522
0.885098
0.877788
0.870598
0.863536
0.856609
0.849824
0.843186
0.836704
0.830382
0.824228
0.818248
0.812447
0.806831
0.801406
0.796176
0.791148
0.786326
0.781715
0.777319
0.773143
0.769191
0.765466
0.761973
0.758715
0.755695
0.752916
0.750381
0.748092
0.746051
0.744262
0.742725
0.741441
0.740413
0.739641
0.739126
0.738868
0.995898
0.987697
0.979508
0.97134
0.963199
0.955096
0.947036
0.939029
0.931082
0.923203
0.9154
0.90768
0.900052
0.892522
0.885098
0.877788
0.870598
0.863536
0.856609
0.849824
0.843186
0.836704
0.830382
0.824228
0.818248
0.812447
0.806831
0.801406
0.796176
0.791148
0.786326
0.781715
0.777319
0.773143
0.76919
0.765466
0.761973
0.758715
0.755695
0.752916
0.750381
0.748092
0.746051
0.744262
0.742724
0.741441
0.740413
0.739641
0.739126
0.738868
0.995898
0.987697
0.979508
0.97134
0.963199
0.955096
0.947036
0.939029
0.931082
0.923203
0.9154
0.90768
0.900052
0.892522
0.885098
0.877788
0.870598
0.863536
0.856609
0.849824
0.843186
0.836704
0.830382
0.824228
0.818248
0.812447
0.806831
0.801406
0.796176
0.791148
0.786326
0.781715
0.777319
0.773143
0.76919
0.765466
0.761973
0.758715
0.755695
0.752916
0.75038
0.748092
0.746051
0.744262
0.742724
0.741441
0.740413
0.739641
0.739126
0.738868
0.995898
0.987697
0.979508
0.97134
0.963199
0.955096
0.947036
0.939029
0.931082
0.923203
0.9154
0.90768
0.900052
0.892522
0.885098
0.877788
0.870598
0.863536
0.856609
0.849824
0.843186
0.836704
0.830382
0.824228
0.818248
0.812447
0.806831
0.801406
0.796176
0.791148
0.786326
0.781715
0.777319
0.773143
0.76919
0.765466
0.761973
0.758715
0.755695
0.752916
0.75038
0.748092
0.746051
0.744262
0.742724
0.741441
0.740413
0.739641
0.739126
0.738868
0.995898
0.987697
0.979508
0.97134
0.963199
0.955096
0.947036
0.939029
0.931082
0.923203
0.9154
0.90768
0.900052
0.892522
0.885098
0.877788
0.870598
0.863536
0.856609
0.849824
0.843186
0.836704
0.830382
0.824229
0.818248
0.812447
0.806831
0.801406
0.796176
0.791148
0.786326
0.781715
0.777319
0.773143
0.76919
0.765466
0.761973
0.758715
0.755695
0.752916
0.75038
0.748092
0.746051
0.744262
0.742724
0.741441
0.740413
0.739641
0.739126
0.738868
0.995898
0.987697
0.979508
0.97134
0.963199
0.955096
0.947036
0.939029
0.931082
0.923203
0.9154
0.90768
0.900052
0.892522
0.885098
0.877788
0.870598
0.863537
0.856609
0.849824
0.843186
0.836704
0.830382
0.824229
0.818248
0.812447
0.806831
0.801406
0.796176
0.791148
0.786326
0.781715
0.777319
0.773143
0.76919
0.765466
0.761973
0.758715
0.755695
0.752916
0.75038
0.748092
0.746051
0.744262
0.742724
0.741441
0.740413
0.739641
0.739126
0.738868
0.995898
0.987697
0.979508
0.97134
0.963199
0.955096
0.947036
0.939029
0.931082
0.923203
0.9154
0.90768
0.900052
0.892522
0.885098
0.877788
0.870598
0.863537
0.856609
0.849824
0.843186
0.836704
0.830382
0.824229
0.818248
0.812447
0.806831
0.801406
0.796176
0.791148
0.786326
0.781715
0.777319
0.773143
0.76919
0.765466
0.761973
0.758715
0.755695
0.752916
0.75038
0.748091
0.746051
0.744262
0.742724
0.741441
0.740413
0.739641
0.739125
0.738868
0.995898
0.987697
0.979508
0.97134
0.963199
0.955096
0.947036
0.939029
0.931082
0.923203
0.9154
0.90768
0.900052
0.892522
0.885098
0.877788
0.870598
0.863537
0.856609
0.849824
0.843186
0.836704
0.830382
0.824229
0.818248
0.812447
0.806831
0.801406
0.796176
0.791148
0.786326
0.781715
0.777319
0.773143
0.76919
0.765466
0.761973
0.758715
0.755694
0.752915
0.75038
0.748091
0.746051
0.744262
0.742724
0.741441
0.740413
0.739641
0.739125
0.738868
)
;

boundaryField
{
    inlet
    {
        type            fixedValue;
        value           uniform 1;
    }
    outlet
    {
        type            zeroGradient;
    }
    lowerWall
    {
        type            zeroGradient;
    }
    upperWall
    {
        type            zeroGradient;
    }
    frontAndBack
    {
        type            empty;
    }
}


// ************************************************************************* //
