/*--------------------------------*- C++ -*----------------------------------*\
  =========                 |
  \\      /  F ield         | OpenFOAM: The Open Source CFD Toolbox
   \\    /   O peration     | Website:  https://openfoam.org
    \\  /    A nd           | Version:  12
     \\/     M anipulation  |
\*---------------------------------------------------------------------------*/
FoamFile
{
    format      ascii;
    class       volScalarField;
    location    "39";
    object      T;
}
// * * * * * * * * * * * * * * * * * * * * * * * * * * * * * * * * * * * * * //

dimensions      [0 0 0 1 0 0 0];

internalField   nonuniform List<scalar> 
1250
(
0.992261
0.97679
0.961342
0.945933
0.930578
0.915292
0.90009
0.884987
0.869999
0.85514
0.840425
0.825869
0.811486
0.797291
0.783296
0.769517
0.755967
0.742659
0.729607
0.716823
0.704319
0.692109
0.680204
0.668615
0.657355
0.646434
0.635863
0.625652
0.615811
0.60635
0.597278
0.588603
0.580335
0.572481
0.565049
0.558046
0.551479
0.545354
0.539677
0.534453
0.529689
0.525387
0.521553
0.51819
0.515302
0.512891
0.510959
0.509508
0.508541
0.508056
0.992261
0.97679
0.961342
0.945933
0.930578
0.915292
0.90009
0.884987
0.869999
0.85514
0.840425
0.825869
0.811486
0.797291
0.783296
0.769517
0.755967
0.742659
0.729607
0.716823
0.704319
0.692109
0.680204
0.668615
0.657355
0.646434
0.635863
0.625652
0.615811
0.60635
0.597278
0.588603
0.580335
0.572481
0.565049
0.558046
0.551479
0.545354
0.539677
0.534453
0.529689
0.525387
0.521553
0.51819
0.515302
0.512891
0.510959
0.509508
0.50854
0.508056
0.992261
0.97679
0.961342
0.945933
0.930578
0.915292
0.90009
0.884987
0.869999
0.85514
0.840425
0.825869
0.811486
0.797291
0.783296
0.769517
0.755967
0.742659
0.729607
0.716823
0.704319
0.692109
0.680204
0.668615
0.657355
0.646434
0.635863
0.625652
0.615811
0.60635
0.597278
0.588603
0.580335
0.572481
0.565049
0.558046
0.551479
0.545353
0.539677
0.534453
0.529689
0.525387
0.521553
0.51819
0.515302
0.512891
0.510959
0.509508
0.50854
0.508056
0.992261
0.97679
0.961342
0.945933
0.930578
0.915292
0.90009
0.884987
0.869999
0.85514
0.840425
0.825869
0.811486
0.797291
0.783296
0.769517
0.755967
0.742659
0.729607
0.716823
0.704319
0.692109
0.680204
0.668615
0.657355
0.646434
0.635863
0.625652
0.615811
0.60635
0.597278
0.588603
0.580335
0.572481
0.565049
0.558046
0.551479
0.545353
0.539677
0.534453
0.529689
0.525387
0.521553
0.51819
0.515302
0.512891
0.510959
0.509508
0.50854
0.508056
0.992261
0.97679
0.961342
0.945933
0.930578
0.915292
0.90009
0.884987
0.869999
0.85514
0.840425
0.825869
0.811486
0.797291
0.783296
0.769517
0.755967
0.742659
0.729607
0.716823
0.704319
0.692109
0.680204
0.668615
0.657355
0.646434
0.635863
0.625652
0.615811
0.60635
0.597278
0.588603
0.580335
0.572481
0.565049
0.558046
0.551478
0.545353
0.539676
0.534453
0.529689
0.525387
0.521553
0.51819
0.515302
0.51289
0.510959
0.509508
0.50854
0.508056
0.992261
0.97679
0.961342
0.945933
0.930578
0.915292
0.90009
0.884987
0.869999
0.85514
0.840425
0.825869
0.811486
0.797291
0.783296
0.769517
0.755967
0.742659
0.729607
0.716823
0.704319
0.692109
0.680204
0.668615
0.657355
0.646434
0.635863
0.625652
0.615811
0.60635
0.597278
0.588603
0.580335
0.572481
0.565049
0.558046
0.551478
0.545353
0.539676
0.534453
0.529688
0.525387
0.521553
0.51819
0.515302
0.51289
0.510959
0.509508
0.50854
0.508056
0.992261
0.97679
0.961342
0.945933
0.930578
0.915292
0.90009
0.884987
0.869999
0.85514
0.840425
0.825869
0.811486
0.797291
0.783296
0.769517
0.755967
0.742659
0.729607
0.716823
0.704319
0.692109
0.680204
0.668615
0.657355
0.646434
0.635863
0.625652
0.615811
0.60635
0.597278
0.588603
0.580335
0.572481
0.565049
0.558046
0.551478
0.545353
0.539676
0.534453
0.529688
0.525387
0.521553
0.51819
0.515302
0.51289
0.510958
0.509508
0.50854
0.508056
0.992261
0.97679
0.961342
0.945933
0.930578
0.915292
0.90009
0.884987
0.869999
0.85514
0.840425
0.825869
0.811486
0.797291
0.783296
0.769517
0.755967
0.742659
0.729607
0.716823
0.704319
0.692109
0.680204
0.668615
0.657355
0.646434
0.635863
0.625652
0.615811
0.60635
0.597278
0.588603
0.580335
0.572481
0.565049
0.558046
0.551478
0.545353
0.539676
0.534453
0.529688
0.525387
0.521553
0.51819
0.515301
0.51289
0.510958
0.509508
0.50854
0.508056
0.992261
0.97679
0.961342
0.945933
0.930578
0.915292
0.90009
0.884987
0.869999
0.85514
0.840425
0.825869
0.811486
0.797291
0.783296
0.769517
0.755967
0.742659
0.729607
0.716823
0.704319
0.692109
0.680204
0.668615
0.657355
0.646434
0.635863
0.625652
0.615811
0.60635
0.597278
0.588603
0.580335
0.572481
0.565049
0.558046
0.551478
0.545353
0.539676
0.534453
0.529688
0.525387
0.521553
0.51819
0.515301
0.51289
0.510958
0.509508
0.50854
0.508056
0.992261
0.97679
0.961342
0.945933
0.930578
0.915292
0.90009
0.884987
0.869999
0.85514
0.840425
0.825869
0.811486
0.797291
0.783296
0.769517
0.755967
0.742659
0.729607
0.716823
0.704319
0.692109
0.680204
0.668615
0.657355
0.646434
0.635863
0.625652
0.615811
0.60635
0.597278
0.588603
0.580335
0.572481
0.565049
0.558045
0.551478
0.545353
0.539676
0.534453
0.529688
0.525387
0.521553
0.51819
0.515301
0.51289
0.510958
0.509507
0.50854
0.508055
0.992261
0.97679
0.961342
0.945933
0.930578
0.915292
0.90009
0.884987
0.869999
0.85514
0.840425
0.825869
0.811486
0.797291
0.783296
0.769517
0.755967
0.742659
0.729607
0.716823
0.704319
0.692109
0.680204
0.668615
0.657355
0.646434
0.635863
0.625652
0.615811
0.60635
0.597278
0.588603
0.580335
0.572481
0.565049
0.558045
0.551478
0.545353
0.539676
0.534453
0.529688
0.525386
0.521552
0.51819
0.515301
0.51289
0.510958
0.509507
0.508539
0.508055
0.992261
0.97679
0.961342
0.945933
0.930578
0.915292
0.90009
0.884987
0.869999
0.85514
0.840425
0.825869
0.811486
0.797291
0.783296
0.769517
0.755967
0.742659
0.729607
0.716823
0.704319
0.692109
0.680204
0.668615
0.657355
0.646434
0.635863
0.625652
0.615811
0.60635
0.597277
0.588603
0.580335
0.572481
0.565048
0.558045
0.551478
0.545353
0.539676
0.534452
0.529688
0.525386
0.521552
0.518189
0.515301
0.51289
0.510958
0.509507
0.508539
0.508055
0.992261
0.97679
0.961342
0.945933
0.930578
0.915292
0.90009
0.884987
0.869999
0.85514
0.840425
0.825869
0.811486
0.797291
0.783296
0.769517
0.755967
0.742659
0.729607
0.716823
0.704319
0.692109
0.680204
0.668615
0.657355
0.646434
0.635863
0.625652
0.615811
0.60635
0.597277
0.588603
0.580335
0.572481
0.565048
0.558045
0.551478
0.545353
0.539676
0.534452
0.529688
0.525386
0.521552
0.518189
0.515301
0.512889
0.510958
0.509507
0.508539
0.508055
0.992261
0.97679
0.961342
0.945933
0.930578
0.915292
0.90009
0.884987
0.869999
0.85514
0.840425
0.825869
0.811486
0.797291
0.783296
0.769517
0.755967
0.742659
0.729607
0.716823
0.704319
0.692109
0.680204
0.668615
0.657355
0.646434
0.635863
0.625652
0.615811
0.60635
0.597277
0.588603
0.580335
0.572481
0.565048
0.558045
0.551478
0.545353
0.539676
0.534452
0.529687
0.525386
0.521552
0.518189
0.515301
0.512889
0.510957
0.509507
0.508539
0.508055
0.992261
0.97679
0.961342
0.945933
0.930578
0.915292
0.90009
0.884987
0.869999
0.85514
0.840425
0.825869
0.811486
0.797291
0.783296
0.769517
0.755967
0.742659
0.729607
0.716823
0.704319
0.692109
0.680204
0.668615
0.657355
0.646434
0.635863
0.625652
0.615811
0.60635
0.597277
0.588603
0.580335
0.57248
0.565048
0.558045
0.551478
0.545352
0.539675
0.534452
0.529687
0.525386
0.521552
0.518189
0.5153
0.512889
0.510957
0.509507
0.508539
0.508055
0.992261
0.97679
0.961342
0.945933
0.930578
0.915292
0.90009
0.884987
0.869999
0.85514
0.840425
0.825869
0.811486
0.797291
0.783296
0.769517
0.755967
0.742659
0.729607
0.716823
0.704319
0.692109
0.680204
0.668615
0.657355
0.646434
0.635863
0.625652
0.615811
0.60635
0.597277
0.588603
0.580334
0.57248
0.565048
0.558045
0.551478
0.545352
0.539675
0.534452
0.529687
0.525386
0.521552
0.518189
0.5153
0.512889
0.510957
0.509507
0.508539
0.508055
0.992261
0.97679
0.961342
0.945933
0.930578
0.915292
0.90009
0.884987
0.869999
0.85514
0.840425
0.825869
0.811486
0.797291
0.783296
0.769517
0.755967
0.742659
0.729607
0.716823
0.704319
0.692109
0.680204
0.668615
0.657355
0.646434
0.635863
0.625652
0.615811
0.60635
0.597277
0.588603
0.580334
0.57248
0.565048
0.558045
0.551477
0.545352
0.539675
0.534452
0.529687
0.525386
0.521552
0.518189
0.5153
0.512889
0.510957
0.509506
0.508539
0.508054
0.992261
0.97679
0.961342
0.945933
0.930578
0.915292
0.90009
0.884987
0.869999
0.85514
0.840426
0.825869
0.811486
0.797291
0.783297
0.769518
0.755967
0.74266
0.729607
0.716823
0.704319
0.692109
0.680204
0.668615
0.657355
0.646434
0.635863
0.625652
0.615811
0.60635
0.597277
0.588603
0.580334
0.57248
0.565048
0.558045
0.551477
0.545352
0.539675
0.534452
0.529687
0.525386
0.521552
0.518189
0.5153
0.512889
0.510957
0.509506
0.508538
0.508054
0.992261
0.97679
0.961342
0.945933
0.930578
0.915292
0.90009
0.884987
0.869999
0.85514
0.840426
0.825869
0.811486
0.797291
0.783297
0.769518
0.755967
0.74266
0.729607
0.716823
0.704319
0.692109
0.680204
0.668615
0.657355
0.646434
0.635863
0.625652
0.615811
0.606349
0.597277
0.588603
0.580334
0.57248
0.565048
0.558045
0.551477
0.545352
0.539675
0.534452
0.529687
0.525385
0.521551
0.518189
0.5153
0.512889
0.510957
0.509506
0.508538
0.508054
0.992261
0.97679
0.961342
0.945933
0.930578
0.915292
0.90009
0.884987
0.869999
0.85514
0.840426
0.825869
0.811486
0.797291
0.783297
0.769518
0.755967
0.74266
0.729607
0.716823
0.704319
0.692109
0.680204
0.668615
0.657355
0.646434
0.635863
0.625652
0.615811
0.606349
0.597277
0.588603
0.580334
0.57248
0.565048
0.558045
0.551477
0.545352
0.539675
0.534452
0.529687
0.525385
0.521551
0.518188
0.5153
0.512889
0.510957
0.509506
0.508538
0.508054
0.992261
0.97679
0.961342
0.945933
0.930578
0.915292
0.90009
0.884987
0.869999
0.85514
0.840426
0.82587
0.811487
0.797291
0.783297
0.769518
0.755968
0.74266
0.729607
0.716823
0.704319
0.692109
0.680204
0.668615
0.657355
0.646434
0.635863
0.625652
0.615811
0.606349
0.597277
0.588603
0.580334
0.57248
0.565048
0.558045
0.551477
0.545352
0.539675
0.534451
0.529687
0.525385
0.521551
0.518188
0.5153
0.512888
0.510957
0.509506
0.508538
0.508054
0.992261
0.97679
0.961342
0.945933
0.930578
0.915292
0.90009
0.884987
0.869999
0.85514
0.840426
0.82587
0.811487
0.797291
0.783297
0.769518
0.755968
0.74266
0.729607
0.716823
0.704319
0.692109
0.680204
0.668615
0.657355
0.646434
0.635863
0.625652
0.615811
0.606349
0.597277
0.588602
0.580334
0.57248
0.565048
0.558044
0.551477
0.545352
0.539675
0.534451
0.529687
0.525385
0.521551
0.518188
0.5153
0.512888
0.510956
0.509506
0.508538
0.508054
0.992261
0.97679
0.961342
0.945933
0.930578
0.915292
0.90009
0.884987
0.869999
0.85514
0.840426
0.82587
0.811487
0.797291
0.783297
0.769518
0.755968
0.74266
0.729607
0.716823
0.704319
0.692109
0.680204
0.668615
0.657355
0.646434
0.635863
0.625652
0.615811
0.606349
0.597277
0.588602
0.580334
0.57248
0.565048
0.558044
0.551477
0.545352
0.539675
0.534451
0.529687
0.525385
0.521551
0.518188
0.5153
0.512888
0.510956
0.509506
0.508538
0.508054
0.992261
0.97679
0.961342
0.945933
0.930578
0.915292
0.90009
0.884987
0.869999
0.85514
0.840426
0.82587
0.811487
0.797291
0.783297
0.769518
0.755968
0.74266
0.729607
0.716823
0.70432
0.692109
0.680204
0.668615
0.657355
0.646434
0.635863
0.625652
0.615811
0.606349
0.597277
0.588602
0.580334
0.57248
0.565048
0.558044
0.551477
0.545352
0.539675
0.534451
0.529687
0.525385
0.521551
0.518188
0.5153
0.512888
0.510956
0.509506
0.508538
0.508054
0.992261
0.97679
0.961342
0.945933
0.930578
0.915292
0.90009
0.884987
0.869999
0.85514
0.840426
0.82587
0.811487
0.797291
0.783297
0.769518
0.755968
0.74266
0.729607
0.716823
0.70432
0.692109
0.680204
0.668616
0.657355
0.646434
0.635863
0.625652
0.615811
0.606349
0.597277
0.588602
0.580334
0.57248
0.565048
0.558044
0.551477
0.545352
0.539675
0.534451
0.529687
0.525385
0.521551
0.518188
0.5153
0.512888
0.510956
0.509506
0.508538
0.508054
)
;

boundaryField
{
    inlet
    {
        type            fixedValue;
        value           uniform 1;
    }
    outlet
    {
        type            zeroGradient;
    }
    lowerWall
    {
        type            zeroGradient;
    }
    upperWall
    {
        type            zeroGradient;
    }
    frontAndBack
    {
        type            empty;
    }
}


// ************************************************************************* //
