/*--------------------------------*- C++ -*----------------------------------*\
  =========                 |
  \\      /  F ield         | OpenFOAM: The Open Source CFD Toolbox
   \\    /   O peration     | Website:  https://openfoam.org
    \\  /    A nd           | Version:  12
     \\/     M anipulation  |
\*---------------------------------------------------------------------------*/
FoamFile
{
    format      ascii;
    class       volScalarField;
    location    "49";
    object      T;
}
// * * * * * * * * * * * * * * * * * * * * * * * * * * * * * * * * * * * * * //

dimensions      [0 0 0 1 0 0 0];

internalField   nonuniform List<scalar> 
1250
(
0.99394
0.981826
0.96973
0.957664
0.945639
0.933669
0.921764
0.909936
0.898198
0.88656
0.875034
0.863631
0.852364
0.841242
0.830277
0.81948
0.808862
0.798432
0.788202
0.77818
0.768378
0.758805
0.749469
0.740382
0.73155
0.722984
0.714691
0.70668
0.698959
0.691535
0.684415
0.677606
0.671116
0.66495
0.659115
0.653617
0.64846
0.64365
0.639191
0.635089
0.631346
0.627968
0.624956
0.622314
0.620044
0.61815
0.616632
0.615492
0.614732
0.614352
0.99394
0.981826
0.96973
0.957664
0.945639
0.933669
0.921764
0.909936
0.898198
0.88656
0.875034
0.863631
0.852364
0.841242
0.830277
0.81948
0.808862
0.798432
0.788202
0.77818
0.768378
0.758805
0.749469
0.740382
0.73155
0.722984
0.714691
0.70668
0.698959
0.691535
0.684415
0.677606
0.671116
0.664951
0.659115
0.653617
0.64846
0.64365
0.639191
0.635089
0.631346
0.627968
0.624956
0.622314
0.620045
0.61815
0.616632
0.615492
0.614732
0.614352
0.99394
0.981826
0.96973
0.957664
0.945639
0.933669
0.921764
0.909936
0.898198
0.88656
0.875034
0.863631
0.852364
0.841242
0.830277
0.81948
0.808862
0.798432
0.788202
0.77818
0.768378
0.758805
0.749469
0.740382
0.73155
0.722984
0.714691
0.70668
0.698959
0.691535
0.684415
0.677606
0.671116
0.66495
0.659115
0.653617
0.64846
0.64365
0.639191
0.635089
0.631346
0.627967
0.624956
0.622314
0.620044
0.61815
0.616632
0.615492
0.614732
0.614352
0.99394
0.981826
0.96973
0.957664
0.945639
0.933669
0.921764
0.909936
0.898198
0.88656
0.875034
0.863631
0.852364
0.841242
0.830277
0.81948
0.808862
0.798432
0.788202
0.77818
0.768378
0.758805
0.749469
0.740382
0.73155
0.722984
0.714691
0.70668
0.698959
0.691535
0.684415
0.677606
0.671116
0.66495
0.659115
0.653617
0.64846
0.64365
0.639191
0.635089
0.631346
0.627967
0.624956
0.622314
0.620044
0.61815
0.616632
0.615492
0.614732
0.614351
0.99394
0.981826
0.96973
0.957664
0.945639
0.933669
0.921764
0.909936
0.898198
0.88656
0.875034
0.863631
0.852364
0.841242
0.830277
0.81948
0.808862
0.798432
0.788201
0.77818
0.768378
0.758805
0.749469
0.740382
0.73155
0.722984
0.714691
0.70668
0.698959
0.691535
0.684415
0.677606
0.671116
0.66495
0.659115
0.653617
0.64846
0.64365
0.639191
0.635089
0.631346
0.627967
0.624956
0.622314
0.620044
0.61815
0.616632
0.615492
0.614732
0.614351
0.99394
0.981826
0.96973
0.957664
0.945639
0.933669
0.921764
0.909936
0.898198
0.88656
0.875034
0.863631
0.852364
0.841242
0.830277
0.81948
0.808862
0.798432
0.788201
0.77818
0.768378
0.758805
0.749469
0.740382
0.73155
0.722984
0.714691
0.70668
0.698959
0.691535
0.684415
0.677606
0.671116
0.66495
0.659115
0.653617
0.64846
0.64365
0.639191
0.635089
0.631346
0.627967
0.624955
0.622314
0.620044
0.61815
0.616632
0.615492
0.614732
0.614351
0.99394
0.981826
0.96973
0.957664
0.945639
0.933669
0.921764
0.909936
0.898198
0.88656
0.875034
0.863631
0.852364
0.841242
0.830277
0.81948
0.808862
0.798432
0.788201
0.77818
0.768378
0.758805
0.749469
0.740382
0.73155
0.722984
0.714691
0.70668
0.698959
0.691535
0.684415
0.677606
0.671116
0.66495
0.659115
0.653617
0.64846
0.64365
0.639191
0.635089
0.631346
0.627967
0.624955
0.622314
0.620044
0.61815
0.616632
0.615492
0.614732
0.614351
0.99394
0.981826
0.96973
0.957664
0.945639
0.933669
0.921764
0.909936
0.898198
0.88656
0.875034
0.863631
0.852364
0.841242
0.830277
0.81948
0.808862
0.798432
0.788202
0.77818
0.768378
0.758805
0.749469
0.740382
0.73155
0.722984
0.714691
0.70668
0.698959
0.691535
0.684415
0.677606
0.671116
0.66495
0.659115
0.653617
0.64846
0.64365
0.639191
0.635089
0.631346
0.627967
0.624955
0.622313
0.620044
0.61815
0.616632
0.615492
0.614732
0.614351
0.99394
0.981826
0.96973
0.957664
0.945639
0.933669
0.921764
0.909936
0.898198
0.88656
0.875034
0.863631
0.852364
0.841242
0.830277
0.81948
0.808862
0.798432
0.788202
0.77818
0.768378
0.758805
0.749469
0.740382
0.73155
0.722984
0.714691
0.70668
0.698959
0.691534
0.684415
0.677606
0.671116
0.66495
0.659115
0.653617
0.64846
0.64365
0.639191
0.635088
0.631346
0.627967
0.624955
0.622313
0.620044
0.618149
0.616632
0.615492
0.614731
0.614351
0.99394
0.981826
0.96973
0.957664
0.945639
0.933669
0.921764
0.909936
0.898198
0.88656
0.875034
0.863631
0.852364
0.841242
0.830277
0.81948
0.808862
0.798432
0.788202
0.77818
0.768378
0.758805
0.749469
0.740382
0.73155
0.722984
0.714691
0.70668
0.698959
0.691534
0.684415
0.677606
0.671116
0.66495
0.659115
0.653616
0.64846
0.643649
0.639191
0.635088
0.631346
0.627967
0.624955
0.622313
0.620044
0.618149
0.616631
0.615492
0.614731
0.614351
0.99394
0.981826
0.96973
0.957664
0.945639
0.933669
0.921764
0.909936
0.898198
0.88656
0.875034
0.863631
0.852364
0.841242
0.830277
0.81948
0.808862
0.798432
0.788202
0.77818
0.768378
0.758805
0.749469
0.740382
0.73155
0.722984
0.714691
0.70668
0.698959
0.691534
0.684415
0.677606
0.671116
0.66495
0.659115
0.653616
0.648459
0.643649
0.639191
0.635088
0.631346
0.627967
0.624955
0.622313
0.620044
0.618149
0.616631
0.615492
0.614731
0.614351
0.99394
0.981826
0.96973
0.957664
0.945639
0.933669
0.921764
0.909936
0.898198
0.88656
0.875034
0.863631
0.852364
0.841242
0.830277
0.81948
0.808862
0.798432
0.788202
0.77818
0.768378
0.758805
0.749469
0.740382
0.73155
0.722984
0.714691
0.70668
0.698959
0.691534
0.684415
0.677606
0.671116
0.66495
0.659115
0.653616
0.648459
0.643649
0.639191
0.635088
0.631346
0.627967
0.624955
0.622313
0.620044
0.618149
0.616631
0.615491
0.614731
0.614351
0.99394
0.981826
0.96973
0.957664
0.945639
0.933669
0.921764
0.909936
0.898198
0.88656
0.875034
0.863631
0.852364
0.841242
0.830277
0.81948
0.808862
0.798432
0.788202
0.77818
0.768378
0.758805
0.749469
0.740382
0.73155
0.722984
0.714691
0.70668
0.698959
0.691534
0.684414
0.677606
0.671116
0.66495
0.659115
0.653616
0.648459
0.643649
0.639191
0.635088
0.631345
0.627967
0.624955
0.622313
0.620043
0.618149
0.616631
0.615491
0.614731
0.614351
0.99394
0.981826
0.96973
0.957664
0.945639
0.933669
0.921764
0.909936
0.898198
0.88656
0.875034
0.863631
0.852364
0.841242
0.830278
0.819481
0.808862
0.798432
0.788202
0.77818
0.768378
0.758805
0.749469
0.740382
0.73155
0.722984
0.714691
0.70668
0.698959
0.691534
0.684414
0.677606
0.671116
0.66495
0.659115
0.653616
0.648459
0.643649
0.639191
0.635088
0.631345
0.627966
0.624955
0.622313
0.620043
0.618149
0.616631
0.615491
0.614731
0.61435
0.99394
0.981826
0.96973
0.957664
0.945639
0.933669
0.921764
0.909936
0.898198
0.88656
0.875034
0.863631
0.852364
0.841242
0.830278
0.819481
0.808862
0.798432
0.788202
0.77818
0.768378
0.758805
0.749469
0.740382
0.73155
0.722984
0.714691
0.70668
0.698959
0.691534
0.684414
0.677606
0.671116
0.66495
0.659115
0.653616
0.648459
0.643649
0.63919
0.635088
0.631345
0.627966
0.624954
0.622313
0.620043
0.618149
0.616631
0.615491
0.614731
0.61435
0.99394
0.981826
0.96973
0.957664
0.945639
0.933669
0.921764
0.909936
0.898198
0.88656
0.875034
0.863631
0.852364
0.841242
0.830278
0.819481
0.808862
0.798432
0.788202
0.77818
0.768378
0.758805
0.749469
0.740382
0.73155
0.722984
0.714691
0.70668
0.698959
0.691534
0.684414
0.677606
0.671116
0.66495
0.659115
0.653616
0.648459
0.643649
0.63919
0.635088
0.631345
0.627966
0.624954
0.622312
0.620043
0.618149
0.616631
0.615491
0.614731
0.61435
0.99394
0.981826
0.96973
0.957664
0.945639
0.933669
0.921764
0.909936
0.898198
0.88656
0.875034
0.863631
0.852364
0.841242
0.830278
0.819481
0.808862
0.798432
0.788202
0.77818
0.768378
0.758805
0.749469
0.740382
0.73155
0.722984
0.714691
0.70668
0.698959
0.691534
0.684414
0.677606
0.671116
0.66495
0.659115
0.653616
0.648459
0.643649
0.63919
0.635088
0.631345
0.627966
0.624954
0.622312
0.620043
0.618148
0.616631
0.615491
0.61473
0.61435
0.99394
0.981826
0.96973
0.957664
0.945639
0.933669
0.921764
0.909936
0.898198
0.88656
0.875034
0.863631
0.852364
0.841242
0.830278
0.819481
0.808862
0.798432
0.788202
0.77818
0.768378
0.758805
0.749469
0.740382
0.73155
0.722984
0.714691
0.70668
0.698959
0.691534
0.684414
0.677606
0.671115
0.66495
0.659115
0.653616
0.648459
0.643649
0.63919
0.635088
0.631345
0.627966
0.624954
0.622312
0.620043
0.618148
0.61663
0.615491
0.61473
0.61435
0.99394
0.981826
0.96973
0.957664
0.945639
0.933669
0.921764
0.909936
0.898198
0.88656
0.875034
0.863632
0.852364
0.841242
0.830278
0.819481
0.808862
0.798432
0.788202
0.77818
0.768378
0.758805
0.749469
0.740382
0.73155
0.722984
0.714691
0.70668
0.698959
0.691534
0.684414
0.677606
0.671115
0.66495
0.659115
0.653616
0.648459
0.643649
0.63919
0.635087
0.631345
0.627966
0.624954
0.622312
0.620043
0.618148
0.61663
0.615491
0.61473
0.61435
0.99394
0.981826
0.96973
0.957664
0.945639
0.933669
0.921764
0.909936
0.898198
0.88656
0.875034
0.863632
0.852364
0.841242
0.830278
0.819481
0.808862
0.798432
0.788202
0.77818
0.768378
0.758805
0.749469
0.740382
0.73155
0.722984
0.714691
0.70668
0.698959
0.691534
0.684414
0.677606
0.671115
0.66495
0.659114
0.653616
0.648459
0.643649
0.63919
0.635087
0.631345
0.627966
0.624954
0.622312
0.620043
0.618148
0.61663
0.615491
0.61473
0.61435
0.99394
0.981826
0.96973
0.957664
0.945639
0.933669
0.921764
0.909936
0.898198
0.88656
0.875034
0.863632
0.852364
0.841242
0.830278
0.819481
0.808862
0.798432
0.788202
0.77818
0.768378
0.758805
0.749469
0.740382
0.73155
0.722984
0.714691
0.70668
0.698959
0.691534
0.684414
0.677606
0.671115
0.66495
0.659114
0.653616
0.648459
0.643649
0.63919
0.635087
0.631345
0.627966
0.624954
0.622312
0.620043
0.618148
0.61663
0.615491
0.61473
0.61435
0.99394
0.981826
0.96973
0.957664
0.945639
0.933669
0.921764
0.909936
0.898198
0.88656
0.875034
0.863632
0.852364
0.841242
0.830278
0.819481
0.808862
0.798432
0.788202
0.77818
0.768378
0.758805
0.74947
0.740382
0.73155
0.722984
0.714691
0.70668
0.698958
0.691534
0.684414
0.677606
0.671115
0.66495
0.659114
0.653616
0.648459
0.643648
0.63919
0.635087
0.631345
0.627966
0.624954
0.622312
0.620043
0.618148
0.61663
0.61549
0.61473
0.61435
0.99394
0.981826
0.96973
0.957664
0.945639
0.933669
0.921764
0.909936
0.898198
0.88656
0.875034
0.863632
0.852364
0.841242
0.830278
0.819481
0.808862
0.798432
0.788202
0.77818
0.768378
0.758805
0.74947
0.740382
0.73155
0.722984
0.714691
0.70668
0.698958
0.691534
0.684414
0.677606
0.671115
0.66495
0.659114
0.653616
0.648459
0.643648
0.63919
0.635087
0.631345
0.627966
0.624954
0.622312
0.620043
0.618148
0.61663
0.61549
0.61473
0.61435
0.99394
0.981826
0.96973
0.957664
0.945639
0.933669
0.921764
0.909936
0.898198
0.88656
0.875034
0.863632
0.852364
0.841242
0.830278
0.819481
0.808862
0.798432
0.788202
0.77818
0.768378
0.758805
0.74947
0.740382
0.73155
0.722984
0.714691
0.70668
0.698958
0.691534
0.684414
0.677606
0.671115
0.664949
0.659114
0.653616
0.648459
0.643648
0.63919
0.635087
0.631345
0.627966
0.624954
0.622312
0.620043
0.618148
0.61663
0.61549
0.61473
0.61435
0.99394
0.981826
0.96973
0.957664
0.945639
0.933669
0.921764
0.909936
0.898198
0.88656
0.875034
0.863632
0.852364
0.841242
0.830278
0.819481
0.808862
0.798432
0.788202
0.77818
0.768378
0.758805
0.74947
0.740382
0.73155
0.722984
0.714691
0.70668
0.698958
0.691534
0.684414
0.677606
0.671115
0.664949
0.659114
0.653616
0.648459
0.643648
0.63919
0.635087
0.631345
0.627966
0.624954
0.622312
0.620043
0.618148
0.61663
0.61549
0.61473
0.61435
)
;

boundaryField
{
    inlet
    {
        type            fixedValue;
        value           uniform 1;
    }
    outlet
    {
        type            zeroGradient;
    }
    lowerWall
    {
        type            zeroGradient;
    }
    upperWall
    {
        type            zeroGradient;
    }
    frontAndBack
    {
        type            empty;
    }
}


// ************************************************************************* //
