/*--------------------------------*- C++ -*----------------------------------*\
  =========                 |
  \\      /  F ield         | OpenFOAM: The Open Source CFD Toolbox
   \\    /   O peration     | Website:  https://openfoam.org
    \\  /    A nd           | Version:  12
     \\/     M anipulation  |
\*---------------------------------------------------------------------------*/
FoamFile
{
    format      ascii;
    class       volScalarField;
    location    "78";
    object      T;
}
// * * * * * * * * * * * * * * * * * * * * * * * * * * * * * * * * * * * * * //

dimensions      [0 0 0 1 0 0 0];

internalField   nonuniform List<scalar> 
1250
(
0.997012
0.991038
0.985073
0.979123
0.973193
0.96729
0.961419
0.955586
0.949797
0.944058
0.938374
0.932751
0.927194
0.921709
0.916301
0.910976
0.905739
0.900594
0.895548
0.890605
0.88577
0.881048
0.876443
0.871961
0.867604
0.863378
0.859287
0.855335
0.851526
0.847863
0.844351
0.840992
0.837789
0.834747
0.831868
0.829155
0.826611
0.824237
0.822037
0.820013
0.818166
0.816499
0.815013
0.813709
0.812589
0.811654
0.810905
0.810343
0.809968
0.80978
0.997012
0.991038
0.985073
0.979123
0.973193
0.96729
0.961419
0.955586
0.949797
0.944058
0.938374
0.932751
0.927194
0.921709
0.916301
0.910976
0.905739
0.900594
0.895548
0.890605
0.88577
0.881048
0.876443
0.871961
0.867604
0.863378
0.859287
0.855335
0.851526
0.847863
0.844351
0.840992
0.837789
0.834747
0.831868
0.829155
0.826611
0.824237
0.822037
0.820013
0.818166
0.816499
0.815013
0.813709
0.812589
0.811654
0.810905
0.810343
0.809968
0.80978
0.997012
0.991038
0.985073
0.979123
0.973193
0.96729
0.961419
0.955586
0.949797
0.944058
0.938374
0.932751
0.927194
0.921709
0.916301
0.910976
0.905739
0.900594
0.895548
0.890605
0.88577
0.881048
0.876443
0.871961
0.867604
0.863378
0.859287
0.855335
0.851526
0.847863
0.844351
0.840992
0.837789
0.834747
0.831868
0.829155
0.826611
0.824237
0.822037
0.820013
0.818166
0.816499
0.815013
0.813709
0.812589
0.811654
0.810905
0.810343
0.809968
0.80978
0.997012
0.991038
0.985073
0.979123
0.973193
0.96729
0.961419
0.955586
0.949797
0.944058
0.938374
0.932751
0.927194
0.921709
0.916301
0.910976
0.905739
0.900594
0.895548
0.890605
0.88577
0.881048
0.876443
0.871961
0.867604
0.863378
0.859287
0.855335
0.851526
0.847863
0.844351
0.840992
0.837789
0.834747
0.831868
0.829155
0.826611
0.824237
0.822037
0.820013
0.818166
0.816499
0.815013
0.813709
0.812589
0.811654
0.810905
0.810343
0.809968
0.80978
0.997012
0.991038
0.985073
0.979123
0.973193
0.96729
0.961419
0.955586
0.949797
0.944058
0.938374
0.932751
0.927194
0.921709
0.916301
0.910976
0.905739
0.900594
0.895548
0.890605
0.88577
0.881048
0.876443
0.871961
0.867604
0.863378
0.859287
0.855335
0.851526
0.847863
0.844351
0.840992
0.837789
0.834747
0.831868
0.829155
0.826611
0.824237
0.822037
0.820013
0.818166
0.816499
0.815013
0.813709
0.812589
0.811654
0.810905
0.810343
0.809968
0.80978
0.997012
0.991038
0.985073
0.979123
0.973193
0.96729
0.961419
0.955586
0.949797
0.944058
0.938374
0.932751
0.927194
0.921709
0.916301
0.910976
0.905739
0.900594
0.895548
0.890605
0.88577
0.881048
0.876443
0.871961
0.867604
0.863378
0.859287
0.855335
0.851526
0.847863
0.844351
0.840992
0.837789
0.834747
0.831868
0.829155
0.826611
0.824237
0.822037
0.820013
0.818166
0.816499
0.815013
0.813709
0.812589
0.811654
0.810905
0.810343
0.809968
0.80978
0.997012
0.991038
0.985073
0.979123
0.973193
0.96729
0.961419
0.955586
0.949797
0.944058
0.938374
0.932751
0.927194
0.921709
0.916301
0.910976
0.905739
0.900594
0.895548
0.890605
0.88577
0.881048
0.876443
0.871961
0.867604
0.863378
0.859287
0.855335
0.851526
0.847863
0.844351
0.840992
0.837789
0.834747
0.831868
0.829155
0.826611
0.824237
0.822037
0.820013
0.818166
0.816499
0.815013
0.813709
0.812589
0.811654
0.810905
0.810343
0.809967
0.80978
0.997012
0.991038
0.985073
0.979123
0.973193
0.96729
0.961419
0.955586
0.949797
0.944058
0.938374
0.932751
0.927194
0.921709
0.916301
0.910976
0.905739
0.900594
0.895548
0.890605
0.88577
0.881048
0.876443
0.871961
0.867604
0.863378
0.859287
0.855335
0.851526
0.847863
0.844351
0.840991
0.837789
0.834747
0.831868
0.829155
0.826611
0.824237
0.822037
0.820013
0.818166
0.816499
0.815013
0.813709
0.812589
0.811654
0.810905
0.810343
0.809967
0.80978
0.997012
0.991038
0.985073
0.979123
0.973193
0.96729
0.961419
0.955586
0.949797
0.944058
0.938374
0.932751
0.927194
0.921709
0.916301
0.910976
0.905739
0.900594
0.895548
0.890605
0.88577
0.881048
0.876443
0.871961
0.867604
0.863378
0.859287
0.855335
0.851526
0.847863
0.844351
0.840991
0.837789
0.834747
0.831868
0.829155
0.826611
0.824237
0.822037
0.820013
0.818166
0.816499
0.815012
0.813709
0.812589
0.811654
0.810905
0.810343
0.809967
0.80978
0.997012
0.991038
0.985073
0.979123
0.973193
0.96729
0.961419
0.955586
0.949797
0.944058
0.938374
0.932751
0.927194
0.921709
0.916301
0.910976
0.905739
0.900594
0.895548
0.890605
0.88577
0.881048
0.876443
0.871961
0.867604
0.863378
0.859287
0.855335
0.851526
0.847863
0.844351
0.840991
0.837789
0.834747
0.831868
0.829155
0.826611
0.824237
0.822037
0.820013
0.818166
0.816499
0.815012
0.813709
0.812589
0.811654
0.810905
0.810343
0.809967
0.80978
0.997012
0.991038
0.985073
0.979123
0.973193
0.96729
0.961419
0.955586
0.949797
0.944058
0.938374
0.932751
0.927194
0.921709
0.916301
0.910976
0.905739
0.900594
0.895548
0.890605
0.88577
0.881048
0.876443
0.871961
0.867604
0.863378
0.859287
0.855335
0.851526
0.847863
0.844351
0.840991
0.837789
0.834747
0.831868
0.829155
0.82661
0.824237
0.822037
0.820013
0.818166
0.816499
0.815012
0.813709
0.812589
0.811654
0.810905
0.810342
0.809967
0.80978
0.997012
0.991038
0.985073
0.979123
0.973193
0.96729
0.961419
0.955586
0.949797
0.944058
0.938374
0.932751
0.927194
0.921709
0.916301
0.910976
0.905739
0.900594
0.895548
0.890605
0.88577
0.881048
0.876443
0.871961
0.867604
0.863378
0.859287
0.855335
0.851526
0.847863
0.84435
0.840991
0.837789
0.834747
0.831868
0.829155
0.82661
0.824237
0.822037
0.820013
0.818166
0.816499
0.815012
0.813709
0.812589
0.811654
0.810905
0.810342
0.809967
0.809779
0.997012
0.991038
0.985073
0.979123
0.973193
0.96729
0.961419
0.955586
0.949797
0.944058
0.938374
0.932751
0.927194
0.921709
0.916301
0.910976
0.905739
0.900594
0.895548
0.890605
0.88577
0.881048
0.876443
0.871961
0.867604
0.863378
0.859287
0.855335
0.851526
0.847863
0.84435
0.840991
0.837789
0.834747
0.831868
0.829155
0.82661
0.824237
0.822037
0.820013
0.818166
0.816498
0.815012
0.813709
0.812589
0.811654
0.810905
0.810342
0.809967
0.809779
0.997012
0.991038
0.985073
0.979123
0.973193
0.96729
0.961419
0.955586
0.949797
0.944058
0.938374
0.932751
0.927194
0.921709
0.916301
0.910976
0.905739
0.900594
0.895548
0.890605
0.88577
0.881048
0.876443
0.871961
0.867604
0.863378
0.859287
0.855335
0.851526
0.847863
0.84435
0.840991
0.837789
0.834747
0.831868
0.829155
0.82661
0.824237
0.822037
0.820013
0.818166
0.816498
0.815012
0.813709
0.812589
0.811654
0.810905
0.810342
0.809967
0.809779
0.997012
0.991038
0.985073
0.979123
0.973193
0.96729
0.961419
0.955586
0.949797
0.944058
0.938374
0.932751
0.927194
0.921709
0.916301
0.910976
0.905739
0.900594
0.895548
0.890605
0.88577
0.881048
0.876443
0.871961
0.867604
0.863378
0.859287
0.855335
0.851526
0.847863
0.84435
0.840991
0.837789
0.834747
0.831868
0.829155
0.82661
0.824237
0.822037
0.820012
0.818166
0.816498
0.815012
0.813708
0.812589
0.811654
0.810905
0.810342
0.809967
0.809779
0.997012
0.991038
0.985073
0.979123
0.973193
0.96729
0.961419
0.955586
0.949797
0.944058
0.938374
0.932751
0.927194
0.921709
0.916301
0.910976
0.905739
0.900594
0.895548
0.890605
0.88577
0.881048
0.876443
0.871961
0.867604
0.863378
0.859287
0.855335
0.851526
0.847863
0.84435
0.840991
0.837789
0.834747
0.831868
0.829155
0.82661
0.824237
0.822037
0.820012
0.818166
0.816498
0.815012
0.813708
0.812589
0.811654
0.810905
0.810342
0.809967
0.809779
0.997012
0.991038
0.985073
0.979123
0.973193
0.96729
0.961419
0.955586
0.949797
0.944058
0.938374
0.932751
0.927194
0.921709
0.916301
0.910976
0.905739
0.900594
0.895548
0.890605
0.88577
0.881048
0.876443
0.871961
0.867604
0.863378
0.859287
0.855335
0.851526
0.847863
0.84435
0.840991
0.837789
0.834747
0.831868
0.829155
0.82661
0.824237
0.822037
0.820012
0.818166
0.816498
0.815012
0.813708
0.812588
0.811654
0.810905
0.810342
0.809967
0.809779
0.997012
0.991038
0.985073
0.979123
0.973193
0.96729
0.961419
0.955586
0.949797
0.944058
0.938374
0.932751
0.927194
0.921709
0.916301
0.910976
0.905739
0.900594
0.895548
0.890605
0.88577
0.881048
0.876443
0.871961
0.867604
0.863378
0.859287
0.855335
0.851526
0.847863
0.84435
0.840991
0.837789
0.834747
0.831868
0.829155
0.82661
0.824237
0.822037
0.820012
0.818166
0.816498
0.815012
0.813708
0.812588
0.811654
0.810904
0.810342
0.809967
0.809779
0.997012
0.991038
0.985073
0.979123
0.973193
0.96729
0.961419
0.955586
0.949797
0.944058
0.938374
0.932751
0.927194
0.921709
0.916301
0.910976
0.905739
0.900594
0.895548
0.890605
0.88577
0.881048
0.876443
0.871961
0.867604
0.863378
0.859287
0.855335
0.851526
0.847863
0.84435
0.840991
0.837789
0.834747
0.831868
0.829155
0.82661
0.824237
0.822037
0.820012
0.818166
0.816498
0.815012
0.813708
0.812588
0.811653
0.810904
0.810342
0.809967
0.809779
0.997012
0.991038
0.985073
0.979123
0.973193
0.96729
0.961419
0.955586
0.949797
0.944058
0.938374
0.932751
0.927194
0.921709
0.916301
0.910976
0.905739
0.900594
0.895548
0.890605
0.88577
0.881048
0.876443
0.871961
0.867604
0.863378
0.859287
0.855335
0.851526
0.847863
0.84435
0.840991
0.837789
0.834747
0.831868
0.829155
0.82661
0.824237
0.822037
0.820012
0.818165
0.816498
0.815012
0.813708
0.812588
0.811653
0.810904
0.810342
0.809967
0.809779
0.997012
0.991038
0.985073
0.979123
0.973193
0.96729
0.961419
0.955586
0.949797
0.944058
0.938374
0.932751
0.927194
0.921709
0.916301
0.910976
0.905739
0.900594
0.895548
0.890605
0.88577
0.881048
0.876443
0.871961
0.867604
0.863378
0.859287
0.855335
0.851526
0.847863
0.84435
0.840991
0.837789
0.834747
0.831868
0.829155
0.82661
0.824237
0.822037
0.820012
0.818165
0.816498
0.815012
0.813708
0.812588
0.811653
0.810904
0.810342
0.809967
0.809779
0.997012
0.991038
0.985073
0.979123
0.973193
0.96729
0.961419
0.955586
0.949797
0.944058
0.938374
0.932751
0.927194
0.921709
0.916301
0.910976
0.905739
0.900594
0.895548
0.890605
0.885771
0.881048
0.876443
0.871961
0.867604
0.863378
0.859287
0.855335
0.851526
0.847863
0.84435
0.840991
0.837789
0.834747
0.831868
0.829155
0.82661
0.824237
0.822037
0.820012
0.818165
0.816498
0.815012
0.813708
0.812588
0.811653
0.810904
0.810342
0.809967
0.809779
0.997012
0.991038
0.985073
0.979123
0.973193
0.96729
0.961419
0.955586
0.949797
0.944058
0.938374
0.932751
0.927194
0.921709
0.916301
0.910976
0.905739
0.900594
0.895548
0.890605
0.885771
0.881048
0.876443
0.871961
0.867604
0.863378
0.859287
0.855335
0.851526
0.847863
0.84435
0.840991
0.837789
0.834747
0.831868
0.829155
0.82661
0.824237
0.822037
0.820012
0.818165
0.816498
0.815012
0.813708
0.812588
0.811653
0.810904
0.810342
0.809967
0.809779
0.997012
0.991038
0.985073
0.979123
0.973193
0.96729
0.961419
0.955586
0.949797
0.944058
0.938374
0.932751
0.927194
0.921709
0.916301
0.910976
0.905739
0.900594
0.895548
0.890605
0.885771
0.881048
0.876443
0.871961
0.867604
0.863378
0.859287
0.855335
0.851526
0.847863
0.84435
0.840991
0.837789
0.834747
0.831868
0.829155
0.82661
0.824237
0.822037
0.820012
0.818165
0.816498
0.815012
0.813708
0.812588
0.811653
0.810904
0.810342
0.809967
0.809779
0.997012
0.991038
0.985073
0.979123
0.973193
0.96729
0.961419
0.955586
0.949797
0.944058
0.938374
0.932751
0.927194
0.921709
0.916301
0.910976
0.905739
0.900595
0.895548
0.890606
0.885771
0.881048
0.876444
0.871961
0.867604
0.863378
0.859287
0.855335
0.851526
0.847863
0.84435
0.840991
0.837789
0.834747
0.831868
0.829155
0.82661
0.824237
0.822037
0.820012
0.818165
0.816498
0.815012
0.813708
0.812588
0.811653
0.810904
0.810342
0.809967
0.809779
)
;

boundaryField
{
    inlet
    {
        type            fixedValue;
        value           uniform 1;
    }
    outlet
    {
        type            zeroGradient;
    }
    lowerWall
    {
        type            zeroGradient;
    }
    upperWall
    {
        type            zeroGradient;
    }
    frontAndBack
    {
        type            empty;
    }
}


// ************************************************************************* //
