/*--------------------------------*- C++ -*----------------------------------*\
  =========                 |
  \\      /  F ield         | OpenFOAM: The Open Source CFD Toolbox
   \\    /   O peration     | Website:  https://openfoam.org
    \\  /    A nd           | Version:  12
     \\/     M anipulation  |
\*---------------------------------------------------------------------------*/
FoamFile
{
    format      ascii;
    class       volScalarField;
    location    "41";
    object      T;
}
// * * * * * * * * * * * * * * * * * * * * * * * * * * * * * * * * * * * * * //

dimensions      [0 0 0 1 0 0 0];

internalField   nonuniform List<scalar> 
1250
(
0.992631
0.977901
0.963193
0.948521
0.933901
0.919346
0.904871
0.89049
0.876219
0.86207
0.848058
0.834196
0.8205
0.806981
0.793653
0.780531
0.767626
0.754951
0.742519
0.730342
0.718432
0.7068
0.695459
0.68442
0.673693
0.663288
0.653216
0.643487
0.63411
0.625095
0.61645
0.608184
0.600305
0.59282
0.585737
0.579063
0.572803
0.566965
0.561554
0.556576
0.552034
0.547934
0.544279
0.541074
0.53832
0.536021
0.53418
0.532797
0.531875
0.531413
0.992631
0.977901
0.963193
0.948521
0.933901
0.919346
0.904871
0.89049
0.876219
0.86207
0.848058
0.834196
0.8205
0.806981
0.793653
0.780531
0.767626
0.754951
0.742519
0.730342
0.718432
0.7068
0.695459
0.68442
0.673693
0.663288
0.653216
0.643487
0.63411
0.625095
0.61645
0.608184
0.600305
0.59282
0.585737
0.579063
0.572803
0.566965
0.561554
0.556576
0.552034
0.547934
0.544279
0.541074
0.53832
0.536021
0.53418
0.532797
0.531874
0.531413
0.992631
0.977901
0.963193
0.948521
0.933901
0.919346
0.904871
0.89049
0.876219
0.86207
0.848058
0.834196
0.8205
0.806981
0.793653
0.780531
0.767626
0.754951
0.742519
0.730342
0.718432
0.7068
0.695459
0.68442
0.673693
0.663288
0.653216
0.643487
0.63411
0.625095
0.61645
0.608184
0.600305
0.59282
0.585737
0.579063
0.572803
0.566965
0.561554
0.556576
0.552034
0.547934
0.544279
0.541074
0.53832
0.536021
0.53418
0.532797
0.531874
0.531413
0.992631
0.977901
0.963193
0.948521
0.933901
0.919346
0.904871
0.89049
0.876219
0.86207
0.848058
0.834196
0.8205
0.806981
0.793653
0.780531
0.767626
0.754951
0.742519
0.730342
0.718432
0.7068
0.695459
0.68442
0.673693
0.663288
0.653216
0.643487
0.63411
0.625095
0.61645
0.608184
0.600305
0.59282
0.585737
0.579063
0.572803
0.566965
0.561554
0.556576
0.552034
0.547934
0.544279
0.541074
0.53832
0.536021
0.53418
0.532797
0.531874
0.531413
0.992631
0.977901
0.963193
0.948521
0.933901
0.919346
0.904871
0.89049
0.876219
0.86207
0.848058
0.834196
0.8205
0.806981
0.793653
0.780531
0.767626
0.754951
0.742519
0.730342
0.718432
0.7068
0.695459
0.68442
0.673693
0.663288
0.653216
0.643487
0.63411
0.625095
0.61645
0.608184
0.600305
0.59282
0.585737
0.579062
0.572803
0.566965
0.561554
0.556576
0.552034
0.547934
0.544279
0.541074
0.53832
0.536021
0.53418
0.532797
0.531874
0.531413
0.992631
0.977901
0.963193
0.948521
0.933901
0.919346
0.904871
0.89049
0.876219
0.86207
0.848058
0.834196
0.8205
0.806981
0.793653
0.780531
0.767626
0.754951
0.742519
0.730342
0.718432
0.7068
0.69546
0.68442
0.673693
0.663288
0.653216
0.643487
0.63411
0.625095
0.61645
0.608184
0.600305
0.59282
0.585737
0.579062
0.572803
0.566965
0.561554
0.556576
0.552034
0.547934
0.544279
0.541073
0.53832
0.536021
0.53418
0.532797
0.531874
0.531413
0.992631
0.977901
0.963193
0.948521
0.933901
0.919346
0.904871
0.89049
0.876219
0.86207
0.848058
0.834196
0.8205
0.806981
0.793653
0.780531
0.767626
0.754951
0.742519
0.730342
0.718432
0.7068
0.69546
0.68442
0.673693
0.663288
0.653216
0.643487
0.63411
0.625095
0.61645
0.608184
0.600305
0.59282
0.585737
0.579062
0.572803
0.566965
0.561554
0.556575
0.552034
0.547934
0.544279
0.541073
0.53832
0.536021
0.534179
0.532797
0.531874
0.531413
0.992631
0.977901
0.963193
0.948521
0.933901
0.919346
0.904871
0.89049
0.876219
0.86207
0.848058
0.834196
0.8205
0.806981
0.793653
0.780531
0.767626
0.754951
0.742519
0.730342
0.718432
0.7068
0.69546
0.68442
0.673693
0.663288
0.653216
0.643487
0.63411
0.625095
0.61645
0.608184
0.600305
0.59282
0.585737
0.579062
0.572803
0.566965
0.561554
0.556575
0.552034
0.547934
0.544279
0.541073
0.53832
0.536021
0.534179
0.532797
0.531874
0.531412
0.992631
0.977901
0.963193
0.948521
0.933901
0.919346
0.904871
0.89049
0.876219
0.86207
0.848058
0.834196
0.8205
0.806981
0.793653
0.780531
0.767626
0.754951
0.742519
0.730342
0.718432
0.7068
0.69546
0.68442
0.673693
0.663288
0.653216
0.643487
0.63411
0.625095
0.61645
0.608184
0.600305
0.59282
0.585737
0.579062
0.572803
0.566965
0.561554
0.556575
0.552034
0.547933
0.544279
0.541073
0.53832
0.536021
0.534179
0.532796
0.531874
0.531412
0.992631
0.977901
0.963193
0.948521
0.933901
0.919346
0.904871
0.89049
0.876219
0.86207
0.848058
0.834196
0.8205
0.806981
0.793653
0.780531
0.767626
0.754951
0.742519
0.730342
0.718432
0.7068
0.69546
0.68442
0.673693
0.663288
0.653216
0.643487
0.63411
0.625095
0.61645
0.608184
0.600305
0.59282
0.585737
0.579062
0.572803
0.566965
0.561554
0.556575
0.552033
0.547933
0.544279
0.541073
0.538319
0.536021
0.534179
0.532796
0.531874
0.531412
0.992631
0.977901
0.963193
0.948521
0.933901
0.919346
0.904871
0.89049
0.876219
0.86207
0.848058
0.834196
0.8205
0.806981
0.793653
0.780531
0.767626
0.754951
0.742519
0.730342
0.718432
0.7068
0.69546
0.68442
0.673693
0.663288
0.653216
0.643487
0.63411
0.625095
0.61645
0.608184
0.600305
0.59282
0.585737
0.579062
0.572803
0.566965
0.561554
0.556575
0.552033
0.547933
0.544278
0.541073
0.538319
0.536021
0.534179
0.532796
0.531873
0.531412
0.992631
0.977901
0.963193
0.948521
0.933901
0.919346
0.904871
0.89049
0.876219
0.86207
0.848058
0.834196
0.8205
0.806981
0.793654
0.780531
0.767626
0.754951
0.742519
0.730342
0.718432
0.706801
0.69546
0.68442
0.673693
0.663288
0.653216
0.643487
0.63411
0.625095
0.61645
0.608184
0.600305
0.59282
0.585736
0.579062
0.572803
0.566965
0.561554
0.556575
0.552033
0.547933
0.544278
0.541073
0.538319
0.53602
0.534179
0.532796
0.531873
0.531412
0.992631
0.977901
0.963193
0.948521
0.933901
0.919346
0.904871
0.89049
0.876219
0.86207
0.848058
0.834196
0.8205
0.806981
0.793654
0.780531
0.767626
0.754951
0.742519
0.730342
0.718432
0.706801
0.69546
0.68442
0.673693
0.663288
0.653216
0.643487
0.63411
0.625095
0.61645
0.608184
0.600305
0.59282
0.585736
0.579062
0.572803
0.566965
0.561554
0.556575
0.552033
0.547933
0.544278
0.541072
0.538319
0.53602
0.534179
0.532796
0.531873
0.531412
0.992631
0.977901
0.963193
0.948521
0.933901
0.919346
0.904871
0.89049
0.876219
0.86207
0.848058
0.834196
0.8205
0.806981
0.793654
0.780531
0.767626
0.754951
0.742519
0.730342
0.718432
0.706801
0.69546
0.68442
0.673693
0.663288
0.653216
0.643487
0.63411
0.625095
0.61645
0.608184
0.600304
0.592819
0.585736
0.579062
0.572803
0.566964
0.561553
0.556575
0.552033
0.547933
0.544278
0.541072
0.538319
0.53602
0.534178
0.532796
0.531873
0.531411
0.992631
0.977901
0.963193
0.948521
0.933901
0.919346
0.904871
0.89049
0.876219
0.86207
0.848058
0.834196
0.8205
0.806981
0.793654
0.780531
0.767626
0.754951
0.742519
0.730342
0.718432
0.706801
0.69546
0.68442
0.673693
0.663288
0.653216
0.643487
0.63411
0.625095
0.61645
0.608184
0.600304
0.592819
0.585736
0.579062
0.572802
0.566964
0.561553
0.556575
0.552033
0.547933
0.544278
0.541072
0.538319
0.53602
0.534178
0.532795
0.531873
0.531411
0.992631
0.977901
0.963193
0.948521
0.933901
0.919346
0.904871
0.89049
0.876219
0.86207
0.848058
0.834196
0.8205
0.806981
0.793654
0.780531
0.767626
0.754951
0.742519
0.730342
0.718432
0.706801
0.69546
0.68442
0.673693
0.663288
0.653216
0.643487
0.63411
0.625095
0.61645
0.608184
0.600304
0.592819
0.585736
0.579062
0.572802
0.566964
0.561553
0.556574
0.552033
0.547932
0.544278
0.541072
0.538318
0.53602
0.534178
0.532795
0.531873
0.531411
0.992631
0.977901
0.963193
0.948521
0.933901
0.919346
0.904871
0.89049
0.876219
0.86207
0.848058
0.834196
0.8205
0.806981
0.793654
0.780531
0.767626
0.754951
0.742519
0.730342
0.718432
0.706801
0.69546
0.68442
0.673693
0.663288
0.653216
0.643487
0.63411
0.625095
0.61645
0.608184
0.600304
0.592819
0.585736
0.579062
0.572802
0.566964
0.561553
0.556574
0.552033
0.547932
0.544278
0.541072
0.538318
0.53602
0.534178
0.532795
0.531873
0.531411
0.992631
0.977901
0.963193
0.948521
0.933901
0.919346
0.904871
0.89049
0.876219
0.86207
0.848058
0.834197
0.8205
0.806981
0.793654
0.780531
0.767626
0.754951
0.742519
0.730342
0.718432
0.706801
0.69546
0.68442
0.673693
0.663288
0.653216
0.643487
0.63411
0.625095
0.61645
0.608184
0.600304
0.592819
0.585736
0.579061
0.572802
0.566964
0.561553
0.556574
0.552032
0.547932
0.544277
0.541072
0.538318
0.53602
0.534178
0.532795
0.531872
0.531411
0.992631
0.977901
0.963193
0.948521
0.933901
0.919346
0.904871
0.89049
0.876219
0.86207
0.848058
0.834197
0.8205
0.806981
0.793654
0.780531
0.767626
0.754951
0.742519
0.730342
0.718432
0.706801
0.69546
0.68442
0.673693
0.663288
0.653216
0.643487
0.63411
0.625095
0.61645
0.608184
0.600304
0.592819
0.585736
0.579061
0.572802
0.566964
0.561553
0.556574
0.552032
0.547932
0.544277
0.541072
0.538318
0.536019
0.534178
0.532795
0.531872
0.531411
0.992631
0.977901
0.963193
0.948521
0.933901
0.919346
0.904871
0.89049
0.876219
0.86207
0.848058
0.834197
0.8205
0.806981
0.793654
0.780531
0.767626
0.754951
0.742519
0.730342
0.718432
0.706801
0.69546
0.68442
0.673693
0.663288
0.653216
0.643487
0.63411
0.625095
0.61645
0.608184
0.600304
0.592819
0.585736
0.579061
0.572802
0.566964
0.561553
0.556574
0.552032
0.547932
0.544277
0.541072
0.538318
0.536019
0.534178
0.532795
0.531872
0.531411
0.992631
0.977901
0.963193
0.948521
0.933901
0.919346
0.904871
0.89049
0.876219
0.86207
0.848058
0.834197
0.8205
0.806981
0.793654
0.780531
0.767626
0.754951
0.742519
0.730342
0.718432
0.706801
0.69546
0.68442
0.673693
0.663288
0.653216
0.643487
0.63411
0.625095
0.61645
0.608184
0.600304
0.592819
0.585736
0.579061
0.572802
0.566964
0.561553
0.556574
0.552032
0.547932
0.544277
0.541072
0.538318
0.536019
0.534178
0.532795
0.531872
0.531411
0.992631
0.977901
0.963193
0.948521
0.933901
0.919346
0.904871
0.89049
0.876219
0.86207
0.848058
0.834197
0.8205
0.806981
0.793654
0.780531
0.767626
0.754951
0.742519
0.730342
0.718432
0.706801
0.69546
0.68442
0.673693
0.663288
0.653216
0.643487
0.63411
0.625095
0.61645
0.608183
0.600304
0.592819
0.585736
0.579061
0.572802
0.566964
0.561553
0.556574
0.552032
0.547932
0.544277
0.541071
0.538318
0.536019
0.534178
0.532795
0.531872
0.531411
0.992631
0.977901
0.963193
0.948521
0.933901
0.919346
0.904871
0.890491
0.876219
0.86207
0.848058
0.834197
0.8205
0.806981
0.793654
0.780531
0.767626
0.754951
0.742519
0.730342
0.718432
0.706801
0.69546
0.68442
0.673693
0.663288
0.653216
0.643487
0.63411
0.625095
0.61645
0.608183
0.600304
0.592819
0.585736
0.579061
0.572802
0.566964
0.561553
0.556574
0.552032
0.547932
0.544277
0.541071
0.538318
0.536019
0.534178
0.532795
0.531872
0.531411
0.992631
0.977901
0.963193
0.948521
0.933901
0.919346
0.904871
0.890491
0.876219
0.86207
0.848058
0.834197
0.8205
0.806981
0.793654
0.780531
0.767626
0.754951
0.742519
0.730342
0.718432
0.706801
0.69546
0.68442
0.673693
0.663288
0.653216
0.643487
0.63411
0.625095
0.61645
0.608183
0.600304
0.592819
0.585736
0.579061
0.572802
0.566964
0.561553
0.556574
0.552032
0.547932
0.544277
0.541071
0.538318
0.536019
0.534177
0.532795
0.531872
0.531411
0.992631
0.977901
0.963193
0.948521
0.933901
0.919346
0.904871
0.890491
0.876219
0.86207
0.848058
0.834197
0.8205
0.806981
0.793654
0.780531
0.767626
0.754951
0.742519
0.730342
0.718432
0.706801
0.69546
0.68442
0.673693
0.663288
0.653216
0.643487
0.63411
0.625095
0.61645
0.608183
0.600304
0.592819
0.585736
0.579061
0.572802
0.566964
0.561553
0.556574
0.552032
0.547932
0.544277
0.541071
0.538318
0.536019
0.534177
0.532795
0.531872
0.531411
)
;

boundaryField
{
    inlet
    {
        type            fixedValue;
        value           uniform 1;
    }
    outlet
    {
        type            zeroGradient;
    }
    lowerWall
    {
        type            zeroGradient;
    }
    upperWall
    {
        type            zeroGradient;
    }
    frontAndBack
    {
        type            empty;
    }
}


// ************************************************************************* //
