/*--------------------------------*- C++ -*----------------------------------*\
  =========                 |
  \\      /  F ield         | OpenFOAM: The Open Source CFD Toolbox
   \\    /   O peration     | Website:  https://openfoam.org
    \\  /    A nd           | Version:  12
     \\/     M anipulation  |
\*---------------------------------------------------------------------------*/
FoamFile
{
    format      ascii;
    class       volScalarField;
    location    "43";
    object      T;
}
// * * * * * * * * * * * * * * * * * * * * * * * * * * * * * * * * * * * * * //

dimensions      [0 0 0 1 0 0 0];

internalField   nonuniform List<scalar> 
1250
(
0.992983
0.978957
0.964952
0.950981
0.937059
0.923199
0.909415
0.895721
0.882131
0.868657
0.855314
0.842113
0.829069
0.816195
0.803502
0.791005
0.778713
0.766642
0.754801
0.743202
0.731858
0.720779
0.709976
0.69946
0.689241
0.679329
0.669734
0.660466
0.651532
0.642943
0.634707
0.626831
0.619323
0.612192
0.605442
0.599083
0.593118
0.587555
0.582399
0.577654
0.573326
0.569419
0.565936
0.562881
0.560257
0.558066
0.556311
0.554993
0.554114
0.553674
0.992983
0.978957
0.964952
0.950981
0.937059
0.923199
0.909415
0.895721
0.882131
0.868657
0.855314
0.842113
0.829069
0.816195
0.803502
0.791004
0.778713
0.766642
0.754801
0.743202
0.731858
0.720779
0.709976
0.69946
0.689241
0.679329
0.669734
0.660466
0.651532
0.642943
0.634707
0.626831
0.619323
0.612192
0.605442
0.599083
0.593118
0.587555
0.582399
0.577654
0.573326
0.569419
0.565936
0.562881
0.560257
0.558066
0.556311
0.554993
0.554114
0.553674
0.992983
0.978957
0.964952
0.950981
0.937059
0.923199
0.909415
0.895721
0.882131
0.868657
0.855314
0.842113
0.829069
0.816195
0.803502
0.791004
0.778713
0.766642
0.754801
0.743202
0.731858
0.720779
0.709976
0.69946
0.689241
0.679329
0.669734
0.660466
0.651532
0.642943
0.634707
0.626831
0.619323
0.612192
0.605442
0.599083
0.593118
0.587555
0.582399
0.577654
0.573326
0.569419
0.565936
0.562881
0.560257
0.558066
0.556311
0.554993
0.554114
0.553674
0.992983
0.978957
0.964952
0.950981
0.937059
0.923199
0.909415
0.895721
0.882131
0.868657
0.855314
0.842113
0.829069
0.816195
0.803502
0.791004
0.778713
0.766642
0.754801
0.743202
0.731858
0.720779
0.709976
0.69946
0.689241
0.679329
0.669734
0.660466
0.651532
0.642943
0.634707
0.626831
0.619323
0.612192
0.605442
0.599082
0.593118
0.587555
0.582399
0.577654
0.573326
0.569419
0.565936
0.562881
0.560257
0.558066
0.556311
0.554993
0.554114
0.553674
0.992983
0.978957
0.964952
0.950981
0.937059
0.923199
0.909415
0.895721
0.882131
0.868657
0.855314
0.842113
0.829069
0.816195
0.803502
0.791004
0.778713
0.766642
0.754801
0.743202
0.731858
0.720779
0.709976
0.69946
0.689241
0.679329
0.669734
0.660466
0.651532
0.642943
0.634707
0.626831
0.619323
0.612192
0.605442
0.599082
0.593118
0.587555
0.582399
0.577654
0.573326
0.569419
0.565936
0.562881
0.560257
0.558066
0.556311
0.554993
0.554114
0.553674
0.992983
0.978957
0.964952
0.950981
0.937059
0.923199
0.909415
0.895721
0.882131
0.868657
0.855314
0.842113
0.829069
0.816195
0.803502
0.791004
0.778713
0.766642
0.754801
0.743202
0.731858
0.720779
0.709976
0.69946
0.689241
0.679329
0.669734
0.660466
0.651532
0.642943
0.634707
0.626831
0.619323
0.612191
0.605442
0.599082
0.593118
0.587555
0.582399
0.577654
0.573326
0.569419
0.565936
0.562881
0.560257
0.558066
0.556311
0.554993
0.554114
0.553674
0.992983
0.978957
0.964952
0.950981
0.937059
0.923199
0.909415
0.895721
0.882131
0.868657
0.855314
0.842113
0.829069
0.816195
0.803502
0.791004
0.778713
0.766642
0.754801
0.743202
0.731858
0.720779
0.709976
0.69946
0.689241
0.679329
0.669734
0.660466
0.651532
0.642943
0.634707
0.626831
0.619323
0.612191
0.605442
0.599082
0.593118
0.587555
0.582399
0.577654
0.573326
0.569419
0.565936
0.562881
0.560257
0.558066
0.556311
0.554993
0.554114
0.553674
0.992983
0.978957
0.964952
0.950981
0.937059
0.923199
0.909415
0.895721
0.882131
0.868657
0.855314
0.842113
0.829069
0.816195
0.803502
0.791004
0.778713
0.766642
0.754801
0.743202
0.731858
0.720779
0.709976
0.69946
0.689241
0.679329
0.669734
0.660466
0.651532
0.642943
0.634707
0.626831
0.619323
0.612191
0.605442
0.599082
0.593118
0.587555
0.582399
0.577654
0.573326
0.569419
0.565936
0.562881
0.560256
0.558066
0.556311
0.554993
0.554113
0.553674
0.992983
0.978957
0.964952
0.950981
0.937059
0.923199
0.909415
0.895721
0.882131
0.868657
0.855314
0.842113
0.829069
0.816195
0.803502
0.791004
0.778713
0.766642
0.754801
0.743202
0.731858
0.720779
0.709976
0.69946
0.689241
0.679329
0.669734
0.660466
0.651532
0.642943
0.634707
0.626831
0.619323
0.612191
0.605442
0.599082
0.593118
0.587555
0.582398
0.577654
0.573326
0.569418
0.565936
0.562881
0.560256
0.558066
0.556311
0.554993
0.554113
0.553673
0.992983
0.978957
0.964952
0.950981
0.937059
0.923199
0.909415
0.895721
0.882131
0.868657
0.855314
0.842113
0.829069
0.816195
0.803502
0.791005
0.778713
0.766642
0.754801
0.743202
0.731858
0.720779
0.709976
0.69946
0.689241
0.679329
0.669734
0.660466
0.651532
0.642943
0.634707
0.626831
0.619323
0.612191
0.605442
0.599082
0.593118
0.587555
0.582398
0.577654
0.573326
0.569418
0.565935
0.56288
0.560256
0.558066
0.55631
0.554992
0.554113
0.553673
0.992983
0.978957
0.964952
0.950981
0.937059
0.923199
0.909415
0.895721
0.882131
0.868657
0.855314
0.842113
0.829069
0.816195
0.803502
0.791005
0.778714
0.766642
0.754801
0.743202
0.731858
0.720779
0.709976
0.69946
0.689241
0.679329
0.669734
0.660466
0.651532
0.642943
0.634707
0.626831
0.619323
0.612191
0.605442
0.599082
0.593118
0.587555
0.582398
0.577654
0.573326
0.569418
0.565935
0.56288
0.560256
0.558065
0.55631
0.554992
0.554113
0.553673
0.992983
0.978957
0.964952
0.950981
0.937059
0.923199
0.909415
0.895721
0.882131
0.868657
0.855314
0.842113
0.829069
0.816195
0.803502
0.791005
0.778714
0.766642
0.754801
0.743202
0.731858
0.720779
0.709976
0.69946
0.689241
0.679329
0.669734
0.660465
0.651532
0.642943
0.634707
0.626831
0.619323
0.612191
0.605442
0.599082
0.593118
0.587554
0.582398
0.577654
0.573325
0.569418
0.565935
0.56288
0.560256
0.558065
0.55631
0.554992
0.554113
0.553673
0.992983
0.978957
0.964952
0.950981
0.937059
0.923199
0.909415
0.895721
0.882131
0.868657
0.855314
0.842113
0.82907
0.816195
0.803502
0.791005
0.778714
0.766642
0.754801
0.743202
0.731858
0.720779
0.709976
0.69946
0.689241
0.679329
0.669734
0.660465
0.651532
0.642943
0.634706
0.626831
0.619323
0.612191
0.605442
0.599082
0.593117
0.587554
0.582398
0.577653
0.573325
0.569418
0.565935
0.56288
0.560256
0.558065
0.55631
0.554992
0.554113
0.553673
0.992983
0.978957
0.964952
0.950981
0.937059
0.923199
0.909415
0.895721
0.882131
0.868657
0.855314
0.842113
0.82907
0.816195
0.803502
0.791005
0.778714
0.766642
0.754801
0.743202
0.731858
0.720779
0.709976
0.69946
0.689241
0.679329
0.669734
0.660465
0.651532
0.642943
0.634706
0.626831
0.619323
0.612191
0.605442
0.599082
0.593117
0.587554
0.582398
0.577653
0.573325
0.569418
0.565935
0.56288
0.560256
0.558065
0.55631
0.554992
0.554113
0.553673
0.992983
0.978957
0.964952
0.950981
0.937059
0.923199
0.909415
0.895721
0.882131
0.868657
0.855314
0.842113
0.82907
0.816195
0.803503
0.791005
0.778714
0.766642
0.754801
0.743202
0.731858
0.720779
0.709976
0.69946
0.689241
0.679329
0.669734
0.660465
0.651532
0.642943
0.634706
0.62683
0.619323
0.612191
0.605442
0.599082
0.593117
0.587554
0.582398
0.577653
0.573325
0.569418
0.565935
0.56288
0.560256
0.558065
0.55631
0.554992
0.554112
0.553673
0.992983
0.978957
0.964952
0.950981
0.937059
0.923199
0.909415
0.895721
0.882131
0.868657
0.855314
0.842113
0.82907
0.816195
0.803503
0.791005
0.778714
0.766642
0.754801
0.743202
0.731858
0.720779
0.709976
0.69946
0.689241
0.679329
0.669734
0.660465
0.651532
0.642943
0.634706
0.62683
0.619323
0.612191
0.605442
0.599082
0.593117
0.587554
0.582398
0.577653
0.573325
0.569418
0.565935
0.56288
0.560255
0.558065
0.556309
0.554992
0.554112
0.553672
0.992983
0.978957
0.964952
0.950981
0.937059
0.923199
0.909415
0.895721
0.882131
0.868657
0.855314
0.842113
0.82907
0.816195
0.803503
0.791005
0.778714
0.766642
0.754801
0.743202
0.731858
0.720779
0.709976
0.69946
0.689241
0.679329
0.669734
0.660465
0.651532
0.642943
0.634706
0.62683
0.619323
0.612191
0.605442
0.599082
0.593117
0.587554
0.582398
0.577653
0.573325
0.569417
0.565934
0.562879
0.560255
0.558065
0.556309
0.554992
0.554112
0.553672
0.992983
0.978957
0.964952
0.950981
0.937059
0.923199
0.909415
0.895722
0.882131
0.868657
0.855314
0.842113
0.82907
0.816195
0.803503
0.791005
0.778714
0.766642
0.754801
0.743202
0.731858
0.720779
0.709976
0.69946
0.689241
0.679329
0.669734
0.660465
0.651532
0.642943
0.634706
0.62683
0.619323
0.612191
0.605441
0.599081
0.593117
0.587554
0.582397
0.577653
0.573325
0.569417
0.565934
0.562879
0.560255
0.558064
0.556309
0.554991
0.554112
0.553672
0.992983
0.978957
0.964952
0.950981
0.937059
0.923199
0.909415
0.895722
0.882131
0.868657
0.855314
0.842113
0.82907
0.816195
0.803503
0.791005
0.778714
0.766642
0.754801
0.743202
0.731858
0.720779
0.709976
0.69946
0.689241
0.679329
0.669734
0.660465
0.651532
0.642943
0.634706
0.62683
0.619323
0.612191
0.605441
0.599081
0.593117
0.587554
0.582397
0.577653
0.573325
0.569417
0.565934
0.562879
0.560255
0.558064
0.556309
0.554991
0.554112
0.553672
0.992983
0.978957
0.964952
0.950981
0.937059
0.923199
0.909415
0.895722
0.882131
0.868657
0.855314
0.842114
0.82907
0.816195
0.803503
0.791005
0.778714
0.766642
0.754801
0.743202
0.731858
0.720779
0.709976
0.69946
0.689241
0.679329
0.669734
0.660465
0.651532
0.642943
0.634706
0.62683
0.619323
0.612191
0.605441
0.599081
0.593117
0.587554
0.582397
0.577653
0.573325
0.569417
0.565934
0.562879
0.560255
0.558064
0.556309
0.554991
0.554112
0.553672
0.992983
0.978957
0.964952
0.950981
0.937059
0.923199
0.909415
0.895722
0.882131
0.868657
0.855314
0.842114
0.82907
0.816195
0.803503
0.791005
0.778714
0.766642
0.754801
0.743202
0.731858
0.720779
0.709976
0.69946
0.689241
0.679329
0.669734
0.660465
0.651532
0.642943
0.634706
0.62683
0.619322
0.612191
0.605441
0.599081
0.593117
0.587554
0.582397
0.577653
0.573325
0.569417
0.565934
0.562879
0.560255
0.558064
0.556309
0.554991
0.554112
0.553672
0.992983
0.978957
0.964952
0.950981
0.937059
0.923199
0.909415
0.895722
0.882131
0.868657
0.855314
0.842114
0.82907
0.816195
0.803503
0.791005
0.778714
0.766642
0.754801
0.743202
0.731858
0.720779
0.709976
0.69946
0.689241
0.679329
0.669734
0.660465
0.651532
0.642943
0.634706
0.62683
0.619322
0.61219
0.605441
0.599081
0.593117
0.587554
0.582397
0.577653
0.573324
0.569417
0.565934
0.562879
0.560255
0.558064
0.556309
0.554991
0.554112
0.553672
0.992983
0.978957
0.964952
0.950981
0.937059
0.923199
0.909415
0.895722
0.882131
0.868657
0.855314
0.842114
0.82907
0.816195
0.803503
0.791005
0.778714
0.766642
0.754801
0.743202
0.731858
0.720779
0.709976
0.69946
0.689241
0.679329
0.669734
0.660465
0.651532
0.642943
0.634706
0.62683
0.619322
0.61219
0.605441
0.599081
0.593117
0.587553
0.582397
0.577653
0.573324
0.569417
0.565934
0.562879
0.560255
0.558064
0.556309
0.554991
0.554112
0.553672
0.992983
0.978957
0.964952
0.950981
0.937059
0.923199
0.909415
0.895722
0.882131
0.868657
0.855314
0.842114
0.82907
0.816195
0.803503
0.791005
0.778714
0.766642
0.754801
0.743203
0.731858
0.720779
0.709976
0.69946
0.689241
0.679329
0.669734
0.660465
0.651532
0.642943
0.634706
0.62683
0.619322
0.61219
0.605441
0.599081
0.593117
0.587553
0.582397
0.577652
0.573324
0.569417
0.565934
0.562879
0.560255
0.558064
0.556309
0.554991
0.554112
0.553672
0.992983
0.978957
0.964952
0.950981
0.937059
0.923199
0.909415
0.895722
0.882131
0.868657
0.855314
0.842114
0.82907
0.816195
0.803503
0.791005
0.778714
0.766642
0.754801
0.743203
0.731858
0.720779
0.709976
0.69946
0.689241
0.679329
0.669734
0.660465
0.651532
0.642943
0.634706
0.62683
0.619322
0.61219
0.605441
0.599081
0.593117
0.587553
0.582397
0.577652
0.573324
0.569417
0.565934
0.562879
0.560255
0.558064
0.556309
0.554991
0.554112
0.553672
)
;

boundaryField
{
    inlet
    {
        type            fixedValue;
        value           uniform 1;
    }
    outlet
    {
        type            zeroGradient;
    }
    lowerWall
    {
        type            zeroGradient;
    }
    upperWall
    {
        type            zeroGradient;
    }
    frontAndBack
    {
        type            empty;
    }
}


// ************************************************************************* //
