/*--------------------------------*- C++ -*----------------------------------*\
  =========                 |
  \\      /  F ield         | OpenFOAM: The Open Source CFD Toolbox
   \\    /   O peration     | Website:  https://openfoam.org
    \\  /    A nd           | Version:  12
     \\/     M anipulation  |
\*---------------------------------------------------------------------------*/
FoamFile
{
    format      ascii;
    class       volScalarField;
    location    "77";
    object      T;
}
// * * * * * * * * * * * * * * * * * * * * * * * * * * * * * * * * * * * * * //

dimensions      [0 0 0 1 0 0 0];

internalField   nonuniform List<scalar> 
1250
(
0.996938
0.990817
0.984705
0.978608
0.972532
0.966483
0.960467
0.95449
0.948559
0.942678
0.936853
0.931091
0.925397
0.919777
0.914236
0.908779
0.903413
0.898142
0.892971
0.887906
0.882952
0.878113
0.873395
0.868802
0.864338
0.860008
0.855816
0.851766
0.847863
0.84411
0.84051
0.837069
0.833787
0.83067
0.82772
0.82494
0.822333
0.819901
0.817647
0.815572
0.81368
0.811972
0.810449
0.809113
0.807965
0.807007
0.80624
0.805664
0.805279
0.805087
0.996938
0.990817
0.984705
0.978608
0.972532
0.966483
0.960467
0.95449
0.948559
0.942678
0.936853
0.931091
0.925397
0.919777
0.914236
0.908779
0.903413
0.898142
0.892971
0.887906
0.882952
0.878113
0.873395
0.868802
0.864338
0.860008
0.855816
0.851766
0.847863
0.84411
0.84051
0.837069
0.833787
0.83067
0.82772
0.82494
0.822333
0.819901
0.817647
0.815572
0.81368
0.811972
0.810449
0.809113
0.807965
0.807008
0.80624
0.805664
0.805279
0.805087
0.996938
0.990817
0.984705
0.978608
0.972532
0.966483
0.960467
0.95449
0.948559
0.942678
0.936853
0.931091
0.925397
0.919777
0.914236
0.908779
0.903413
0.898142
0.892971
0.887906
0.882952
0.878113
0.873395
0.868802
0.864338
0.860008
0.855816
0.851766
0.847863
0.84411
0.84051
0.837069
0.833787
0.83067
0.82772
0.82494
0.822333
0.819901
0.817647
0.815572
0.81368
0.811972
0.810449
0.809113
0.807965
0.807007
0.80624
0.805664
0.805279
0.805087
0.996938
0.990817
0.984705
0.978608
0.972532
0.966483
0.960467
0.95449
0.948559
0.942678
0.936853
0.931091
0.925397
0.919777
0.914236
0.908779
0.903413
0.898142
0.892971
0.887906
0.882952
0.878113
0.873395
0.868802
0.864338
0.860008
0.855816
0.851766
0.847863
0.84411
0.84051
0.837069
0.833787
0.83067
0.82772
0.82494
0.822333
0.819901
0.817647
0.815572
0.81368
0.811972
0.810449
0.809113
0.807965
0.807007
0.80624
0.805664
0.805279
0.805087
0.996938
0.990817
0.984705
0.978608
0.972532
0.966483
0.960467
0.95449
0.948559
0.942678
0.936853
0.931091
0.925397
0.919777
0.914236
0.908779
0.903413
0.898142
0.892971
0.887906
0.882952
0.878113
0.873395
0.868802
0.864338
0.860008
0.855816
0.851766
0.847863
0.84411
0.84051
0.837069
0.833787
0.83067
0.82772
0.82494
0.822333
0.819901
0.817647
0.815572
0.81368
0.811972
0.810449
0.809113
0.807965
0.807007
0.80624
0.805664
0.805279
0.805087
0.996938
0.990817
0.984705
0.978608
0.972532
0.966483
0.960467
0.95449
0.948559
0.942678
0.936853
0.931091
0.925397
0.919777
0.914236
0.908779
0.903413
0.898142
0.892971
0.887906
0.882952
0.878113
0.873395
0.868802
0.864338
0.860008
0.855816
0.851766
0.847863
0.84411
0.84051
0.837068
0.833787
0.83067
0.82772
0.82494
0.822333
0.819901
0.817647
0.815572
0.81368
0.811972
0.810449
0.809113
0.807965
0.807007
0.80624
0.805664
0.805279
0.805087
0.996938
0.990817
0.984705
0.978608
0.972532
0.966483
0.960467
0.95449
0.948559
0.942678
0.936853
0.931091
0.925397
0.919777
0.914236
0.908779
0.903413
0.898142
0.892971
0.887906
0.882952
0.878113
0.873395
0.868802
0.864338
0.860008
0.855816
0.851766
0.847863
0.84411
0.84051
0.837068
0.833787
0.83067
0.82772
0.82494
0.822333
0.819901
0.817647
0.815572
0.81368
0.811972
0.810449
0.809113
0.807965
0.807007
0.80624
0.805664
0.805279
0.805087
0.996938
0.990817
0.984705
0.978608
0.972532
0.966483
0.960467
0.95449
0.948559
0.942678
0.936853
0.931091
0.925397
0.919777
0.914236
0.908779
0.903413
0.898142
0.892971
0.887906
0.882952
0.878113
0.873395
0.868802
0.864338
0.860008
0.855816
0.851766
0.847863
0.84411
0.84051
0.837068
0.833787
0.83067
0.82772
0.82494
0.822333
0.819901
0.817647
0.815572
0.81368
0.811971
0.810449
0.809113
0.807965
0.807007
0.80624
0.805663
0.805279
0.805087
0.996938
0.990817
0.984705
0.978608
0.972532
0.966483
0.960467
0.95449
0.948559
0.942678
0.936853
0.931091
0.925397
0.919777
0.914236
0.908779
0.903413
0.898142
0.892971
0.887906
0.882952
0.878113
0.873395
0.868802
0.864338
0.860008
0.855816
0.851766
0.847863
0.84411
0.84051
0.837068
0.833787
0.83067
0.82772
0.82494
0.822333
0.819901
0.817646
0.815572
0.81368
0.811971
0.810449
0.809113
0.807965
0.807007
0.80624
0.805663
0.805279
0.805087
0.996938
0.990817
0.984705
0.978608
0.972532
0.966483
0.960467
0.95449
0.948559
0.942678
0.936853
0.931091
0.925397
0.919777
0.914236
0.908779
0.903413
0.898142
0.892971
0.887906
0.882952
0.878113
0.873395
0.868802
0.864338
0.860008
0.855816
0.851766
0.847863
0.84411
0.84051
0.837068
0.833787
0.83067
0.82772
0.82494
0.822333
0.819901
0.817646
0.815572
0.81368
0.811971
0.810448
0.809113
0.807965
0.807007
0.80624
0.805663
0.805279
0.805086
0.996938
0.990817
0.984705
0.978608
0.972532
0.966483
0.960467
0.95449
0.948559
0.942678
0.936853
0.931091
0.925397
0.919777
0.914236
0.908779
0.903413
0.898142
0.892971
0.887906
0.882952
0.878113
0.873395
0.868802
0.864338
0.860008
0.855816
0.851766
0.847863
0.84411
0.84051
0.837068
0.833787
0.83067
0.82772
0.82494
0.822333
0.819901
0.817646
0.815572
0.81368
0.811971
0.810448
0.809113
0.807965
0.807007
0.80624
0.805663
0.805279
0.805086
0.996938
0.990817
0.984705
0.978608
0.972532
0.966483
0.960467
0.95449
0.948559
0.942678
0.936853
0.931091
0.925397
0.919777
0.914236
0.908779
0.903413
0.898142
0.892971
0.887906
0.882952
0.878113
0.873395
0.868802
0.864338
0.860008
0.855816
0.851766
0.847863
0.84411
0.84051
0.837068
0.833787
0.83067
0.82772
0.82494
0.822333
0.819901
0.817646
0.815572
0.81368
0.811971
0.810448
0.809112
0.807965
0.807007
0.80624
0.805663
0.805279
0.805086
0.996938
0.990817
0.984705
0.978608
0.972532
0.966483
0.960467
0.95449
0.948559
0.942678
0.936853
0.931091
0.925397
0.919777
0.914236
0.908779
0.903413
0.898142
0.892971
0.887906
0.882952
0.878113
0.873395
0.868802
0.864338
0.860008
0.855816
0.851766
0.847863
0.84411
0.84051
0.837068
0.833787
0.83067
0.82772
0.82494
0.822333
0.819901
0.817646
0.815572
0.81368
0.811971
0.810448
0.809112
0.807965
0.807007
0.806239
0.805663
0.805279
0.805086
0.996938
0.990817
0.984705
0.978608
0.972532
0.966483
0.960467
0.95449
0.948559
0.942678
0.936853
0.931091
0.925397
0.919777
0.914236
0.908779
0.903413
0.898142
0.892971
0.887906
0.882952
0.878113
0.873395
0.868802
0.864338
0.860008
0.855816
0.851766
0.847863
0.84411
0.84051
0.837068
0.833787
0.83067
0.82772
0.82494
0.822333
0.819901
0.817646
0.815572
0.81368
0.811971
0.810448
0.809112
0.807965
0.807007
0.806239
0.805663
0.805279
0.805086
0.996938
0.990817
0.984705
0.978608
0.972532
0.966483
0.960467
0.95449
0.948559
0.942678
0.936853
0.931091
0.925397
0.919777
0.914236
0.908779
0.903413
0.898142
0.892971
0.887906
0.882952
0.878113
0.873395
0.868802
0.864338
0.860008
0.855816
0.851766
0.847863
0.84411
0.84051
0.837068
0.833787
0.83067
0.82772
0.82494
0.822332
0.8199
0.817646
0.815572
0.81368
0.811971
0.810448
0.809112
0.807965
0.807007
0.806239
0.805663
0.805278
0.805086
0.996938
0.990817
0.984705
0.978608
0.972532
0.966483
0.960467
0.95449
0.948559
0.942678
0.936853
0.931091
0.925397
0.919777
0.914236
0.908779
0.903413
0.898142
0.892971
0.887906
0.882952
0.878113
0.873395
0.868802
0.864338
0.860008
0.855816
0.851766
0.847863
0.84411
0.84051
0.837068
0.833787
0.83067
0.82772
0.82494
0.822332
0.8199
0.817646
0.815572
0.813679
0.811971
0.810448
0.809112
0.807965
0.807007
0.806239
0.805663
0.805278
0.805086
0.996938
0.990817
0.984705
0.978608
0.972532
0.966483
0.960467
0.95449
0.948559
0.942678
0.936853
0.931091
0.925397
0.919777
0.914236
0.908779
0.903413
0.898142
0.892971
0.887906
0.882952
0.878113
0.873395
0.868802
0.864338
0.860008
0.855816
0.851766
0.847863
0.84411
0.84051
0.837068
0.833787
0.83067
0.82772
0.82494
0.822332
0.8199
0.817646
0.815572
0.813679
0.811971
0.810448
0.809112
0.807965
0.807007
0.806239
0.805663
0.805278
0.805086
0.996938
0.990817
0.984705
0.978608
0.972532
0.966483
0.960467
0.95449
0.948559
0.942678
0.936853
0.931091
0.925397
0.919777
0.914236
0.908779
0.903413
0.898142
0.892971
0.887906
0.882952
0.878113
0.873395
0.868802
0.864338
0.860008
0.855816
0.851766
0.847863
0.84411
0.84051
0.837068
0.833787
0.83067
0.82772
0.82494
0.822332
0.8199
0.817646
0.815572
0.813679
0.811971
0.810448
0.809112
0.807965
0.807007
0.806239
0.805663
0.805278
0.805086
0.996938
0.990817
0.984705
0.978608
0.972532
0.966483
0.960467
0.95449
0.948559
0.942678
0.936853
0.931091
0.925397
0.919777
0.914236
0.908779
0.903413
0.898142
0.892971
0.887906
0.882952
0.878113
0.873395
0.868802
0.864338
0.860008
0.855816
0.851766
0.847863
0.84411
0.84051
0.837068
0.833787
0.83067
0.82772
0.82494
0.822332
0.8199
0.817646
0.815572
0.813679
0.811971
0.810448
0.809112
0.807965
0.807007
0.806239
0.805663
0.805278
0.805086
0.996938
0.990817
0.984705
0.978608
0.972532
0.966483
0.960467
0.954491
0.948559
0.942678
0.936853
0.931091
0.925397
0.919777
0.914236
0.908779
0.903413
0.898142
0.892971
0.887906
0.882952
0.878113
0.873395
0.868802
0.864338
0.860008
0.855816
0.851766
0.847863
0.84411
0.84051
0.837068
0.833787
0.83067
0.82772
0.82494
0.822332
0.8199
0.817646
0.815572
0.813679
0.811971
0.810448
0.809112
0.807965
0.807007
0.806239
0.805663
0.805278
0.805086
0.996938
0.990817
0.984705
0.978608
0.972532
0.966483
0.960467
0.954491
0.948559
0.942678
0.936853
0.931091
0.925397
0.919777
0.914236
0.908779
0.903413
0.898142
0.892971
0.887906
0.882952
0.878113
0.873395
0.868802
0.864338
0.860008
0.855816
0.851766
0.847863
0.844109
0.84051
0.837068
0.833787
0.83067
0.82772
0.82494
0.822332
0.8199
0.817646
0.815572
0.813679
0.811971
0.810448
0.809112
0.807965
0.807007
0.806239
0.805663
0.805278
0.805086
0.996938
0.990817
0.984705
0.978608
0.972532
0.966483
0.960467
0.954491
0.948559
0.942678
0.936853
0.931091
0.925397
0.919777
0.914236
0.908779
0.903413
0.898142
0.892971
0.887906
0.882952
0.878113
0.873395
0.868802
0.864338
0.860008
0.855816
0.851766
0.847863
0.844109
0.84051
0.837068
0.833787
0.83067
0.82772
0.82494
0.822332
0.8199
0.817646
0.815572
0.813679
0.811971
0.810448
0.809112
0.807964
0.807007
0.806239
0.805663
0.805278
0.805086
0.996938
0.990817
0.984705
0.978608
0.972532
0.966483
0.960467
0.954491
0.948559
0.942678
0.936853
0.931091
0.925397
0.919777
0.914236
0.908779
0.903413
0.898142
0.892971
0.887906
0.882952
0.878113
0.873395
0.868802
0.864338
0.860008
0.855816
0.851766
0.847863
0.844109
0.84051
0.837068
0.833787
0.83067
0.82772
0.82494
0.822332
0.8199
0.817646
0.815572
0.813679
0.811971
0.810448
0.809112
0.807964
0.807006
0.806239
0.805663
0.805278
0.805086
0.996938
0.990817
0.984705
0.978608
0.972532
0.966483
0.960467
0.954491
0.948559
0.942678
0.936853
0.931091
0.925397
0.919777
0.914236
0.908779
0.903413
0.898142
0.892971
0.887906
0.882952
0.878114
0.873395
0.868802
0.864338
0.860008
0.855816
0.851766
0.847863
0.844109
0.84051
0.837068
0.833787
0.83067
0.82772
0.82494
0.822332
0.8199
0.817646
0.815572
0.813679
0.811971
0.810448
0.809112
0.807964
0.807006
0.806239
0.805663
0.805278
0.805086
0.996938
0.990817
0.984705
0.978608
0.972532
0.966483
0.960467
0.954491
0.948559
0.942678
0.936853
0.931091
0.925397
0.919777
0.914236
0.908779
0.903413
0.898142
0.892971
0.887906
0.882952
0.878114
0.873395
0.868802
0.864338
0.860008
0.855816
0.851766
0.847863
0.844109
0.84051
0.837068
0.833787
0.83067
0.82772
0.82494
0.822332
0.8199
0.817646
0.815572
0.813679
0.811971
0.810448
0.809112
0.807964
0.807006
0.806239
0.805663
0.805278
0.805086
)
;

boundaryField
{
    inlet
    {
        type            fixedValue;
        value           uniform 1;
    }
    outlet
    {
        type            zeroGradient;
    }
    lowerWall
    {
        type            zeroGradient;
    }
    upperWall
    {
        type            zeroGradient;
    }
    frontAndBack
    {
        type            empty;
    }
}


// ************************************************************************* //
