/*--------------------------------*- C++ -*----------------------------------*\
  =========                 |
  \\      /  F ield         | OpenFOAM: The Open Source CFD Toolbox
   \\    /   O peration     | Website:  https://openfoam.org
    \\  /    A nd           | Version:  12
     \\/     M anipulation  |
\*---------------------------------------------------------------------------*/
FoamFile
{
    format      ascii;
    class       volScalarField;
    location    "22";
    object      T;
}
// * * * * * * * * * * * * * * * * * * * * * * * * * * * * * * * * * * * * * //

dimensions      [0 0 0 1 0 0 0];

internalField   nonuniform List<scalar> 
1250
(
0.988057
0.964184
0.940352
0.916588
0.89292
0.869375
0.845979
0.822758
0.799739
0.776947
0.754407
0.732143
0.71018
0.688541
0.667249
0.646324
0.62579
0.605665
0.58597
0.566724
0.547945
0.529651
0.511857
0.494579
0.477833
0.461632
0.44599
0.430919
0.41643
0.402536
0.389245
0.376567
0.364512
0.353087
0.342299
0.332156
0.322663
0.313827
0.305653
0.298144
0.291306
0.285141
0.279654
0.274847
0.270722
0.267282
0.264528
0.262461
0.261083
0.260393
0.988057
0.964184
0.940352
0.916588
0.89292
0.869375
0.845979
0.822758
0.799739
0.776947
0.754407
0.732143
0.71018
0.688541
0.667249
0.646324
0.62579
0.605665
0.58597
0.566724
0.547945
0.529651
0.511857
0.494579
0.477833
0.461632
0.44599
0.430919
0.41643
0.402536
0.389245
0.376567
0.364512
0.353087
0.342299
0.332156
0.322663
0.313827
0.305653
0.298144
0.291306
0.285142
0.279654
0.274847
0.270722
0.267282
0.264528
0.262461
0.261083
0.260393
0.988057
0.964184
0.940352
0.916588
0.89292
0.869375
0.845979
0.822758
0.799739
0.776947
0.754407
0.732143
0.71018
0.688541
0.667249
0.646324
0.62579
0.605665
0.58597
0.566724
0.547945
0.529651
0.511857
0.494579
0.477833
0.461632
0.44599
0.430919
0.41643
0.402536
0.389245
0.376567
0.364512
0.353087
0.342299
0.332156
0.322663
0.313827
0.305653
0.298144
0.291306
0.285142
0.279654
0.274847
0.270723
0.267282
0.264528
0.262461
0.261083
0.260393
0.988057
0.964184
0.940352
0.916588
0.89292
0.869375
0.845979
0.822758
0.799739
0.776947
0.754407
0.732144
0.710181
0.688541
0.667249
0.646324
0.62579
0.605665
0.58597
0.566725
0.547946
0.529651
0.511857
0.494579
0.477833
0.461632
0.44599
0.430919
0.416431
0.402536
0.389245
0.376568
0.364512
0.353087
0.342299
0.332156
0.322664
0.313827
0.305653
0.298144
0.291306
0.285142
0.279655
0.274847
0.270723
0.267282
0.264528
0.262461
0.261083
0.260393
0.988057
0.964184
0.940352
0.916588
0.89292
0.869375
0.845979
0.822758
0.799739
0.776947
0.754407
0.732144
0.710181
0.688541
0.667249
0.646324
0.62579
0.605665
0.585971
0.566725
0.547946
0.529651
0.511857
0.49458
0.477833
0.461633
0.44599
0.430919
0.416431
0.402536
0.389245
0.376568
0.364512
0.353087
0.342299
0.332156
0.322664
0.313828
0.305653
0.298145
0.291306
0.285142
0.279655
0.274848
0.270723
0.267282
0.264528
0.262461
0.261083
0.260394
0.988057
0.964184
0.940352
0.916588
0.89292
0.869375
0.845979
0.822758
0.799739
0.776947
0.754407
0.732144
0.710181
0.688542
0.667249
0.646325
0.62579
0.605665
0.585971
0.566725
0.547946
0.529651
0.511857
0.49458
0.477834
0.461633
0.445991
0.430919
0.416431
0.402536
0.389246
0.376568
0.364513
0.353087
0.3423
0.332157
0.322664
0.313828
0.305653
0.298145
0.291307
0.285142
0.279655
0.274848
0.270723
0.267283
0.264528
0.262462
0.261083
0.260394
0.988057
0.964184
0.940352
0.916588
0.89292
0.869375
0.845979
0.822758
0.799739
0.776947
0.754407
0.732144
0.710181
0.688542
0.667249
0.646325
0.62579
0.605666
0.585971
0.566725
0.547946
0.529651
0.511857
0.49458
0.477834
0.461633
0.445991
0.43092
0.416431
0.402537
0.389246
0.376568
0.364513
0.353088
0.3423
0.332157
0.322664
0.313828
0.305654
0.298145
0.291307
0.285142
0.279655
0.274848
0.270723
0.267283
0.264529
0.262462
0.261083
0.260394
0.988057
0.964184
0.940352
0.916588
0.892921
0.869375
0.845979
0.822758
0.799739
0.776947
0.754407
0.732144
0.710181
0.688542
0.667249
0.646325
0.62579
0.605666
0.585971
0.566725
0.547946
0.529652
0.511858
0.49458
0.477834
0.461633
0.445991
0.43092
0.416432
0.402537
0.389246
0.376569
0.364513
0.353088
0.3423
0.332157
0.322665
0.313829
0.305654
0.298145
0.291307
0.285143
0.279656
0.274848
0.270724
0.267283
0.264529
0.262462
0.261084
0.260394
0.988057
0.964184
0.940352
0.916588
0.892921
0.869375
0.845979
0.822759
0.79974
0.776947
0.754407
0.732144
0.710181
0.688542
0.667249
0.646325
0.62579
0.605666
0.585971
0.566725
0.547947
0.529652
0.511858
0.494581
0.477834
0.461634
0.445991
0.43092
0.416432
0.402537
0.389247
0.376569
0.364514
0.353088
0.342301
0.332158
0.322665
0.313829
0.305654
0.298146
0.291307
0.285143
0.279656
0.274849
0.270724
0.267283
0.264529
0.262462
0.261084
0.260395
0.988057
0.964184
0.940352
0.916588
0.892921
0.869375
0.845979
0.822759
0.79974
0.776948
0.754408
0.732144
0.710181
0.688542
0.66725
0.646325
0.625791
0.605666
0.585972
0.566726
0.547947
0.529652
0.511858
0.494581
0.477835
0.461634
0.445992
0.430921
0.416432
0.402538
0.389247
0.376569
0.364514
0.353089
0.342301
0.332158
0.322665
0.313829
0.305655
0.298146
0.291308
0.285143
0.279656
0.274849
0.270724
0.267284
0.264529
0.262463
0.261084
0.260395
0.988057
0.964184
0.940352
0.916588
0.892921
0.869375
0.845979
0.822759
0.79974
0.776948
0.754408
0.732144
0.710181
0.688542
0.66725
0.646325
0.625791
0.605666
0.585972
0.566726
0.547947
0.529652
0.511859
0.494581
0.477835
0.461634
0.445992
0.430921
0.416433
0.402538
0.389247
0.37657
0.364514
0.353089
0.342301
0.332158
0.322666
0.31383
0.305655
0.298146
0.291308
0.285144
0.279656
0.274849
0.270724
0.267284
0.26453
0.262463
0.261084
0.260395
0.988057
0.964184
0.940352
0.916589
0.892921
0.869375
0.845979
0.822759
0.79974
0.776948
0.754408
0.732144
0.710182
0.688543
0.66725
0.646326
0.625791
0.605667
0.585972
0.566726
0.547947
0.529653
0.511859
0.494581
0.477835
0.461635
0.445992
0.430921
0.416433
0.402538
0.389248
0.37657
0.364515
0.353089
0.342302
0.332159
0.322666
0.31383
0.305655
0.298147
0.291308
0.285144
0.279657
0.27485
0.270725
0.267284
0.26453
0.262463
0.261085
0.260395
0.988057
0.964184
0.940352
0.916589
0.892921
0.869376
0.845979
0.822759
0.79974
0.776948
0.754408
0.732145
0.710182
0.688543
0.66725
0.646326
0.625791
0.605667
0.585972
0.566726
0.547948
0.529653
0.511859
0.494582
0.477836
0.461635
0.445993
0.430922
0.416433
0.402539
0.389248
0.37657
0.364515
0.35309
0.342302
0.332159
0.322666
0.31383
0.305655
0.298147
0.291309
0.285144
0.279657
0.27485
0.270725
0.267285
0.26453
0.262463
0.261085
0.260396
0.988057
0.964184
0.940352
0.916589
0.892921
0.869376
0.84598
0.822759
0.79974
0.776948
0.754408
0.732145
0.710182
0.688543
0.66725
0.646326
0.625791
0.605667
0.585972
0.566727
0.547948
0.529653
0.511859
0.494582
0.477836
0.461635
0.445993
0.430922
0.416434
0.402539
0.389248
0.376571
0.364515
0.35309
0.342302
0.332159
0.322667
0.31383
0.305656
0.298147
0.291309
0.285144
0.279657
0.27485
0.270725
0.267285
0.26453
0.262464
0.261085
0.260396
0.988057
0.964184
0.940352
0.916589
0.892921
0.869376
0.84598
0.822759
0.79974
0.776948
0.754408
0.732145
0.710182
0.688543
0.66725
0.646326
0.625792
0.605667
0.585973
0.566727
0.547948
0.529653
0.51186
0.494582
0.477836
0.461635
0.445993
0.430922
0.416434
0.402539
0.389248
0.376571
0.364516
0.35309
0.342303
0.332159
0.322667
0.313831
0.305656
0.298147
0.291309
0.285145
0.279658
0.27485
0.270725
0.267285
0.264531
0.262464
0.261085
0.260396
0.988057
0.964184
0.940352
0.916589
0.892921
0.869376
0.84598
0.822759
0.79974
0.776948
0.754408
0.732145
0.710182
0.688543
0.66725
0.646326
0.625792
0.605667
0.585973
0.566727
0.547948
0.529654
0.51186
0.494582
0.477836
0.461636
0.445994
0.430922
0.416434
0.40254
0.389249
0.376571
0.364516
0.353091
0.342303
0.33216
0.322667
0.313831
0.305656
0.298148
0.291309
0.285145
0.279658
0.27485
0.270726
0.267285
0.264531
0.262464
0.261086
0.260396
0.988057
0.964184
0.940352
0.916589
0.892921
0.869376
0.84598
0.822759
0.79974
0.776948
0.754408
0.732145
0.710182
0.688543
0.667251
0.646326
0.625792
0.605667
0.585973
0.566727
0.547948
0.529654
0.51186
0.494583
0.477837
0.461636
0.445994
0.430923
0.416434
0.40254
0.389249
0.376571
0.364516
0.353091
0.342303
0.33216
0.322667
0.313831
0.305656
0.298148
0.29131
0.285145
0.279658
0.274851
0.270726
0.267285
0.264531
0.262464
0.261086
0.260396
0.988057
0.964184
0.940352
0.916589
0.892921
0.869376
0.84598
0.822759
0.79974
0.776948
0.754408
0.732145
0.710182
0.688543
0.667251
0.646327
0.625792
0.605668
0.585973
0.566727
0.547949
0.529654
0.51186
0.494583
0.477837
0.461636
0.445994
0.430923
0.416435
0.40254
0.389249
0.376572
0.364516
0.353091
0.342303
0.33216
0.322668
0.313831
0.305657
0.298148
0.29131
0.285145
0.279658
0.274851
0.270726
0.267286
0.264531
0.262464
0.261086
0.260397
0.988057
0.964184
0.940352
0.916589
0.892921
0.869376
0.84598
0.822759
0.79974
0.776948
0.754409
0.732145
0.710182
0.688543
0.667251
0.646327
0.625792
0.605668
0.585973
0.566727
0.547949
0.529654
0.51186
0.494583
0.477837
0.461636
0.445994
0.430923
0.416435
0.40254
0.389249
0.376572
0.364516
0.353091
0.342303
0.33216
0.322668
0.313831
0.305657
0.298148
0.29131
0.285145
0.279658
0.274851
0.270726
0.267286
0.264531
0.262465
0.261086
0.260397
0.988057
0.964184
0.940352
0.916589
0.892921
0.869376
0.84598
0.822759
0.79974
0.776948
0.754409
0.732145
0.710182
0.688543
0.667251
0.646327
0.625792
0.605668
0.585973
0.566728
0.547949
0.529654
0.51186
0.494583
0.477837
0.461636
0.445994
0.430923
0.416435
0.40254
0.389249
0.376572
0.364517
0.353091
0.342304
0.33216
0.322668
0.313832
0.305657
0.298148
0.29131
0.285146
0.279658
0.274851
0.270726
0.267286
0.264532
0.262465
0.261086
0.260397
0.988057
0.964184
0.940352
0.916589
0.892921
0.869376
0.84598
0.822759
0.79974
0.776948
0.754409
0.732145
0.710183
0.688544
0.667251
0.646327
0.625792
0.605668
0.585973
0.566728
0.547949
0.529654
0.511861
0.494583
0.477837
0.461636
0.445994
0.430923
0.416435
0.40254
0.38925
0.376572
0.364517
0.353091
0.342304
0.33216
0.322668
0.313832
0.305657
0.298148
0.29131
0.285146
0.279658
0.274851
0.270726
0.267286
0.264532
0.262465
0.261086
0.260397
0.988057
0.964184
0.940352
0.916589
0.892921
0.869376
0.84598
0.822759
0.79974
0.776949
0.754409
0.732145
0.710183
0.688544
0.667251
0.646327
0.625792
0.605668
0.585974
0.566728
0.547949
0.529654
0.511861
0.494583
0.477837
0.461637
0.445994
0.430923
0.416435
0.40254
0.38925
0.376572
0.364517
0.353091
0.342304
0.33216
0.322668
0.313832
0.305657
0.298148
0.29131
0.285146
0.279659
0.274851
0.270726
0.267286
0.264532
0.262465
0.261086
0.260397
0.988057
0.964184
0.940352
0.916589
0.892921
0.869376
0.84598
0.822759
0.79974
0.776949
0.754409
0.732145
0.710183
0.688544
0.667251
0.646327
0.625792
0.605668
0.585974
0.566728
0.547949
0.529655
0.511861
0.494583
0.477837
0.461637
0.445995
0.430923
0.416435
0.402541
0.38925
0.376572
0.364517
0.353091
0.342304
0.332161
0.322668
0.313832
0.305657
0.298149
0.29131
0.285146
0.279659
0.274851
0.270726
0.267286
0.264532
0.262465
0.261086
0.260397
0.988057
0.964184
0.940352
0.916589
0.892921
0.869376
0.84598
0.822759
0.79974
0.776949
0.754409
0.732145
0.710183
0.688544
0.667251
0.646327
0.625792
0.605668
0.585974
0.566728
0.547949
0.529655
0.511861
0.494583
0.477837
0.461637
0.445995
0.430923
0.416435
0.402541
0.38925
0.376572
0.364517
0.353091
0.342304
0.332161
0.322668
0.313832
0.305657
0.298149
0.29131
0.285146
0.279659
0.274851
0.270726
0.267286
0.264532
0.262465
0.261086
0.260397
0.988057
0.964184
0.940352
0.916589
0.892921
0.869376
0.84598
0.822759
0.799741
0.776949
0.754409
0.732145
0.710183
0.688544
0.667251
0.646327
0.625793
0.605668
0.585974
0.566728
0.547949
0.529655
0.511861
0.494583
0.477837
0.461637
0.445995
0.430924
0.416435
0.402541
0.38925
0.376572
0.364517
0.353091
0.342304
0.332161
0.322668
0.313832
0.305657
0.298149
0.29131
0.285146
0.279659
0.274851
0.270726
0.267286
0.264532
0.262465
0.261086
0.260397
)
;

boundaryField
{
    inlet
    {
        type            fixedValue;
        value           uniform 1;
    }
    outlet
    {
        type            zeroGradient;
    }
    lowerWall
    {
        type            zeroGradient;
    }
    upperWall
    {
        type            zeroGradient;
    }
    frontAndBack
    {
        type            empty;
    }
}


// ************************************************************************* //
