/*--------------------------------*- C++ -*----------------------------------*\
  =========                 |
  \\      /  F ield         | OpenFOAM: The Open Source CFD Toolbox
   \\    /   O peration     | Website:  https://openfoam.org
    \\  /    A nd           | Version:  12
     \\/     M anipulation  |
\*---------------------------------------------------------------------------*/
FoamFile
{
    format      ascii;
    class       volScalarField;
    location    "59";
    object      T;
}
// * * * * * * * * * * * * * * * * * * * * * * * * * * * * * * * * * * * * * //

dimensions      [0 0 0 1 0 0 0];

internalField   nonuniform List<scalar> 
1250
(
0.995251
0.985759
0.976281
0.966826
0.957404
0.948023
0.938695
0.929426
0.920228
0.911108
0.902076
0.893141
0.884311
0.875595
0.867003
0.858541
0.850219
0.842046
0.834028
0.826174
0.818491
0.810988
0.803671
0.796548
0.789626
0.782912
0.776412
0.770132
0.76408
0.75826
0.752679
0.747342
0.742254
0.737421
0.732846
0.728536
0.724493
0.720722
0.717226
0.71401
0.711076
0.708427
0.706065
0.703994
0.702215
0.700729
0.699539
0.698646
0.69805
0.697751
0.995251
0.985759
0.976281
0.966826
0.957404
0.948023
0.938695
0.929426
0.920228
0.911108
0.902076
0.893141
0.884311
0.875595
0.867003
0.858541
0.850219
0.842046
0.834028
0.826174
0.818491
0.810988
0.803671
0.796548
0.789626
0.782912
0.776412
0.770132
0.76408
0.75826
0.752679
0.747342
0.742254
0.737421
0.732846
0.728536
0.724493
0.720722
0.717226
0.71401
0.711076
0.708427
0.706065
0.703994
0.702215
0.700729
0.699539
0.698646
0.69805
0.697751
0.995251
0.985759
0.976281
0.966826
0.957404
0.948023
0.938695
0.929426
0.920228
0.911108
0.902076
0.893141
0.884311
0.875595
0.867003
0.858541
0.850219
0.842046
0.834028
0.826174
0.818491
0.810988
0.803671
0.796548
0.789626
0.782912
0.776412
0.770132
0.76408
0.75826
0.752679
0.747342
0.742254
0.737421
0.732846
0.728536
0.724493
0.720722
0.717226
0.71401
0.711076
0.708427
0.706065
0.703994
0.702215
0.700729
0.699539
0.698646
0.69805
0.697751
0.995251
0.985759
0.976281
0.966826
0.957404
0.948023
0.938695
0.929426
0.920228
0.911108
0.902076
0.893141
0.884311
0.875595
0.867003
0.858541
0.850219
0.842046
0.834028
0.826174
0.818491
0.810988
0.803671
0.796548
0.789626
0.782912
0.776412
0.770132
0.76408
0.75826
0.752679
0.747342
0.742254
0.737421
0.732846
0.728535
0.724493
0.720722
0.717226
0.71401
0.711076
0.708427
0.706065
0.703994
0.702215
0.700729
0.699539
0.698646
0.69805
0.697751
0.995251
0.985759
0.976281
0.966826
0.957404
0.948023
0.938695
0.929426
0.920228
0.911108
0.902076
0.893141
0.884311
0.875595
0.867003
0.858541
0.850219
0.842046
0.834028
0.826174
0.818491
0.810988
0.803671
0.796548
0.789626
0.782912
0.776412
0.770132
0.76408
0.75826
0.752679
0.747342
0.742254
0.737421
0.732846
0.728535
0.724493
0.720722
0.717226
0.71401
0.711076
0.708427
0.706065
0.703994
0.702215
0.700729
0.699539
0.698646
0.698049
0.697751
0.995251
0.985759
0.976281
0.966826
0.957404
0.948023
0.938695
0.929426
0.920228
0.911108
0.902076
0.893141
0.884311
0.875595
0.867003
0.858541
0.850219
0.842046
0.834028
0.826174
0.818491
0.810988
0.803671
0.796548
0.789626
0.782912
0.776412
0.770132
0.76408
0.75826
0.752679
0.747342
0.742254
0.737421
0.732846
0.728535
0.724493
0.720722
0.717226
0.71401
0.711076
0.708427
0.706065
0.703994
0.702215
0.700729
0.699539
0.698646
0.698049
0.697751
0.995251
0.985759
0.976281
0.966826
0.957404
0.948023
0.938695
0.929426
0.920228
0.911108
0.902076
0.893141
0.884311
0.875595
0.867003
0.858541
0.850219
0.842046
0.834028
0.826174
0.818491
0.810988
0.803671
0.796548
0.789626
0.782912
0.776412
0.770132
0.76408
0.75826
0.752679
0.747342
0.742254
0.73742
0.732846
0.728535
0.724493
0.720722
0.717226
0.71401
0.711076
0.708426
0.706065
0.703994
0.702215
0.700729
0.699539
0.698646
0.698049
0.697751
0.995251
0.985759
0.976281
0.966826
0.957404
0.948023
0.938695
0.929426
0.920228
0.911108
0.902076
0.893141
0.884311
0.875595
0.867003
0.858541
0.850219
0.842046
0.834028
0.826174
0.818491
0.810988
0.803671
0.796548
0.789626
0.782912
0.776412
0.770132
0.76408
0.75826
0.752679
0.747342
0.742254
0.73742
0.732846
0.728535
0.724492
0.720721
0.717226
0.71401
0.711075
0.708426
0.706065
0.703994
0.702214
0.700729
0.699539
0.698645
0.698049
0.697751
0.995251
0.985759
0.976281
0.966826
0.957404
0.948023
0.938695
0.929426
0.920228
0.911108
0.902076
0.893141
0.884311
0.875595
0.867003
0.858541
0.850219
0.842046
0.834028
0.826174
0.818491
0.810988
0.803671
0.796548
0.789626
0.782912
0.776412
0.770132
0.76408
0.75826
0.752679
0.747342
0.742254
0.73742
0.732846
0.728535
0.724492
0.720721
0.717226
0.71401
0.711075
0.708426
0.706065
0.703994
0.702214
0.700729
0.699539
0.698645
0.698049
0.697751
0.995251
0.985759
0.976281
0.966826
0.957404
0.948023
0.938695
0.929426
0.920228
0.911108
0.902076
0.893141
0.884311
0.875595
0.867003
0.858541
0.850219
0.842046
0.834028
0.826174
0.818491
0.810988
0.803671
0.796548
0.789626
0.782912
0.776412
0.770132
0.76408
0.75826
0.752679
0.747342
0.742254
0.73742
0.732846
0.728535
0.724492
0.720721
0.717226
0.71401
0.711075
0.708426
0.706065
0.703994
0.702214
0.700729
0.699539
0.698645
0.698049
0.697751
0.995251
0.985759
0.976281
0.966826
0.957404
0.948023
0.938695
0.929426
0.920228
0.911108
0.902076
0.893141
0.884311
0.875595
0.867003
0.858541
0.850219
0.842046
0.834028
0.826174
0.818491
0.810988
0.803671
0.796548
0.789626
0.782912
0.776412
0.770132
0.76408
0.75826
0.752679
0.747342
0.742254
0.73742
0.732846
0.728535
0.724492
0.720721
0.717226
0.714009
0.711075
0.708426
0.706065
0.703993
0.702214
0.700729
0.699539
0.698645
0.698049
0.697751
0.995251
0.985759
0.976281
0.966826
0.957404
0.948023
0.938695
0.929426
0.920228
0.911108
0.902076
0.893141
0.884311
0.875595
0.867003
0.858541
0.850219
0.842046
0.834028
0.826174
0.818491
0.810988
0.803671
0.796548
0.789626
0.782912
0.776412
0.770132
0.76408
0.75826
0.752679
0.747342
0.742254
0.73742
0.732846
0.728535
0.724492
0.720721
0.717226
0.714009
0.711075
0.708426
0.706065
0.703993
0.702214
0.700729
0.699539
0.698645
0.698049
0.697751
0.995251
0.985759
0.976281
0.966826
0.957404
0.948023
0.938695
0.929426
0.920228
0.911108
0.902076
0.893141
0.884311
0.875595
0.867003
0.858541
0.850219
0.842046
0.834028
0.826174
0.818491
0.810988
0.803671
0.796548
0.789626
0.782912
0.776412
0.770132
0.76408
0.75826
0.752679
0.747342
0.742254
0.73742
0.732846
0.728535
0.724492
0.720721
0.717226
0.714009
0.711075
0.708426
0.706065
0.703993
0.702214
0.700729
0.699539
0.698645
0.698049
0.69775
0.995251
0.985759
0.976281
0.966826
0.957404
0.948023
0.938695
0.929426
0.920228
0.911108
0.902076
0.893141
0.884311
0.875595
0.867003
0.858541
0.85022
0.842046
0.834028
0.826174
0.818491
0.810988
0.803671
0.796548
0.789626
0.782912
0.776412
0.770132
0.76408
0.75826
0.752679
0.747341
0.742254
0.73742
0.732846
0.728535
0.724492
0.720721
0.717226
0.714009
0.711075
0.708426
0.706064
0.703993
0.702214
0.700728
0.699538
0.698645
0.698049
0.69775
0.995251
0.985759
0.976281
0.966826
0.957404
0.948024
0.938695
0.929426
0.920228
0.911108
0.902076
0.893141
0.884311
0.875595
0.867003
0.858541
0.85022
0.842046
0.834028
0.826174
0.818491
0.810988
0.803671
0.796548
0.789626
0.782912
0.776412
0.770132
0.76408
0.75826
0.752679
0.747341
0.742254
0.73742
0.732846
0.728535
0.724492
0.720721
0.717226
0.714009
0.711075
0.708426
0.706064
0.703993
0.702214
0.700728
0.699538
0.698645
0.698049
0.69775
0.995251
0.985759
0.976281
0.966826
0.957404
0.948024
0.938695
0.929426
0.920228
0.911108
0.902076
0.893141
0.884311
0.875595
0.867003
0.858541
0.85022
0.842046
0.834028
0.826174
0.818491
0.810988
0.803671
0.796548
0.789626
0.782912
0.776412
0.770132
0.76408
0.75826
0.752679
0.747341
0.742254
0.73742
0.732846
0.728535
0.724492
0.720721
0.717225
0.714009
0.711075
0.708426
0.706064
0.703993
0.702214
0.700728
0.699538
0.698645
0.698048
0.69775
0.995251
0.985759
0.976281
0.966826
0.957404
0.948024
0.938695
0.929426
0.920228
0.911108
0.902076
0.893141
0.884311
0.875595
0.867003
0.858541
0.85022
0.842046
0.834028
0.826174
0.818491
0.810988
0.803671
0.796548
0.789626
0.782912
0.776412
0.770132
0.76408
0.75826
0.752679
0.747341
0.742254
0.73742
0.732846
0.728535
0.724492
0.720721
0.717225
0.714009
0.711075
0.708426
0.706064
0.703993
0.702214
0.700728
0.699538
0.698645
0.698048
0.69775
0.995251
0.985759
0.976281
0.966826
0.957404
0.948024
0.938695
0.929427
0.920228
0.911108
0.902076
0.893141
0.884311
0.875595
0.867003
0.858541
0.85022
0.842046
0.834028
0.826174
0.818491
0.810988
0.803671
0.796548
0.789626
0.782912
0.776412
0.770132
0.76408
0.75826
0.752679
0.747341
0.742253
0.73742
0.732846
0.728535
0.724492
0.720721
0.717225
0.714009
0.711075
0.708426
0.706064
0.703993
0.702214
0.700728
0.699538
0.698644
0.698048
0.69775
0.995251
0.985759
0.976281
0.966826
0.957404
0.948024
0.938695
0.929427
0.920228
0.911108
0.902076
0.893141
0.884311
0.875595
0.867003
0.858541
0.85022
0.842046
0.834028
0.826174
0.818491
0.810988
0.803671
0.796548
0.789626
0.782912
0.776412
0.770132
0.76408
0.75826
0.752678
0.747341
0.742253
0.73742
0.732845
0.728535
0.724492
0.720721
0.717225
0.714009
0.711075
0.708425
0.706064
0.703993
0.702213
0.700728
0.699538
0.698644
0.698048
0.69775
0.995251
0.985759
0.976281
0.966826
0.957404
0.948024
0.938695
0.929427
0.920228
0.911108
0.902076
0.893141
0.884311
0.875596
0.867003
0.858541
0.85022
0.842046
0.834028
0.826174
0.818491
0.810988
0.803671
0.796548
0.789626
0.782912
0.776412
0.770132
0.76408
0.75826
0.752678
0.747341
0.742253
0.73742
0.732845
0.728535
0.724492
0.720721
0.717225
0.714009
0.711075
0.708425
0.706064
0.703993
0.702213
0.700728
0.699538
0.698644
0.698048
0.69775
0.995251
0.985759
0.976281
0.966826
0.957404
0.948024
0.938695
0.929427
0.920228
0.911108
0.902076
0.893141
0.884311
0.875596
0.867003
0.858541
0.85022
0.842046
0.834028
0.826174
0.818491
0.810988
0.803671
0.796548
0.789626
0.782912
0.776412
0.770132
0.76408
0.75826
0.752678
0.747341
0.742253
0.73742
0.732845
0.728535
0.724492
0.720721
0.717225
0.714009
0.711074
0.708425
0.706064
0.703993
0.702213
0.700728
0.699538
0.698644
0.698048
0.69775
0.995251
0.985759
0.976281
0.966826
0.957404
0.948024
0.938695
0.929427
0.920228
0.911108
0.902076
0.893141
0.884311
0.875596
0.867003
0.858541
0.85022
0.842046
0.834028
0.826174
0.818491
0.810988
0.803671
0.796548
0.789626
0.782912
0.776412
0.770132
0.76408
0.75826
0.752678
0.747341
0.742253
0.73742
0.732845
0.728535
0.724492
0.720721
0.717225
0.714009
0.711074
0.708425
0.706064
0.703993
0.702213
0.700728
0.699538
0.698644
0.698048
0.69775
0.995251
0.985759
0.976281
0.966826
0.957404
0.948024
0.938695
0.929427
0.920228
0.911108
0.902076
0.893141
0.884311
0.875596
0.867003
0.858541
0.85022
0.842046
0.834028
0.826174
0.818491
0.810988
0.803671
0.796548
0.789626
0.782912
0.776412
0.770132
0.76408
0.75826
0.752678
0.747341
0.742253
0.73742
0.732845
0.728535
0.724492
0.720721
0.717225
0.714009
0.711074
0.708425
0.706064
0.703993
0.702213
0.700728
0.699538
0.698644
0.698048
0.69775
0.995251
0.985759
0.976281
0.966826
0.957404
0.948024
0.938695
0.929427
0.920228
0.911108
0.902076
0.893141
0.884311
0.875596
0.867003
0.858541
0.85022
0.842046
0.834028
0.826174
0.818491
0.810988
0.803671
0.796548
0.789626
0.782912
0.776412
0.770132
0.76408
0.75826
0.752678
0.747341
0.742253
0.73742
0.732845
0.728535
0.724492
0.720721
0.717225
0.714009
0.711074
0.708425
0.706064
0.703993
0.702213
0.700728
0.699538
0.698644
0.698048
0.69775
0.995251
0.985759
0.976281
0.966826
0.957404
0.948024
0.938695
0.929427
0.920228
0.911108
0.902076
0.893141
0.884311
0.875596
0.867003
0.858541
0.85022
0.842046
0.834028
0.826174
0.818491
0.810988
0.803671
0.796548
0.789626
0.782912
0.776412
0.770132
0.764079
0.75826
0.752678
0.747341
0.742253
0.73742
0.732845
0.728534
0.724492
0.720721
0.717225
0.714009
0.711074
0.708425
0.706064
0.703993
0.702213
0.700728
0.699538
0.698644
0.698048
0.69775
)
;

boundaryField
{
    inlet
    {
        type            fixedValue;
        value           uniform 1;
    }
    outlet
    {
        type            zeroGradient;
    }
    lowerWall
    {
        type            zeroGradient;
    }
    upperWall
    {
        type            zeroGradient;
    }
    frontAndBack
    {
        type            empty;
    }
}


// ************************************************************************* //
