/*--------------------------------*- C++ -*----------------------------------*\
  =========                 |
  \\      /  F ield         | OpenFOAM: The Open Source CFD Toolbox
   \\    /   O peration     | Website:  https://openfoam.org
    \\  /    A nd           | Version:  12
     \\/     M anipulation  |
\*---------------------------------------------------------------------------*/
FoamFile
{
    format      ascii;
    class       volScalarField;
    location    "32";
    object      T;
}
// * * * * * * * * * * * * * * * * * * * * * * * * * * * * * * * * * * * * * //

dimensions      [0 0 0 1 0 0 0];

internalField   nonuniform List<scalar> 
1250
(
0.990798
0.972403
0.954036
0.935716
0.917461
0.89929
0.881221
0.863272
0.845462
0.827808
0.810329
0.793042
0.775963
0.759111
0.742502
0.726152
0.710079
0.694297
0.678822
0.663669
0.648854
0.634391
0.620293
0.606575
0.59325
0.58033
0.567828
0.555756
0.544125
0.532946
0.522231
0.511988
0.502227
0.492959
0.48419
0.47593
0.468186
0.460965
0.454274
0.448119
0.442506
0.437439
0.432924
0.428964
0.425563
0.422724
0.42045
0.418742
0.417603
0.417033
0.990798
0.972403
0.954036
0.935716
0.917461
0.89929
0.881221
0.863272
0.845462
0.827808
0.810329
0.793042
0.775963
0.759111
0.742502
0.726152
0.710079
0.694297
0.678822
0.663669
0.648854
0.634391
0.620293
0.606575
0.59325
0.58033
0.567828
0.555756
0.544125
0.532946
0.522231
0.511988
0.502227
0.492959
0.48419
0.47593
0.468186
0.460965
0.454274
0.448119
0.442506
0.437439
0.432924
0.428964
0.425563
0.422724
0.42045
0.418742
0.417603
0.417033
0.990798
0.972403
0.954036
0.935716
0.917461
0.89929
0.881221
0.863272
0.845462
0.827808
0.810329
0.793042
0.775963
0.759111
0.742502
0.726152
0.710079
0.694297
0.678822
0.663669
0.648854
0.634391
0.620293
0.606575
0.59325
0.58033
0.567828
0.555756
0.544125
0.532946
0.522231
0.511988
0.502227
0.492959
0.48419
0.47593
0.468186
0.460965
0.454274
0.448119
0.442506
0.437439
0.432924
0.428964
0.425563
0.422724
0.42045
0.418742
0.417603
0.417033
0.990798
0.972403
0.954036
0.935716
0.917461
0.89929
0.881221
0.863272
0.845462
0.827808
0.810329
0.793042
0.775963
0.759111
0.742502
0.726152
0.710079
0.694297
0.678822
0.663669
0.648854
0.634391
0.620293
0.606575
0.59325
0.58033
0.567828
0.555756
0.544125
0.532946
0.522231
0.511988
0.502227
0.492959
0.48419
0.47593
0.468186
0.460965
0.454274
0.448119
0.442506
0.437439
0.432924
0.428964
0.425563
0.422724
0.42045
0.418742
0.417603
0.417033
0.990798
0.972403
0.954036
0.935716
0.917461
0.89929
0.881221
0.863272
0.845462
0.827808
0.810329
0.793042
0.775963
0.759111
0.742502
0.726152
0.710079
0.694297
0.678822
0.663669
0.648854
0.634391
0.620293
0.606575
0.59325
0.58033
0.567828
0.555756
0.544125
0.532946
0.522231
0.511988
0.502227
0.492959
0.48419
0.47593
0.468186
0.460965
0.454274
0.448119
0.442506
0.437439
0.432924
0.428964
0.425563
0.422724
0.42045
0.418742
0.417603
0.417033
0.990798
0.972403
0.954036
0.935716
0.917461
0.89929
0.881221
0.863272
0.845462
0.827808
0.810329
0.793042
0.775963
0.759111
0.742502
0.726152
0.710079
0.694297
0.678822
0.663669
0.648854
0.634391
0.620294
0.606575
0.59325
0.58033
0.567828
0.555756
0.544125
0.532946
0.522231
0.511988
0.502227
0.492959
0.48419
0.47593
0.468186
0.460965
0.454274
0.448119
0.442506
0.437439
0.432923
0.428963
0.425562
0.422724
0.420449
0.418742
0.417603
0.417033
0.990798
0.972403
0.954036
0.935716
0.917461
0.89929
0.881221
0.863272
0.845462
0.827808
0.810329
0.793042
0.775963
0.759111
0.742502
0.726152
0.710079
0.694297
0.678822
0.66367
0.648854
0.634391
0.620294
0.606575
0.59325
0.58033
0.567828
0.555756
0.544125
0.532946
0.522231
0.511988
0.502227
0.492959
0.48419
0.47593
0.468186
0.460965
0.454274
0.448119
0.442506
0.437439
0.432923
0.428963
0.425562
0.422724
0.420449
0.418742
0.417603
0.417033
0.990798
0.972403
0.954036
0.935716
0.917461
0.89929
0.881221
0.863272
0.845462
0.827808
0.810329
0.793042
0.775963
0.759111
0.742502
0.726152
0.710079
0.694297
0.678822
0.66367
0.648854
0.634391
0.620294
0.606576
0.59325
0.58033
0.567828
0.555756
0.544125
0.532946
0.522231
0.511988
0.502227
0.492959
0.48419
0.47593
0.468186
0.460965
0.454274
0.448119
0.442506
0.437439
0.432923
0.428963
0.425562
0.422723
0.420449
0.418742
0.417603
0.417033
0.990798
0.972403
0.954036
0.935716
0.917461
0.89929
0.881221
0.863272
0.845462
0.827809
0.810329
0.793042
0.775963
0.759111
0.742502
0.726153
0.710079
0.694297
0.678822
0.66367
0.648855
0.634391
0.620294
0.606576
0.59325
0.58033
0.567828
0.555756
0.544125
0.532946
0.522231
0.511988
0.502227
0.492959
0.48419
0.47593
0.468186
0.460965
0.454274
0.448119
0.442505
0.437439
0.432923
0.428963
0.425562
0.422723
0.420449
0.418742
0.417603
0.417033
0.990798
0.972403
0.954036
0.935716
0.917461
0.89929
0.881221
0.863272
0.845462
0.827809
0.810329
0.793042
0.775963
0.759111
0.742502
0.726153
0.710079
0.694297
0.678822
0.66367
0.648855
0.634391
0.620294
0.606576
0.59325
0.58033
0.567828
0.555756
0.544125
0.532947
0.522231
0.511988
0.502227
0.492959
0.48419
0.47593
0.468186
0.460965
0.454274
0.448119
0.442505
0.437439
0.432923
0.428963
0.425562
0.422723
0.420449
0.418742
0.417602
0.417033
0.990798
0.972403
0.954036
0.935716
0.917461
0.89929
0.881221
0.863272
0.845462
0.827809
0.810329
0.793042
0.775963
0.759111
0.742502
0.726153
0.710079
0.694297
0.678822
0.66367
0.648855
0.634391
0.620294
0.606576
0.59325
0.58033
0.567828
0.555756
0.544125
0.532947
0.522231
0.511988
0.502227
0.492959
0.48419
0.47593
0.468186
0.460965
0.454274
0.448119
0.442505
0.437439
0.432923
0.428963
0.425562
0.422723
0.420449
0.418742
0.417602
0.417033
0.990798
0.972403
0.954036
0.935716
0.917461
0.89929
0.881221
0.863272
0.845462
0.827809
0.810329
0.793042
0.775963
0.759111
0.742502
0.726153
0.710079
0.694297
0.678822
0.66367
0.648855
0.634391
0.620294
0.606576
0.59325
0.58033
0.567828
0.555756
0.544125
0.532947
0.522231
0.511988
0.502227
0.492959
0.48419
0.47593
0.468186
0.460965
0.454274
0.448119
0.442505
0.437438
0.432923
0.428963
0.425562
0.422723
0.420449
0.418741
0.417602
0.417032
0.990798
0.972403
0.954036
0.935716
0.917461
0.89929
0.881221
0.863272
0.845462
0.827809
0.810329
0.793042
0.775963
0.759111
0.742502
0.726153
0.710079
0.694297
0.678822
0.66367
0.648855
0.634391
0.620294
0.606576
0.59325
0.58033
0.567828
0.555756
0.544125
0.532947
0.522231
0.511988
0.502227
0.492959
0.48419
0.47593
0.468186
0.460965
0.454274
0.448119
0.442505
0.437438
0.432923
0.428963
0.425562
0.422723
0.420449
0.418741
0.417602
0.417032
0.990798
0.972403
0.954036
0.935716
0.917461
0.89929
0.881221
0.863272
0.845462
0.827809
0.810329
0.793042
0.775963
0.759111
0.742502
0.726153
0.710079
0.694297
0.678822
0.66367
0.648855
0.634391
0.620294
0.606576
0.59325
0.58033
0.567828
0.555756
0.544125
0.532947
0.522231
0.511988
0.502227
0.492959
0.48419
0.47593
0.468186
0.460965
0.454274
0.448119
0.442505
0.437438
0.432923
0.428963
0.425562
0.422723
0.420449
0.418741
0.417602
0.417032
0.990798
0.972403
0.954036
0.935716
0.917461
0.89929
0.881221
0.863272
0.845462
0.827809
0.810329
0.793042
0.775964
0.759111
0.742502
0.726153
0.710079
0.694297
0.678822
0.66367
0.648855
0.634391
0.620294
0.606576
0.59325
0.580331
0.567828
0.555756
0.544125
0.532947
0.522231
0.511988
0.502227
0.492959
0.48419
0.47593
0.468186
0.460965
0.454274
0.448119
0.442505
0.437438
0.432923
0.428963
0.425562
0.422723
0.420448
0.418741
0.417602
0.417032
0.990798
0.972403
0.954036
0.935716
0.917461
0.89929
0.881221
0.863272
0.845462
0.827809
0.810329
0.793042
0.775964
0.759111
0.742502
0.726153
0.710079
0.694297
0.678822
0.66367
0.648855
0.634392
0.620294
0.606576
0.59325
0.580331
0.567829
0.555756
0.544125
0.532947
0.522231
0.511988
0.502227
0.492959
0.48419
0.47593
0.468186
0.460965
0.454274
0.448118
0.442505
0.437438
0.432923
0.428962
0.425561
0.422723
0.420448
0.418741
0.417602
0.417032
0.990798
0.972403
0.954036
0.935716
0.917461
0.89929
0.881221
0.863272
0.845462
0.827809
0.810329
0.793042
0.775964
0.759112
0.742502
0.726153
0.710079
0.694297
0.678822
0.66367
0.648855
0.634392
0.620294
0.606576
0.593251
0.580331
0.567829
0.555756
0.544125
0.532947
0.522231
0.511988
0.502227
0.492958
0.48419
0.47593
0.468186
0.460965
0.454274
0.448118
0.442505
0.437438
0.432922
0.428962
0.425561
0.422722
0.420448
0.418741
0.417602
0.417032
0.990798
0.972403
0.954036
0.935716
0.917461
0.89929
0.881221
0.863272
0.845462
0.827809
0.81033
0.793042
0.775964
0.759112
0.742503
0.726153
0.710079
0.694297
0.678822
0.66367
0.648855
0.634392
0.620294
0.606576
0.593251
0.580331
0.567829
0.555756
0.544125
0.532947
0.522231
0.511988
0.502227
0.492958
0.48419
0.47593
0.468186
0.460965
0.454273
0.448118
0.442505
0.437438
0.432922
0.428962
0.425561
0.422722
0.420448
0.418741
0.417602
0.417032
0.990798
0.972403
0.954036
0.935716
0.917461
0.89929
0.881221
0.863273
0.845462
0.827809
0.81033
0.793042
0.775964
0.759112
0.742503
0.726153
0.710079
0.694297
0.678823
0.66367
0.648855
0.634392
0.620294
0.606576
0.593251
0.580331
0.567829
0.555756
0.544125
0.532947
0.522231
0.511988
0.502227
0.492958
0.48419
0.47593
0.468186
0.460965
0.454273
0.448118
0.442505
0.437438
0.432922
0.428962
0.425561
0.422722
0.420448
0.418741
0.417602
0.417032
0.990798
0.972403
0.954036
0.935716
0.917461
0.89929
0.881221
0.863273
0.845462
0.827809
0.81033
0.793042
0.775964
0.759112
0.742503
0.726153
0.710079
0.694297
0.678823
0.66367
0.648855
0.634392
0.620294
0.606576
0.593251
0.580331
0.567829
0.555756
0.544125
0.532947
0.522231
0.511988
0.502227
0.492958
0.48419
0.47593
0.468185
0.460964
0.454273
0.448118
0.442505
0.437438
0.432922
0.428962
0.425561
0.422722
0.420448
0.418741
0.417601
0.417032
0.990798
0.972403
0.954036
0.935716
0.917461
0.89929
0.881221
0.863273
0.845463
0.827809
0.81033
0.793042
0.775964
0.759112
0.742503
0.726153
0.710079
0.694297
0.678823
0.66367
0.648855
0.634392
0.620294
0.606576
0.593251
0.580331
0.567829
0.555756
0.544125
0.532947
0.522231
0.511988
0.502227
0.492958
0.48419
0.47593
0.468185
0.460964
0.454273
0.448118
0.442505
0.437438
0.432922
0.428962
0.425561
0.422722
0.420448
0.418741
0.417601
0.417032
0.990798
0.972403
0.954036
0.935716
0.917461
0.89929
0.881221
0.863273
0.845463
0.827809
0.81033
0.793042
0.775964
0.759112
0.742503
0.726153
0.71008
0.694297
0.678823
0.66367
0.648855
0.634392
0.620294
0.606576
0.593251
0.580331
0.567829
0.555756
0.544125
0.532947
0.522231
0.511988
0.502227
0.492958
0.48419
0.47593
0.468185
0.460964
0.454273
0.448118
0.442504
0.437438
0.432922
0.428962
0.425561
0.422722
0.420448
0.418741
0.417601
0.417032
0.990798
0.972403
0.954036
0.935716
0.917461
0.89929
0.881221
0.863273
0.845463
0.827809
0.81033
0.793042
0.775964
0.759112
0.742503
0.726153
0.71008
0.694298
0.678823
0.66367
0.648855
0.634392
0.620294
0.606576
0.593251
0.580331
0.567829
0.555756
0.544125
0.532947
0.522231
0.511988
0.502227
0.492958
0.48419
0.47593
0.468185
0.460964
0.454273
0.448118
0.442504
0.437438
0.432922
0.428962
0.425561
0.422722
0.420448
0.418741
0.417601
0.417032
0.990798
0.972403
0.954036
0.935716
0.917461
0.89929
0.881221
0.863273
0.845463
0.827809
0.81033
0.793042
0.775964
0.759112
0.742503
0.726153
0.71008
0.694298
0.678823
0.66367
0.648855
0.634392
0.620294
0.606576
0.593251
0.580331
0.567829
0.555756
0.544125
0.532947
0.522231
0.511988
0.502227
0.492958
0.48419
0.475929
0.468185
0.460964
0.454273
0.448118
0.442504
0.437438
0.432922
0.428962
0.425561
0.422722
0.420448
0.418741
0.417601
0.417032
0.990798
0.972403
0.954036
0.935716
0.917461
0.89929
0.881221
0.863273
0.845463
0.827809
0.81033
0.793042
0.775964
0.759112
0.742503
0.726153
0.71008
0.694298
0.678823
0.66367
0.648855
0.634392
0.620294
0.606576
0.593251
0.580331
0.567829
0.555756
0.544125
0.532947
0.522231
0.511988
0.502227
0.492958
0.48419
0.475929
0.468185
0.460964
0.454273
0.448118
0.442504
0.437438
0.432922
0.428962
0.425561
0.422722
0.420448
0.41874
0.417601
0.417032
)
;

boundaryField
{
    inlet
    {
        type            fixedValue;
        value           uniform 1;
    }
    outlet
    {
        type            zeroGradient;
    }
    lowerWall
    {
        type            zeroGradient;
    }
    upperWall
    {
        type            zeroGradient;
    }
    frontAndBack
    {
        type            empty;
    }
}


// ************************************************************************* //
