/*--------------------------------*- C++ -*----------------------------------*\
  =========                 |
  \\      /  F ield         | OpenFOAM: The Open Source CFD Toolbox
   \\    /   O peration     | Website:  https://openfoam.org
    \\  /    A nd           | Version:  12
     \\/     M anipulation  |
\*---------------------------------------------------------------------------*/
FoamFile
{
    format      ascii;
    class       volScalarField;
    location    "29";
    object      T;
}
// * * * * * * * * * * * * * * * * * * * * * * * * * * * * * * * * * * * * * //

dimensions      [0 0 0 1 0 0 0];

internalField   nonuniform List<scalar> 
1250
(
0.990075
0.970236
0.950428
0.930671
0.910986
0.891393
0.871912
0.852563
0.833366
0.814341
0.795507
0.776883
0.758488
0.740341
0.72246
0.704862
0.687566
0.670588
0.653946
0.637655
0.621731
0.60619
0.591046
0.576315
0.56201
0.548145
0.534732
0.521785
0.509314
0.497333
0.485851
0.474879
0.464426
0.454504
0.445119
0.436281
0.427997
0.420274
0.41312
0.40654
0.40054
0.395126
0.390302
0.386071
0.382439
0.379407
0.376978
0.375155
0.373938
0.37333
0.990075
0.970236
0.950428
0.930671
0.910986
0.891393
0.871912
0.852563
0.833366
0.814341
0.795506
0.776883
0.758488
0.740341
0.72246
0.704862
0.687566
0.670588
0.653946
0.637655
0.621731
0.60619
0.591046
0.576315
0.56201
0.548145
0.534732
0.521785
0.509314
0.497333
0.485851
0.474879
0.464426
0.454504
0.445119
0.436281
0.427997
0.420274
0.41312
0.40654
0.40054
0.395126
0.390302
0.386071
0.382439
0.379407
0.376978
0.375155
0.373938
0.37333
0.990075
0.970236
0.950428
0.930671
0.910986
0.891393
0.871912
0.852563
0.833366
0.814341
0.795506
0.776883
0.758488
0.740341
0.72246
0.704862
0.687566
0.670588
0.653946
0.637655
0.621731
0.60619
0.591046
0.576315
0.56201
0.548145
0.534732
0.521785
0.509314
0.497333
0.485851
0.474879
0.464426
0.454504
0.445119
0.436281
0.427997
0.420274
0.41312
0.40654
0.40054
0.395126
0.390302
0.386071
0.382439
0.379407
0.376978
0.375155
0.373938
0.37333
0.990075
0.970236
0.950428
0.930671
0.910986
0.891393
0.871912
0.852563
0.833366
0.814341
0.795506
0.776883
0.758488
0.740341
0.72246
0.704862
0.687566
0.670588
0.653946
0.637655
0.621731
0.60619
0.591046
0.576315
0.56201
0.548145
0.534732
0.521785
0.509314
0.497333
0.485851
0.474879
0.464426
0.454504
0.445119
0.436281
0.427997
0.420274
0.41312
0.40654
0.40054
0.395126
0.390302
0.386071
0.382439
0.379407
0.376978
0.375155
0.373938
0.37333
0.990075
0.970236
0.950428
0.930671
0.910986
0.891393
0.871912
0.852563
0.833366
0.814341
0.795507
0.776883
0.758488
0.740341
0.72246
0.704862
0.687566
0.670588
0.653946
0.637655
0.621731
0.60619
0.591046
0.576315
0.56201
0.548145
0.534732
0.521785
0.509314
0.497333
0.485851
0.474879
0.464427
0.454504
0.445119
0.436281
0.427997
0.420274
0.41312
0.40654
0.40054
0.395126
0.390302
0.386071
0.382439
0.379407
0.376978
0.375155
0.373938
0.37333
0.990075
0.970236
0.950428
0.930671
0.910986
0.891393
0.871912
0.852563
0.833366
0.814341
0.795507
0.776883
0.758488
0.740341
0.72246
0.704862
0.687566
0.670588
0.653946
0.637655
0.621731
0.60619
0.591046
0.576315
0.56201
0.548145
0.534732
0.521785
0.509315
0.497333
0.485851
0.474879
0.464427
0.454504
0.445119
0.436281
0.427997
0.420274
0.41312
0.40654
0.40054
0.395126
0.390302
0.386071
0.382439
0.379407
0.376978
0.375155
0.373938
0.37333
0.990075
0.970236
0.950428
0.930671
0.910986
0.891393
0.871912
0.852563
0.833366
0.814341
0.795507
0.776883
0.758488
0.740341
0.72246
0.704862
0.687566
0.670588
0.653946
0.637655
0.621731
0.60619
0.591047
0.576315
0.56201
0.548145
0.534732
0.521785
0.509315
0.497333
0.485851
0.474879
0.464427
0.454504
0.445119
0.436281
0.427997
0.420274
0.41312
0.40654
0.40054
0.395126
0.390302
0.386071
0.382438
0.379407
0.376978
0.375155
0.373938
0.37333
0.990075
0.970236
0.950428
0.930671
0.910986
0.891393
0.871912
0.852563
0.833366
0.814341
0.795507
0.776883
0.758488
0.740341
0.72246
0.704862
0.687566
0.670588
0.653946
0.637655
0.621731
0.60619
0.591047
0.576315
0.56201
0.548145
0.534732
0.521785
0.509315
0.497333
0.485851
0.474879
0.464427
0.454504
0.445119
0.436281
0.427997
0.420274
0.41312
0.40654
0.40054
0.395126
0.390302
0.386071
0.382438
0.379406
0.376978
0.375155
0.373938
0.37333
0.990075
0.970236
0.950428
0.930671
0.910986
0.891393
0.871912
0.852563
0.833366
0.814341
0.795507
0.776883
0.758488
0.740341
0.72246
0.704862
0.687566
0.670589
0.653946
0.637655
0.621731
0.60619
0.591047
0.576316
0.562011
0.548145
0.534733
0.521785
0.509315
0.497333
0.485851
0.474879
0.464427
0.454504
0.445119
0.436281
0.427997
0.420274
0.41312
0.40654
0.40054
0.395126
0.390302
0.386071
0.382438
0.379406
0.376978
0.375154
0.373938
0.37333
0.990075
0.970236
0.950428
0.930671
0.910986
0.891393
0.871912
0.852563
0.833366
0.814341
0.795507
0.776883
0.758488
0.740341
0.72246
0.704862
0.687566
0.670589
0.653946
0.637655
0.621731
0.60619
0.591047
0.576316
0.562011
0.548145
0.534733
0.521785
0.509315
0.497333
0.485851
0.474879
0.464427
0.454504
0.445119
0.436281
0.427997
0.420274
0.41312
0.40654
0.40054
0.395126
0.390301
0.386071
0.382438
0.379406
0.376978
0.375154
0.373938
0.37333
0.990075
0.970236
0.950428
0.930671
0.910986
0.891393
0.871912
0.852563
0.833366
0.814341
0.795507
0.776883
0.758488
0.740341
0.72246
0.704862
0.687566
0.670589
0.653946
0.637655
0.621731
0.60619
0.591047
0.576316
0.562011
0.548145
0.534733
0.521785
0.509315
0.497333
0.485851
0.474879
0.464427
0.454504
0.445119
0.436281
0.427997
0.420274
0.41312
0.40654
0.40054
0.395126
0.390301
0.386071
0.382438
0.379406
0.376978
0.375154
0.373938
0.37333
0.990075
0.970236
0.950428
0.930671
0.910986
0.891393
0.871912
0.852563
0.833366
0.814341
0.795507
0.776883
0.758488
0.740341
0.72246
0.704863
0.687566
0.670589
0.653946
0.637655
0.621731
0.60619
0.591047
0.576316
0.562011
0.548145
0.534733
0.521785
0.509315
0.497333
0.485851
0.474879
0.464427
0.454504
0.445119
0.436281
0.427997
0.420274
0.41312
0.40654
0.40054
0.395126
0.390301
0.386071
0.382438
0.379406
0.376978
0.375154
0.373938
0.373329
0.990075
0.970236
0.950428
0.930671
0.910986
0.891393
0.871912
0.852563
0.833366
0.814341
0.795507
0.776883
0.758488
0.740341
0.72246
0.704863
0.687567
0.670589
0.653946
0.637655
0.621731
0.60619
0.591047
0.576316
0.562011
0.548146
0.534733
0.521785
0.509315
0.497333
0.485851
0.474879
0.464427
0.454504
0.445119
0.436281
0.427997
0.420274
0.41312
0.40654
0.40054
0.395126
0.390301
0.386071
0.382438
0.379406
0.376978
0.375154
0.373938
0.373329
0.990075
0.970236
0.950428
0.930671
0.910986
0.891393
0.871912
0.852563
0.833366
0.814341
0.795507
0.776883
0.758488
0.740341
0.72246
0.704863
0.687567
0.670589
0.653946
0.637655
0.621732
0.606191
0.591047
0.576316
0.562011
0.548146
0.534733
0.521785
0.509315
0.497333
0.485851
0.474879
0.464427
0.454504
0.445119
0.436281
0.427997
0.420274
0.41312
0.40654
0.40054
0.395126
0.390301
0.386071
0.382438
0.379406
0.376978
0.375154
0.373938
0.373329
0.990075
0.970236
0.950428
0.930671
0.910986
0.891393
0.871912
0.852563
0.833366
0.814341
0.795507
0.776883
0.758488
0.740341
0.72246
0.704863
0.687567
0.670589
0.653946
0.637655
0.621732
0.606191
0.591047
0.576316
0.562011
0.548146
0.534733
0.521786
0.509315
0.497334
0.485851
0.474879
0.464427
0.454504
0.445119
0.436281
0.427997
0.420274
0.41312
0.40654
0.40054
0.395126
0.390301
0.386071
0.382438
0.379406
0.376977
0.375154
0.373938
0.373329
0.990075
0.970236
0.950428
0.930671
0.910986
0.891393
0.871912
0.852563
0.833366
0.814341
0.795507
0.776883
0.758489
0.740341
0.72246
0.704863
0.687567
0.670589
0.653947
0.637656
0.621732
0.606191
0.591047
0.576316
0.562011
0.548146
0.534733
0.521786
0.509315
0.497334
0.485851
0.474879
0.464427
0.454504
0.445119
0.436281
0.427997
0.420274
0.41312
0.40654
0.40054
0.395126
0.390301
0.386071
0.382438
0.379406
0.376977
0.375154
0.373938
0.373329
0.990075
0.970236
0.950428
0.930671
0.910986
0.891393
0.871912
0.852563
0.833366
0.814341
0.795507
0.776883
0.758489
0.740342
0.72246
0.704863
0.687567
0.670589
0.653947
0.637656
0.621732
0.606191
0.591047
0.576316
0.562011
0.548146
0.534733
0.521786
0.509315
0.497334
0.485851
0.474879
0.464427
0.454504
0.445119
0.436281
0.427997
0.420274
0.41312
0.40654
0.40054
0.395126
0.390301
0.386071
0.382438
0.379406
0.376977
0.375154
0.373938
0.373329
0.990075
0.970236
0.950428
0.930671
0.910986
0.891393
0.871912
0.852563
0.833366
0.814341
0.795507
0.776883
0.758489
0.740342
0.72246
0.704863
0.687567
0.670589
0.653947
0.637656
0.621732
0.606191
0.591048
0.576316
0.562011
0.548146
0.534733
0.521786
0.509315
0.497334
0.485851
0.474879
0.464427
0.454504
0.445119
0.436281
0.427997
0.420274
0.41312
0.40654
0.40054
0.395126
0.390301
0.386071
0.382438
0.379406
0.376977
0.375154
0.373938
0.373329
0.990075
0.970236
0.950428
0.930671
0.910986
0.891393
0.871912
0.852563
0.833366
0.814341
0.795507
0.776883
0.758489
0.740342
0.722461
0.704863
0.687567
0.670589
0.653947
0.637656
0.621732
0.606191
0.591048
0.576316
0.562011
0.548146
0.534733
0.521786
0.509315
0.497334
0.485852
0.474879
0.464427
0.454504
0.445119
0.436281
0.427997
0.420274
0.41312
0.40654
0.40054
0.395126
0.390301
0.386071
0.382438
0.379406
0.376977
0.375154
0.373938
0.373329
0.990075
0.970236
0.950428
0.930671
0.910986
0.891393
0.871912
0.852563
0.833366
0.814341
0.795507
0.776883
0.758489
0.740342
0.722461
0.704863
0.687567
0.670589
0.653947
0.637656
0.621732
0.606191
0.591048
0.576316
0.562011
0.548146
0.534733
0.521786
0.509315
0.497334
0.485852
0.474879
0.464427
0.454504
0.445119
0.436281
0.427997
0.420274
0.41312
0.40654
0.40054
0.395126
0.390301
0.386071
0.382438
0.379406
0.376977
0.375154
0.373938
0.373329
0.990075
0.970236
0.950428
0.930671
0.910986
0.891393
0.871912
0.852563
0.833366
0.814341
0.795507
0.776884
0.758489
0.740342
0.722461
0.704863
0.687567
0.67059
0.653947
0.637656
0.621732
0.606191
0.591048
0.576317
0.562012
0.548146
0.534733
0.521786
0.509316
0.497334
0.485852
0.474879
0.464427
0.454504
0.445119
0.436281
0.427997
0.420274
0.41312
0.40654
0.40054
0.395126
0.390301
0.386071
0.382438
0.379406
0.376977
0.375154
0.373938
0.373329
0.990075
0.970236
0.950428
0.930671
0.910986
0.891393
0.871912
0.852563
0.833366
0.814341
0.795507
0.776884
0.758489
0.740342
0.722461
0.704863
0.687567
0.67059
0.653947
0.637656
0.621732
0.606191
0.591048
0.576317
0.562012
0.548146
0.534733
0.521786
0.509316
0.497334
0.485852
0.474879
0.464427
0.454504
0.445119
0.436281
0.427997
0.420274
0.41312
0.40654
0.40054
0.395126
0.390301
0.386071
0.382438
0.379406
0.376977
0.375154
0.373938
0.373329
0.990075
0.970236
0.950428
0.930672
0.910986
0.891393
0.871912
0.852563
0.833367
0.814341
0.795507
0.776884
0.758489
0.740342
0.722461
0.704863
0.687567
0.67059
0.653947
0.637656
0.621732
0.606191
0.591048
0.576317
0.562012
0.548146
0.534733
0.521786
0.509316
0.497334
0.485852
0.474879
0.464427
0.454504
0.445119
0.436281
0.427997
0.420274
0.41312
0.40654
0.40054
0.395126
0.390301
0.386071
0.382438
0.379406
0.376977
0.375154
0.373938
0.373329
0.990075
0.970236
0.950428
0.930672
0.910986
0.891393
0.871912
0.852563
0.833367
0.814341
0.795507
0.776884
0.758489
0.740342
0.722461
0.704863
0.687567
0.67059
0.653947
0.637656
0.621732
0.606191
0.591048
0.576317
0.562012
0.548146
0.534734
0.521786
0.509316
0.497334
0.485852
0.474879
0.464427
0.454504
0.445119
0.436281
0.427997
0.420274
0.41312
0.40654
0.40054
0.395126
0.390301
0.386071
0.382438
0.379406
0.376977
0.375154
0.373938
0.373329
0.990075
0.970236
0.950428
0.930672
0.910986
0.891393
0.871912
0.852563
0.833367
0.814341
0.795507
0.776884
0.758489
0.740342
0.722461
0.704864
0.687567
0.67059
0.653947
0.637656
0.621732
0.606191
0.591048
0.576317
0.562012
0.548146
0.534734
0.521786
0.509316
0.497334
0.485852
0.474879
0.464427
0.454504
0.445119
0.436281
0.427997
0.420274
0.41312
0.40654
0.40054
0.395126
0.390301
0.386071
0.382438
0.379406
0.376977
0.375154
0.373938
0.373329
)
;

boundaryField
{
    inlet
    {
        type            fixedValue;
        value           uniform 1;
    }
    outlet
    {
        type            zeroGradient;
    }
    lowerWall
    {
        type            zeroGradient;
    }
    upperWall
    {
        type            zeroGradient;
    }
    frontAndBack
    {
        type            empty;
    }
}


// ************************************************************************* //
