/*--------------------------------*- C++ -*----------------------------------*\
  =========                 |
  \\      /  F ield         | OpenFOAM: The Open Source CFD Toolbox
   \\    /   O peration     | Website:  https://openfoam.org
    \\  /    A nd           | Version:  12
     \\/     M anipulation  |
\*---------------------------------------------------------------------------*/
FoamFile
{
    format      ascii;
    class       volScalarField;
    location    "36";
    object      T;
}
// * * * * * * * * * * * * * * * * * * * * * * * * * * * * * * * * * * * * * //

dimensions      [0 0 0 1 0 0 0];

internalField   nonuniform List<scalar> 
1250
(
0.991668
0.975011
0.95838
0.94179
0.925259
0.908803
0.892437
0.87618
0.860046
0.844052
0.828214
0.812547
0.797068
0.781791
0.766733
0.751906
0.737328
0.723011
0.70897
0.695218
0.68177
0.668638
0.655836
0.643375
0.631268
0.619527
0.608164
0.597188
0.586611
0.576443
0.566694
0.557374
0.54849
0.540052
0.532069
0.524546
0.517492
0.510914
0.504817
0.499208
0.494092
0.489473
0.485357
0.481746
0.478645
0.476056
0.473982
0.472425
0.471386
0.470867
0.991668
0.975011
0.95838
0.94179
0.925259
0.908803
0.892437
0.876179
0.860046
0.844052
0.828214
0.812547
0.797068
0.781791
0.766733
0.751906
0.737328
0.723011
0.70897
0.695218
0.68177
0.668638
0.655836
0.643375
0.631268
0.619527
0.608164
0.597188
0.586611
0.576443
0.566694
0.557374
0.54849
0.540053
0.532069
0.524546
0.517492
0.510914
0.504817
0.499208
0.494092
0.489473
0.485357
0.481746
0.478645
0.476056
0.473982
0.472425
0.471386
0.470867
0.991668
0.975011
0.95838
0.94179
0.925259
0.908803
0.892437
0.876179
0.860046
0.844052
0.828214
0.812547
0.797068
0.781791
0.766733
0.751906
0.737328
0.723011
0.70897
0.695218
0.68177
0.668638
0.655836
0.643375
0.631268
0.619527
0.608164
0.597188
0.586611
0.576443
0.566694
0.557374
0.54849
0.540053
0.532069
0.524546
0.517492
0.510914
0.504817
0.499208
0.494092
0.489473
0.485357
0.481746
0.478645
0.476056
0.473982
0.472425
0.471386
0.470866
0.991668
0.975011
0.95838
0.94179
0.925259
0.908803
0.892437
0.876179
0.860046
0.844052
0.828214
0.812547
0.797068
0.781791
0.766733
0.751906
0.737328
0.723011
0.70897
0.695218
0.68177
0.668638
0.655836
0.643375
0.631268
0.619527
0.608164
0.597188
0.586611
0.576443
0.566694
0.557374
0.54849
0.540053
0.532069
0.524546
0.517492
0.510914
0.504817
0.499208
0.494092
0.489473
0.485357
0.481746
0.478645
0.476056
0.473982
0.472425
0.471386
0.470866
0.991668
0.975011
0.95838
0.94179
0.925259
0.908803
0.892437
0.876179
0.860046
0.844052
0.828214
0.812547
0.797068
0.781791
0.766733
0.751906
0.737328
0.723011
0.70897
0.695218
0.68177
0.668638
0.655836
0.643375
0.631268
0.619527
0.608164
0.597188
0.586611
0.576443
0.566694
0.557374
0.54849
0.540052
0.532069
0.524546
0.517492
0.510914
0.504817
0.499208
0.494092
0.489473
0.485357
0.481746
0.478645
0.476056
0.473982
0.472425
0.471386
0.470866
0.991668
0.975011
0.95838
0.94179
0.925259
0.908803
0.892437
0.876179
0.860046
0.844052
0.828214
0.812547
0.797068
0.781791
0.766733
0.751906
0.737328
0.723011
0.70897
0.695218
0.68177
0.668638
0.655836
0.643375
0.631268
0.619527
0.608164
0.597188
0.586611
0.576443
0.566694
0.557374
0.54849
0.540052
0.532069
0.524546
0.517492
0.510914
0.504817
0.499208
0.494092
0.489473
0.485357
0.481746
0.478645
0.476056
0.473982
0.472425
0.471386
0.470866
0.991668
0.975011
0.95838
0.94179
0.925259
0.908803
0.892437
0.876179
0.860046
0.844052
0.828214
0.812547
0.797068
0.781791
0.766733
0.751906
0.737328
0.723011
0.70897
0.695218
0.68177
0.668638
0.655836
0.643375
0.631268
0.619527
0.608164
0.597188
0.586611
0.576443
0.566694
0.557374
0.54849
0.540052
0.532069
0.524546
0.517492
0.510914
0.504817
0.499208
0.494092
0.489473
0.485356
0.481746
0.478645
0.476056
0.473982
0.472425
0.471386
0.470866
0.991668
0.975011
0.95838
0.94179
0.925259
0.908803
0.892437
0.876179
0.860046
0.844052
0.828214
0.812547
0.797068
0.781791
0.766733
0.751906
0.737328
0.723011
0.70897
0.695218
0.68177
0.668638
0.655836
0.643375
0.631268
0.619527
0.608164
0.597188
0.586611
0.576443
0.566694
0.557374
0.54849
0.540052
0.532068
0.524546
0.517492
0.510914
0.504817
0.499208
0.494092
0.489473
0.485356
0.481746
0.478645
0.476056
0.473982
0.472425
0.471386
0.470866
0.991668
0.975011
0.95838
0.94179
0.925259
0.908803
0.892437
0.87618
0.860046
0.844052
0.828214
0.812547
0.797068
0.781791
0.766733
0.751906
0.737328
0.723011
0.70897
0.695218
0.68177
0.668638
0.655836
0.643375
0.631268
0.619527
0.608164
0.597188
0.586611
0.576443
0.566694
0.557374
0.54849
0.540052
0.532068
0.524546
0.517492
0.510914
0.504817
0.499208
0.494092
0.489473
0.485356
0.481746
0.478645
0.476056
0.473982
0.472425
0.471386
0.470866
0.991668
0.975011
0.95838
0.94179
0.925259
0.908803
0.892437
0.87618
0.860046
0.844052
0.828214
0.812547
0.797068
0.781791
0.766733
0.751906
0.737328
0.723011
0.70897
0.695218
0.68177
0.668638
0.655836
0.643375
0.631268
0.619527
0.608164
0.597188
0.586611
0.576443
0.566694
0.557374
0.54849
0.540052
0.532068
0.524546
0.517492
0.510914
0.504817
0.499208
0.494091
0.489473
0.485356
0.481746
0.478644
0.476056
0.473982
0.472424
0.471385
0.470866
0.991668
0.975011
0.95838
0.94179
0.925259
0.908803
0.892437
0.87618
0.860046
0.844052
0.828214
0.812547
0.797068
0.781791
0.766733
0.751907
0.737328
0.723011
0.70897
0.695218
0.68177
0.668638
0.655836
0.643375
0.631268
0.619527
0.608164
0.597188
0.586611
0.576443
0.566694
0.557374
0.54849
0.540052
0.532068
0.524546
0.517492
0.510914
0.504817
0.499208
0.494091
0.489473
0.485356
0.481745
0.478644
0.476055
0.473981
0.472424
0.471385
0.470866
0.991668
0.975011
0.95838
0.94179
0.925259
0.908803
0.892437
0.87618
0.860046
0.844052
0.828214
0.812547
0.797068
0.781791
0.766733
0.751907
0.737328
0.723011
0.70897
0.695218
0.68177
0.668638
0.655836
0.643375
0.631268
0.619527
0.608164
0.597188
0.586611
0.576443
0.566694
0.557374
0.54849
0.540052
0.532068
0.524546
0.517492
0.510913
0.504817
0.499208
0.494091
0.489472
0.485356
0.481745
0.478644
0.476055
0.473981
0.472424
0.471385
0.470865
0.991668
0.975011
0.95838
0.941791
0.925259
0.908803
0.892437
0.87618
0.860046
0.844052
0.828214
0.812547
0.797068
0.781792
0.766733
0.751907
0.737328
0.723011
0.70897
0.695218
0.68177
0.668638
0.655836
0.643375
0.631268
0.619527
0.608164
0.597188
0.586611
0.576443
0.566694
0.557374
0.54849
0.540052
0.532068
0.524546
0.517492
0.510913
0.504817
0.499207
0.494091
0.489472
0.485356
0.481745
0.478644
0.476055
0.473981
0.472424
0.471385
0.470865
0.991668
0.975011
0.95838
0.941791
0.925259
0.908803
0.892437
0.87618
0.860046
0.844052
0.828214
0.812547
0.797068
0.781792
0.766733
0.751907
0.737328
0.723011
0.70897
0.695218
0.68177
0.668638
0.655836
0.643375
0.631268
0.619527
0.608164
0.597188
0.586611
0.576443
0.566694
0.557373
0.54849
0.540052
0.532068
0.524546
0.517492
0.510913
0.504817
0.499207
0.494091
0.489472
0.485356
0.481745
0.478644
0.476055
0.473981
0.472424
0.471385
0.470865
0.991668
0.975011
0.95838
0.941791
0.925259
0.908803
0.892437
0.87618
0.860046
0.844052
0.828214
0.812547
0.797068
0.781792
0.766733
0.751907
0.737328
0.723011
0.70897
0.695218
0.68177
0.668638
0.655836
0.643375
0.631268
0.619527
0.608164
0.597188
0.586611
0.576443
0.566694
0.557373
0.54849
0.540052
0.532068
0.524545
0.517492
0.510913
0.504816
0.499207
0.494091
0.489472
0.485355
0.481745
0.478644
0.476055
0.473981
0.472424
0.471385
0.470865
0.991668
0.975011
0.95838
0.941791
0.925259
0.908803
0.892437
0.87618
0.860046
0.844052
0.828214
0.812547
0.797068
0.781792
0.766733
0.751907
0.737328
0.723011
0.70897
0.695218
0.68177
0.668638
0.655836
0.643375
0.631269
0.619527
0.608164
0.597188
0.586611
0.576443
0.566694
0.557373
0.54849
0.540052
0.532068
0.524545
0.517492
0.510913
0.504816
0.499207
0.494091
0.489472
0.485355
0.481745
0.478644
0.476055
0.473981
0.472424
0.471385
0.470865
0.991668
0.975011
0.95838
0.941791
0.925259
0.908803
0.892437
0.87618
0.860046
0.844052
0.828214
0.812547
0.797068
0.781792
0.766733
0.751907
0.737328
0.723011
0.70897
0.695218
0.68177
0.668638
0.655836
0.643375
0.631269
0.619528
0.608164
0.597188
0.586611
0.576443
0.566694
0.557373
0.54849
0.540052
0.532068
0.524545
0.517491
0.510913
0.504816
0.499207
0.494091
0.489472
0.485355
0.481745
0.478643
0.476055
0.473981
0.472423
0.471384
0.470865
0.991668
0.975011
0.95838
0.941791
0.925259
0.908803
0.892437
0.87618
0.860046
0.844052
0.828214
0.812547
0.797068
0.781792
0.766733
0.751907
0.737328
0.723011
0.70897
0.695218
0.68177
0.668639
0.655836
0.643375
0.631269
0.619528
0.608164
0.597188
0.586611
0.576443
0.566694
0.557373
0.54849
0.540052
0.532068
0.524545
0.517491
0.510913
0.504816
0.499207
0.49409
0.489472
0.485355
0.481744
0.478643
0.476054
0.47398
0.472423
0.471384
0.470865
0.991668
0.975011
0.95838
0.941791
0.925259
0.908803
0.892437
0.87618
0.860046
0.844052
0.828214
0.812547
0.797068
0.781792
0.766733
0.751907
0.737328
0.723011
0.70897
0.695219
0.68177
0.668639
0.655836
0.643375
0.631269
0.619528
0.608164
0.597188
0.586611
0.576443
0.566694
0.557373
0.54849
0.540052
0.532068
0.524545
0.517491
0.510913
0.504816
0.499207
0.49409
0.489472
0.485355
0.481744
0.478643
0.476054
0.47398
0.472423
0.471384
0.470864
0.991668
0.975011
0.95838
0.941791
0.925259
0.908803
0.892437
0.87618
0.860046
0.844052
0.828214
0.812548
0.797068
0.781792
0.766733
0.751907
0.737328
0.723011
0.70897
0.695219
0.68177
0.668639
0.655836
0.643375
0.631269
0.619528
0.608164
0.597188
0.586611
0.576443
0.566694
0.557373
0.54849
0.540052
0.532068
0.524545
0.517491
0.510913
0.504816
0.499207
0.49409
0.489472
0.485355
0.481744
0.478643
0.476054
0.47398
0.472423
0.471384
0.470864
0.991668
0.975011
0.95838
0.941791
0.925259
0.908803
0.892437
0.87618
0.860046
0.844052
0.828214
0.812548
0.797068
0.781792
0.766733
0.751907
0.737328
0.723011
0.70897
0.695219
0.68177
0.668639
0.655836
0.643375
0.631269
0.619528
0.608164
0.597188
0.586611
0.576443
0.566694
0.557373
0.54849
0.540052
0.532068
0.524545
0.517491
0.510913
0.504816
0.499207
0.49409
0.489471
0.485355
0.481744
0.478643
0.476054
0.47398
0.472423
0.471384
0.470864
0.991668
0.975011
0.95838
0.941791
0.925259
0.908803
0.892437
0.87618
0.860046
0.844052
0.828214
0.812548
0.797068
0.781792
0.766733
0.751907
0.737328
0.723011
0.70897
0.695219
0.68177
0.668639
0.655836
0.643375
0.631269
0.619528
0.608164
0.597188
0.586611
0.576443
0.566694
0.557373
0.54849
0.540052
0.532068
0.524545
0.517491
0.510913
0.504816
0.499207
0.49409
0.489471
0.485355
0.481744
0.478643
0.476054
0.47398
0.472423
0.471384
0.470864
0.991668
0.975011
0.95838
0.941791
0.925259
0.908803
0.892437
0.87618
0.860046
0.844052
0.828214
0.812548
0.797068
0.781792
0.766733
0.751907
0.737328
0.723011
0.70897
0.695219
0.68177
0.668639
0.655836
0.643375
0.631269
0.619528
0.608164
0.597188
0.586611
0.576443
0.566694
0.557373
0.548489
0.540052
0.532068
0.524545
0.517491
0.510913
0.504816
0.499207
0.49409
0.489471
0.485355
0.481744
0.478643
0.476054
0.47398
0.472423
0.471384
0.470864
0.991668
0.975011
0.95838
0.941791
0.925259
0.908803
0.892438
0.87618
0.860046
0.844052
0.828214
0.812548
0.797069
0.781792
0.766733
0.751907
0.737328
0.723011
0.70897
0.695219
0.681771
0.668639
0.655836
0.643375
0.631269
0.619528
0.608164
0.597188
0.586611
0.576443
0.566694
0.557373
0.548489
0.540052
0.532068
0.524545
0.517491
0.510913
0.504816
0.499206
0.49409
0.489471
0.485355
0.481744
0.478643
0.476054
0.47398
0.472423
0.471384
0.470864
0.991668
0.975011
0.95838
0.941791
0.925259
0.908803
0.892438
0.87618
0.860046
0.844052
0.828214
0.812548
0.797069
0.781792
0.766733
0.751907
0.737328
0.723011
0.70897
0.695219
0.681771
0.668639
0.655836
0.643375
0.631269
0.619528
0.608164
0.597188
0.586611
0.576443
0.566694
0.557373
0.548489
0.540052
0.532067
0.524545
0.517491
0.510913
0.504816
0.499206
0.49409
0.489471
0.485355
0.481744
0.478643
0.476054
0.47398
0.472423
0.471384
0.470864
)
;

boundaryField
{
    inlet
    {
        type            fixedValue;
        value           uniform 1;
    }
    outlet
    {
        type            zeroGradient;
    }
    lowerWall
    {
        type            zeroGradient;
    }
    upperWall
    {
        type            zeroGradient;
    }
    frontAndBack
    {
        type            empty;
    }
}


// ************************************************************************* //
