/*--------------------------------*- C++ -*----------------------------------*\
  =========                 |
  \\      /  F ield         | OpenFOAM: The Open Source CFD Toolbox
   \\    /   O peration     | Website:  https://openfoam.org
    \\  /    A nd           | Version:  12
     \\/     M anipulation  |
\*---------------------------------------------------------------------------*/
FoamFile
{
    format      ascii;
    class       volScalarField;
    location    "24";
    object      T;
}
// * * * * * * * * * * * * * * * * * * * * * * * * * * * * * * * * * * * * * //

dimensions      [0 0 0 1 0 0 0];

internalField   nonuniform List<scalar> 
1250
(
0.988694
0.966094
0.943531
0.921031
0.898617
0.876315
0.854148
0.832141
0.810317
0.7887
0.767313
0.746179
0.725319
0.704756
0.68451
0.664602
0.645053
0.625881
0.607105
0.588745
0.570816
0.553337
0.536323
0.51979
0.503752
0.488225
0.47322
0.458753
0.444833
0.431473
0.418684
0.406476
0.394858
0.383839
0.373428
0.363632
0.354459
0.345914
0.338005
0.330736
0.324112
0.318139
0.312819
0.308157
0.304156
0.300817
0.298143
0.296137
0.294799
0.294129
0.988694
0.966094
0.943531
0.921031
0.898617
0.876315
0.854148
0.832141
0.810317
0.7887
0.767313
0.746179
0.725319
0.704756
0.68451
0.664602
0.645053
0.625881
0.607105
0.588745
0.570816
0.553337
0.536323
0.51979
0.503752
0.488225
0.473221
0.458753
0.444833
0.431473
0.418684
0.406476
0.394858
0.383839
0.373428
0.363632
0.354459
0.345914
0.338005
0.330736
0.324113
0.318139
0.312819
0.308157
0.304156
0.300817
0.298143
0.296137
0.294798
0.294129
0.988694
0.966094
0.943531
0.921031
0.898617
0.876315
0.854148
0.832141
0.810317
0.7887
0.767313
0.746179
0.725319
0.704756
0.68451
0.664602
0.645053
0.625881
0.607105
0.588745
0.570816
0.553337
0.536323
0.51979
0.503752
0.488225
0.473221
0.458753
0.444833
0.431473
0.418684
0.406476
0.394858
0.383839
0.373428
0.363632
0.354459
0.345914
0.338005
0.330736
0.324113
0.318139
0.312819
0.308157
0.304156
0.300817
0.298144
0.296137
0.294799
0.294129
0.988694
0.966094
0.943531
0.921031
0.898617
0.876315
0.854148
0.832141
0.810317
0.7887
0.767313
0.746179
0.725319
0.704756
0.68451
0.664602
0.645053
0.625881
0.607106
0.588745
0.570816
0.553337
0.536323
0.51979
0.503752
0.488225
0.473221
0.458753
0.444833
0.431473
0.418684
0.406476
0.394858
0.383839
0.373428
0.363632
0.354459
0.345914
0.338005
0.330736
0.324113
0.318139
0.31282
0.308157
0.304156
0.300817
0.298144
0.296137
0.294799
0.294129
0.988694
0.966094
0.943531
0.921031
0.898617
0.876315
0.854148
0.832141
0.810317
0.7887
0.767313
0.746179
0.725319
0.704756
0.68451
0.664602
0.645053
0.625881
0.607106
0.588745
0.570816
0.553337
0.536323
0.51979
0.503752
0.488225
0.473221
0.458753
0.444833
0.431474
0.418684
0.406476
0.394858
0.38384
0.373428
0.363633
0.354459
0.345915
0.338005
0.330736
0.324113
0.318139
0.31282
0.308158
0.304156
0.300817
0.298144
0.296137
0.294799
0.294129
0.988694
0.966094
0.943531
0.921031
0.898617
0.876315
0.854148
0.832141
0.810317
0.7887
0.767313
0.746179
0.725319
0.704756
0.68451
0.664602
0.645053
0.625881
0.607106
0.588745
0.570817
0.553337
0.536323
0.51979
0.503753
0.488225
0.473221
0.458753
0.444834
0.431474
0.418685
0.406476
0.394858
0.38384
0.373429
0.363633
0.354459
0.345915
0.338005
0.330736
0.324113
0.318139
0.31282
0.308158
0.304156
0.300817
0.298144
0.296137
0.294799
0.294129
0.988694
0.966094
0.943531
0.921031
0.898617
0.876315
0.854148
0.832141
0.810317
0.7887
0.767313
0.746179
0.725319
0.704756
0.68451
0.664603
0.645053
0.625881
0.607106
0.588745
0.570817
0.553337
0.536323
0.51979
0.503753
0.488225
0.473221
0.458753
0.444834
0.431474
0.418685
0.406477
0.394859
0.38384
0.373429
0.363633
0.354459
0.345915
0.338005
0.330737
0.324113
0.31814
0.31282
0.308158
0.304156
0.300817
0.298144
0.296137
0.294799
0.29413
0.988694
0.966094
0.943531
0.921031
0.898617
0.876315
0.854148
0.832141
0.810317
0.7887
0.767314
0.746179
0.725319
0.704756
0.68451
0.664603
0.645053
0.625881
0.607106
0.588745
0.570817
0.553338
0.536324
0.51979
0.503753
0.488225
0.473221
0.458753
0.444834
0.431474
0.418685
0.406477
0.394859
0.38384
0.373429
0.363633
0.35446
0.345915
0.338006
0.330737
0.324113
0.31814
0.31282
0.308158
0.304156
0.300818
0.298144
0.296138
0.294799
0.29413
0.988694
0.966094
0.943531
0.921031
0.898617
0.876315
0.854148
0.832141
0.810317
0.788701
0.767314
0.746179
0.72532
0.704756
0.68451
0.664603
0.645053
0.625881
0.607106
0.588745
0.570817
0.553338
0.536324
0.519791
0.503753
0.488226
0.473222
0.458754
0.444834
0.431474
0.418685
0.406477
0.394859
0.38384
0.373429
0.363633
0.35446
0.345915
0.338006
0.330737
0.324113
0.31814
0.31282
0.308158
0.304156
0.300818
0.298144
0.296138
0.294799
0.29413
0.988694
0.966094
0.943531
0.921031
0.898617
0.876315
0.854148
0.832141
0.810317
0.788701
0.767314
0.746179
0.72532
0.704756
0.684511
0.664603
0.645053
0.625882
0.607106
0.588746
0.570817
0.553338
0.536324
0.519791
0.503753
0.488226
0.473222
0.458754
0.444834
0.431475
0.418686
0.406477
0.394859
0.383841
0.373429
0.363634
0.35446
0.345916
0.338006
0.330737
0.324114
0.31814
0.31282
0.308158
0.304157
0.300818
0.298144
0.296138
0.294799
0.29413
0.988694
0.966094
0.943531
0.921031
0.898617
0.876315
0.854148
0.832141
0.810317
0.788701
0.767314
0.746179
0.72532
0.704756
0.684511
0.664603
0.645054
0.625882
0.607107
0.588746
0.570817
0.553338
0.536324
0.519791
0.503754
0.488226
0.473222
0.458754
0.444835
0.431475
0.418686
0.406477
0.39486
0.383841
0.37343
0.363634
0.35446
0.345916
0.338006
0.330737
0.324114
0.31814
0.312821
0.308158
0.304157
0.300818
0.298145
0.296138
0.2948
0.29413
0.988694
0.966094
0.943531
0.921031
0.898617
0.876315
0.854148
0.832141
0.810318
0.788701
0.767314
0.74618
0.72532
0.704757
0.684511
0.664603
0.645054
0.625882
0.607107
0.588746
0.570818
0.553338
0.536324
0.519791
0.503754
0.488226
0.473222
0.458754
0.444835
0.431475
0.418686
0.406478
0.39486
0.383841
0.37343
0.363634
0.35446
0.345916
0.338006
0.330738
0.324114
0.31814
0.312821
0.308159
0.304157
0.300818
0.298145
0.296138
0.2948
0.29413
0.988694
0.966094
0.943531
0.921031
0.898617
0.876315
0.854148
0.832141
0.810318
0.788701
0.767314
0.74618
0.72532
0.704757
0.684511
0.664603
0.645054
0.625882
0.607107
0.588746
0.570818
0.553339
0.536325
0.519791
0.503754
0.488227
0.473223
0.458755
0.444835
0.431475
0.418686
0.406478
0.39486
0.383841
0.37343
0.363634
0.354461
0.345916
0.338007
0.330738
0.324114
0.318141
0.312821
0.308159
0.304157
0.300818
0.298145
0.296138
0.2948
0.29413
0.988694
0.966094
0.943531
0.921031
0.898617
0.876315
0.854148
0.832141
0.810318
0.788701
0.767314
0.74618
0.72532
0.704757
0.684511
0.664604
0.645054
0.625882
0.607107
0.588746
0.570818
0.553339
0.536325
0.519792
0.503754
0.488227
0.473223
0.458755
0.444835
0.431476
0.418686
0.406478
0.39486
0.383841
0.37343
0.363634
0.354461
0.345916
0.338007
0.330738
0.324114
0.318141
0.312821
0.308159
0.304157
0.300819
0.298145
0.296138
0.2948
0.294131
0.988694
0.966094
0.943531
0.921031
0.898617
0.876315
0.854148
0.832141
0.810318
0.788701
0.767314
0.74618
0.72532
0.704757
0.684511
0.664604
0.645054
0.625883
0.607107
0.588747
0.570818
0.553339
0.536325
0.519792
0.503755
0.488227
0.473223
0.458755
0.444836
0.431476
0.418687
0.406478
0.39486
0.383842
0.37343
0.363635
0.354461
0.345917
0.338007
0.330738
0.324115
0.318141
0.312821
0.308159
0.304157
0.300819
0.298145
0.296139
0.2948
0.294131
0.988694
0.966094
0.943531
0.921031
0.898617
0.876315
0.854148
0.832141
0.810318
0.788701
0.767314
0.74618
0.72532
0.704757
0.684511
0.664604
0.645054
0.625883
0.607107
0.588747
0.570818
0.553339
0.536325
0.519792
0.503755
0.488227
0.473223
0.458755
0.444836
0.431476
0.418687
0.406479
0.394861
0.383842
0.373431
0.363635
0.354461
0.345917
0.338007
0.330738
0.324115
0.318141
0.312821
0.308159
0.304158
0.300819
0.298145
0.296139
0.2948
0.294131
0.988694
0.966094
0.943531
0.921031
0.898617
0.876315
0.854148
0.832141
0.810318
0.788701
0.767314
0.74618
0.725321
0.704757
0.684512
0.664604
0.645055
0.625883
0.607108
0.588747
0.570819
0.553339
0.536325
0.519792
0.503755
0.488227
0.473223
0.458756
0.444836
0.431476
0.418687
0.406479
0.394861
0.383842
0.373431
0.363635
0.354461
0.345917
0.338007
0.330738
0.324115
0.318141
0.312822
0.308159
0.304158
0.300819
0.298145
0.296139
0.2948
0.294131
0.988694
0.966094
0.943531
0.921031
0.898617
0.876315
0.854149
0.832142
0.810318
0.788701
0.767315
0.74618
0.725321
0.704757
0.684512
0.664604
0.645055
0.625883
0.607108
0.588747
0.570819
0.553339
0.536326
0.519792
0.503755
0.488228
0.473224
0.458756
0.444836
0.431476
0.418687
0.406479
0.394861
0.383842
0.373431
0.363635
0.354462
0.345917
0.338007
0.330738
0.324115
0.318141
0.312822
0.30816
0.304158
0.300819
0.298146
0.296139
0.294801
0.294131
0.988694
0.966094
0.943532
0.921031
0.898618
0.876315
0.854149
0.832142
0.810318
0.788701
0.767315
0.74618
0.725321
0.704757
0.684512
0.664604
0.645055
0.625883
0.607108
0.588747
0.570819
0.55334
0.536326
0.519793
0.503755
0.488228
0.473224
0.458756
0.444836
0.431477
0.418687
0.406479
0.394861
0.383842
0.373431
0.363635
0.354462
0.345917
0.338008
0.330739
0.324115
0.318141
0.312822
0.30816
0.304158
0.300819
0.298146
0.296139
0.294801
0.294131
0.988694
0.966094
0.943532
0.921031
0.898618
0.876315
0.854149
0.832142
0.810318
0.788701
0.767315
0.74618
0.725321
0.704758
0.684512
0.664604
0.645055
0.625883
0.607108
0.588747
0.570819
0.55334
0.536326
0.519793
0.503755
0.488228
0.473224
0.458756
0.444836
0.431477
0.418688
0.406479
0.394861
0.383842
0.373431
0.363635
0.354462
0.345917
0.338008
0.330739
0.324115
0.318142
0.312822
0.30816
0.304158
0.300819
0.298146
0.296139
0.294801
0.294131
0.988694
0.966094
0.943532
0.921031
0.898618
0.876315
0.854149
0.832142
0.810318
0.788702
0.767315
0.74618
0.725321
0.704758
0.684512
0.664604
0.645055
0.625883
0.607108
0.588748
0.570819
0.55334
0.536326
0.519793
0.503756
0.488228
0.473224
0.458756
0.444837
0.431477
0.418688
0.406479
0.394861
0.383842
0.373431
0.363635
0.354462
0.345917
0.338008
0.330739
0.324115
0.318142
0.312822
0.30816
0.304158
0.300819
0.298146
0.296139
0.294801
0.294131
0.988694
0.966094
0.943532
0.921031
0.898618
0.876315
0.854149
0.832142
0.810318
0.788702
0.767315
0.746181
0.725321
0.704758
0.684512
0.664605
0.645055
0.625883
0.607108
0.588748
0.570819
0.55334
0.536326
0.519793
0.503756
0.488228
0.473224
0.458756
0.444837
0.431477
0.418688
0.406479
0.394861
0.383843
0.373431
0.363635
0.354462
0.345917
0.338008
0.330739
0.324115
0.318142
0.312822
0.30816
0.304158
0.300819
0.298146
0.296139
0.294801
0.294131
0.988694
0.966094
0.943532
0.921031
0.898618
0.876315
0.854149
0.832142
0.810318
0.788702
0.767315
0.746181
0.725321
0.704758
0.684512
0.664605
0.645055
0.625884
0.607108
0.588748
0.570819
0.55334
0.536326
0.519793
0.503756
0.488228
0.473224
0.458756
0.444837
0.431477
0.418688
0.406479
0.394861
0.383843
0.373431
0.363635
0.354462
0.345917
0.338008
0.330739
0.324115
0.318142
0.312822
0.30816
0.304158
0.300819
0.298146
0.296139
0.294801
0.294131
0.988694
0.966094
0.943532
0.921031
0.898618
0.876315
0.854149
0.832142
0.810318
0.788702
0.767315
0.746181
0.725321
0.704758
0.684512
0.664605
0.645055
0.625884
0.607108
0.588748
0.570819
0.55334
0.536326
0.519793
0.503756
0.488228
0.473224
0.458756
0.444837
0.431477
0.418688
0.406479
0.394861
0.383843
0.373431
0.363635
0.354462
0.345917
0.338008
0.330739
0.324115
0.318142
0.312822
0.30816
0.304158
0.300819
0.298146
0.296139
0.294801
0.294132
0.988694
0.966094
0.943532
0.921031
0.898618
0.876315
0.854149
0.832142
0.810318
0.788702
0.767315
0.746181
0.725321
0.704758
0.684512
0.664605
0.645055
0.625884
0.607108
0.588748
0.570819
0.55334
0.536326
0.519793
0.503756
0.488228
0.473224
0.458756
0.444837
0.431477
0.418688
0.406479
0.394861
0.383843
0.373431
0.363635
0.354462
0.345917
0.338008
0.330739
0.324115
0.318142
0.312822
0.30816
0.304158
0.300819
0.298146
0.296139
0.294801
0.294132
)
;

boundaryField
{
    inlet
    {
        type            fixedValue;
        value           uniform 1;
    }
    outlet
    {
        type            zeroGradient;
    }
    lowerWall
    {
        type            zeroGradient;
    }
    upperWall
    {
        type            zeroGradient;
    }
    frontAndBack
    {
        type            empty;
    }
}


// ************************************************************************* //
