/*--------------------------------*- C++ -*----------------------------------*\
  =========                 |
  \\      /  F ield         | OpenFOAM: The Open Source CFD Toolbox
   \\    /   O peration     | Website:  https://openfoam.org
    \\  /    A nd           | Version:  12
     \\/     M anipulation  |
\*---------------------------------------------------------------------------*/
FoamFile
{
    format      ascii;
    class       volScalarField;
    location    "27";
    object      T;
}
// * * * * * * * * * * * * * * * * * * * * * * * * * * * * * * * * * * * * * //

dimensions      [0 0 0 1 0 0 0];

internalField   nonuniform List<scalar> 
1250
(
0.989553
0.96867
0.947821
0.927026
0.906308
0.885689
0.86519
0.844833
0.824638
0.804628
0.784822
0.765241
0.745905
0.726833
0.708045
0.689561
0.671397
0.653573
0.636106
0.619012
0.60231
0.586013
0.570139
0.554702
0.539716
0.525195
0.511153
0.497603
0.484556
0.472024
0.460019
0.44855
0.437629
0.427263
0.417462
0.408235
0.399588
0.39153
0.384066
0.377203
0.370946
0.365301
0.360272
0.355863
0.352077
0.348917
0.346387
0.344487
0.34322
0.342586
0.989553
0.96867
0.947821
0.927026
0.906308
0.885689
0.86519
0.844833
0.824638
0.804628
0.784822
0.765241
0.745905
0.726833
0.708045
0.689561
0.671397
0.653573
0.636106
0.619012
0.60231
0.586013
0.570139
0.554702
0.539716
0.525195
0.511153
0.497603
0.484556
0.472024
0.460019
0.44855
0.437629
0.427263
0.417462
0.408235
0.399588
0.39153
0.384066
0.377203
0.370946
0.365301
0.360272
0.355863
0.352077
0.348917
0.346387
0.344487
0.34322
0.342586
0.989553
0.96867
0.947821
0.927026
0.906308
0.885689
0.86519
0.844833
0.824638
0.804628
0.784822
0.765241
0.745905
0.726833
0.708045
0.689561
0.671397
0.653573
0.636106
0.619012
0.60231
0.586013
0.570139
0.554702
0.539716
0.525195
0.511153
0.497603
0.484556
0.472024
0.460019
0.44855
0.437629
0.427263
0.417462
0.408235
0.399588
0.39153
0.384066
0.377203
0.370946
0.365301
0.360272
0.355863
0.352077
0.348917
0.346387
0.344487
0.34322
0.342586
0.989553
0.96867
0.947821
0.927026
0.906308
0.885689
0.86519
0.844833
0.824638
0.804628
0.784822
0.765241
0.745905
0.726833
0.708045
0.689561
0.671397
0.653573
0.636106
0.619013
0.60231
0.586013
0.570139
0.554702
0.539716
0.525195
0.511153
0.497603
0.484556
0.472024
0.460019
0.448551
0.437629
0.427263
0.417462
0.408235
0.399588
0.39153
0.384066
0.377203
0.370946
0.365301
0.360272
0.355863
0.352077
0.348917
0.346387
0.344487
0.34322
0.342586
0.989553
0.96867
0.947821
0.927026
0.906308
0.885689
0.86519
0.844833
0.824638
0.804628
0.784822
0.765241
0.745905
0.726833
0.708045
0.689561
0.671397
0.653573
0.636106
0.619013
0.60231
0.586013
0.570139
0.554702
0.539716
0.525195
0.511153
0.497603
0.484556
0.472024
0.460019
0.448551
0.437629
0.427263
0.417462
0.408235
0.399588
0.39153
0.384066
0.377203
0.370946
0.365301
0.360272
0.355863
0.352077
0.348917
0.346387
0.344487
0.34322
0.342586
0.989553
0.96867
0.947821
0.927026
0.906308
0.885689
0.86519
0.844833
0.824638
0.804628
0.784822
0.765241
0.745905
0.726833
0.708046
0.689561
0.671397
0.653573
0.636106
0.619013
0.60231
0.586013
0.570139
0.554702
0.539716
0.525195
0.511154
0.497603
0.484556
0.472025
0.460019
0.448551
0.437629
0.427263
0.417463
0.408235
0.399588
0.39153
0.384066
0.377203
0.370946
0.365301
0.360272
0.355863
0.352077
0.348917
0.346387
0.344487
0.34322
0.342586
0.989553
0.96867
0.947821
0.927026
0.906308
0.885689
0.86519
0.844833
0.824638
0.804628
0.784822
0.765241
0.745905
0.726833
0.708046
0.689561
0.671397
0.653573
0.636106
0.619013
0.60231
0.586014
0.570139
0.554702
0.539716
0.525196
0.511154
0.497603
0.484556
0.472025
0.460019
0.448551
0.437629
0.427263
0.417463
0.408235
0.399588
0.39153
0.384066
0.377203
0.370946
0.365301
0.360272
0.355863
0.352077
0.348917
0.346387
0.344487
0.34322
0.342586
0.989553
0.96867
0.947821
0.927026
0.906308
0.885689
0.86519
0.844833
0.824639
0.804628
0.784822
0.765241
0.745905
0.726833
0.708046
0.689561
0.671398
0.653573
0.636106
0.619013
0.60231
0.586014
0.570139
0.554702
0.539716
0.525196
0.511154
0.497603
0.484556
0.472025
0.460019
0.448551
0.437629
0.427263
0.417463
0.408235
0.399588
0.39153
0.384066
0.377203
0.370947
0.365301
0.360272
0.355863
0.352077
0.348917
0.346387
0.344487
0.34322
0.342586
0.989553
0.96867
0.947821
0.927026
0.906308
0.885689
0.86519
0.844833
0.824639
0.804628
0.784822
0.765241
0.745905
0.726833
0.708046
0.689561
0.671398
0.653574
0.636106
0.619013
0.60231
0.586014
0.570139
0.554702
0.539716
0.525196
0.511154
0.497603
0.484557
0.472025
0.46002
0.448551
0.437629
0.427264
0.417463
0.408235
0.399589
0.39153
0.384066
0.377203
0.370947
0.365301
0.360272
0.355863
0.352077
0.348918
0.346387
0.344487
0.34322
0.342586
0.989553
0.96867
0.947821
0.927026
0.906308
0.885689
0.86519
0.844833
0.824639
0.804628
0.784822
0.765241
0.745905
0.726833
0.708046
0.689561
0.671398
0.653574
0.636106
0.619013
0.60231
0.586014
0.57014
0.554702
0.539716
0.525196
0.511154
0.497604
0.484557
0.472025
0.46002
0.448551
0.437629
0.427264
0.417463
0.408235
0.399589
0.39153
0.384066
0.377203
0.370947
0.365301
0.360272
0.355863
0.352077
0.348918
0.346387
0.344487
0.34322
0.342586
0.989553
0.96867
0.947821
0.927026
0.906308
0.885689
0.86519
0.844833
0.824639
0.804628
0.784822
0.765241
0.745905
0.726833
0.708046
0.689561
0.671398
0.653574
0.636106
0.619013
0.60231
0.586014
0.57014
0.554702
0.539717
0.525196
0.511154
0.497604
0.484557
0.472025
0.46002
0.448551
0.437629
0.427264
0.417463
0.408235
0.399589
0.39153
0.384066
0.377203
0.370947
0.365301
0.360272
0.355863
0.352077
0.348918
0.346387
0.344487
0.34322
0.342586
0.989553
0.96867
0.947821
0.927026
0.906308
0.885689
0.86519
0.844833
0.824639
0.804628
0.784822
0.765241
0.745905
0.726834
0.708046
0.689561
0.671398
0.653574
0.636107
0.619013
0.60231
0.586014
0.57014
0.554703
0.539717
0.525196
0.511154
0.497604
0.484557
0.472025
0.46002
0.448551
0.43763
0.427264
0.417463
0.408235
0.399589
0.39153
0.384066
0.377203
0.370947
0.365301
0.360272
0.355863
0.352077
0.348918
0.346387
0.344487
0.34322
0.342586
0.989553
0.96867
0.947821
0.927026
0.906308
0.885689
0.86519
0.844833
0.824639
0.804628
0.784822
0.765241
0.745905
0.726834
0.708046
0.689561
0.671398
0.653574
0.636107
0.619013
0.602311
0.586014
0.57014
0.554703
0.539717
0.525196
0.511154
0.497604
0.484557
0.472025
0.46002
0.448552
0.43763
0.427264
0.417463
0.408236
0.399589
0.39153
0.384066
0.377203
0.370947
0.365302
0.360272
0.355863
0.352077
0.348918
0.346387
0.344487
0.34322
0.342586
0.989553
0.96867
0.947821
0.927026
0.906308
0.885689
0.86519
0.844833
0.824639
0.804628
0.784822
0.765241
0.745905
0.726834
0.708046
0.689562
0.671398
0.653574
0.636107
0.619014
0.602311
0.586014
0.57014
0.554703
0.539717
0.525196
0.511155
0.497604
0.484557
0.472026
0.46002
0.448552
0.43763
0.427264
0.417463
0.408236
0.399589
0.39153
0.384066
0.377203
0.370947
0.365302
0.360272
0.355863
0.352077
0.348918
0.346387
0.344487
0.34322
0.342586
0.989553
0.96867
0.947821
0.927026
0.906308
0.885689
0.86519
0.844833
0.824639
0.804628
0.784822
0.765241
0.745905
0.726834
0.708046
0.689562
0.671398
0.653574
0.636107
0.619014
0.602311
0.586015
0.57014
0.554703
0.539717
0.525197
0.511155
0.497604
0.484557
0.472026
0.46002
0.448552
0.43763
0.427264
0.417463
0.408236
0.399589
0.39153
0.384067
0.377203
0.370947
0.365302
0.360272
0.355863
0.352077
0.348918
0.346387
0.344487
0.34322
0.342586
0.989553
0.96867
0.947821
0.927026
0.906308
0.885689
0.86519
0.844833
0.824639
0.804629
0.784823
0.765242
0.745905
0.726834
0.708046
0.689562
0.671398
0.653574
0.636107
0.619014
0.602311
0.586015
0.57014
0.554703
0.539717
0.525197
0.511155
0.497604
0.484557
0.472026
0.46002
0.448552
0.43763
0.427264
0.417463
0.408236
0.399589
0.39153
0.384067
0.377204
0.370947
0.365302
0.360272
0.355863
0.352077
0.348918
0.346387
0.344487
0.34322
0.342586
0.989553
0.968671
0.947821
0.927026
0.906309
0.885689
0.865191
0.844833
0.824639
0.804629
0.784823
0.765242
0.745906
0.726834
0.708047
0.689562
0.671398
0.653574
0.636107
0.619014
0.602311
0.586015
0.57014
0.554703
0.539717
0.525197
0.511155
0.497604
0.484558
0.472026
0.46002
0.448552
0.43763
0.427264
0.417463
0.408236
0.399589
0.391531
0.384067
0.377204
0.370947
0.365302
0.360272
0.355863
0.352077
0.348918
0.346387
0.344488
0.34322
0.342586
0.989553
0.968671
0.947821
0.927026
0.906309
0.885689
0.865191
0.844833
0.824639
0.804629
0.784823
0.765242
0.745906
0.726834
0.708047
0.689562
0.671399
0.653575
0.636107
0.619014
0.602311
0.586015
0.570141
0.554703
0.539717
0.525197
0.511155
0.497605
0.484558
0.472026
0.460021
0.448552
0.43763
0.427264
0.417463
0.408236
0.399589
0.391531
0.384067
0.377204
0.370947
0.365302
0.360272
0.355863
0.352077
0.348918
0.346387
0.344488
0.34322
0.342586
0.989553
0.968671
0.947821
0.927026
0.906309
0.885689
0.865191
0.844833
0.824639
0.804629
0.784823
0.765242
0.745906
0.726834
0.708047
0.689562
0.671399
0.653575
0.636107
0.619014
0.602311
0.586015
0.570141
0.554703
0.539718
0.525197
0.511155
0.497605
0.484558
0.472026
0.460021
0.448552
0.43763
0.427264
0.417464
0.408236
0.399589
0.391531
0.384067
0.377204
0.370947
0.365302
0.360272
0.355863
0.352077
0.348918
0.346387
0.344488
0.34322
0.342586
0.989553
0.968671
0.947821
0.927026
0.906309
0.88569
0.865191
0.844834
0.824639
0.804629
0.784823
0.765242
0.745906
0.726834
0.708047
0.689562
0.671399
0.653575
0.636108
0.619014
0.602311
0.586015
0.570141
0.554704
0.539718
0.525197
0.511155
0.497605
0.484558
0.472026
0.460021
0.448552
0.43763
0.427264
0.417464
0.408236
0.399589
0.391531
0.384067
0.377204
0.370947
0.365302
0.360272
0.355863
0.352077
0.348918
0.346387
0.344488
0.34322
0.342586
0.989553
0.968671
0.947821
0.927026
0.906309
0.88569
0.865191
0.844834
0.824639
0.804629
0.784823
0.765242
0.745906
0.726834
0.708047
0.689562
0.671399
0.653575
0.636108
0.619014
0.602312
0.586015
0.570141
0.554704
0.539718
0.525197
0.511155
0.497605
0.484558
0.472026
0.460021
0.448552
0.43763
0.427264
0.417464
0.408236
0.399589
0.391531
0.384067
0.377204
0.370947
0.365302
0.360272
0.355863
0.352077
0.348918
0.346387
0.344488
0.34322
0.342586
0.989553
0.968671
0.947821
0.927026
0.906309
0.88569
0.865191
0.844834
0.824639
0.804629
0.784823
0.765242
0.745906
0.726834
0.708047
0.689562
0.671399
0.653575
0.636108
0.619014
0.602312
0.586015
0.570141
0.554704
0.539718
0.525197
0.511155
0.497605
0.484558
0.472026
0.460021
0.448552
0.43763
0.427264
0.417464
0.408236
0.399589
0.391531
0.384067
0.377204
0.370947
0.365302
0.360272
0.355863
0.352077
0.348918
0.346387
0.344488
0.34322
0.342586
0.989553
0.968671
0.947821
0.927026
0.906309
0.88569
0.865191
0.844834
0.824639
0.804629
0.784823
0.765242
0.745906
0.726835
0.708047
0.689562
0.671399
0.653575
0.636108
0.619014
0.602312
0.586015
0.570141
0.554704
0.539718
0.525197
0.511155
0.497605
0.484558
0.472026
0.460021
0.448552
0.43763
0.427264
0.417464
0.408236
0.399589
0.391531
0.384067
0.377204
0.370947
0.365302
0.360272
0.355863
0.352077
0.348918
0.346387
0.344488
0.34322
0.342586
0.989553
0.968671
0.947821
0.927026
0.906309
0.88569
0.865191
0.844834
0.824639
0.804629
0.784823
0.765242
0.745906
0.726835
0.708047
0.689562
0.671399
0.653575
0.636108
0.619015
0.602312
0.586015
0.570141
0.554704
0.539718
0.525197
0.511155
0.497605
0.484558
0.472026
0.460021
0.448552
0.43763
0.427264
0.417464
0.408236
0.399589
0.391531
0.384067
0.377204
0.370947
0.365302
0.360272
0.355863
0.352077
0.348918
0.346387
0.344488
0.34322
0.342586
0.989553
0.968671
0.947821
0.927026
0.906309
0.88569
0.865191
0.844834
0.824639
0.804629
0.784823
0.765242
0.745906
0.726835
0.708047
0.689562
0.671399
0.653575
0.636108
0.619015
0.602312
0.586015
0.570141
0.554704
0.539718
0.525197
0.511155
0.497605
0.484558
0.472026
0.460021
0.448552
0.43763
0.427264
0.417464
0.408236
0.399589
0.391531
0.384067
0.377204
0.370947
0.365302
0.360272
0.355863
0.352077
0.348918
0.346387
0.344488
0.34322
0.342586
)
;

boundaryField
{
    inlet
    {
        type            fixedValue;
        value           uniform 1;
    }
    outlet
    {
        type            zeroGradient;
    }
    lowerWall
    {
        type            zeroGradient;
    }
    upperWall
    {
        type            zeroGradient;
    }
    frontAndBack
    {
        type            empty;
    }
}


// ************************************************************************* //
