/*--------------------------------*- C++ -*----------------------------------*\
  =========                 |
  \\      /  F ield         | OpenFOAM: The Open Source CFD Toolbox
   \\    /   O peration     | Website:  https://openfoam.org
    \\  /    A nd           | Version:  12
     \\/     M anipulation  |
\*---------------------------------------------------------------------------*/
FoamFile
{
    format      ascii;
    class       volScalarField;
    location    "56";
    object      T;
}
// * * * * * * * * * * * * * * * * * * * * * * * * * * * * * * * * * * * * * //

dimensions      [0 0 0 1 0 0 0];

internalField   nonuniform List<scalar> 
1250
(
0.994891
0.984678
0.974481
0.964309
0.954171
0.94408
0.934043
0.924071
0.914175
0.904363
0.894646
0.885033
0.875533
0.866156
0.856912
0.847808
0.838855
0.830061
0.821435
0.812986
0.80472
0.796648
0.788776
0.781113
0.773666
0.766443
0.75945
0.752694
0.746183
0.739922
0.733917
0.728175
0.722702
0.717502
0.712581
0.707943
0.703594
0.699537
0.695777
0.692317
0.68916
0.68631
0.68377
0.681542
0.679628
0.67803
0.676749
0.675788
0.675147
0.674826
0.994891
0.984678
0.974481
0.964309
0.954171
0.94408
0.934043
0.924071
0.914175
0.904363
0.894646
0.885033
0.875533
0.866156
0.856912
0.847808
0.838855
0.830061
0.821435
0.812985
0.80472
0.796648
0.788776
0.781113
0.773666
0.766443
0.75945
0.752694
0.746183
0.739922
0.733917
0.728175
0.722702
0.717502
0.712581
0.707943
0.703594
0.699537
0.695777
0.692317
0.68916
0.68631
0.68377
0.681542
0.679628
0.67803
0.676749
0.675788
0.675147
0.674826
0.994891
0.984678
0.974481
0.964309
0.954171
0.94408
0.934043
0.924071
0.914175
0.904363
0.894646
0.885033
0.875533
0.866156
0.856912
0.847808
0.838855
0.830061
0.821435
0.812985
0.80472
0.796648
0.788776
0.781113
0.773666
0.766443
0.75945
0.752694
0.746183
0.739922
0.733917
0.728175
0.722702
0.717502
0.712581
0.707943
0.703594
0.699537
0.695777
0.692317
0.68916
0.68631
0.68377
0.681542
0.679628
0.67803
0.676749
0.675788
0.675147
0.674826
0.994891
0.984678
0.974481
0.964309
0.954171
0.94408
0.934043
0.924071
0.914175
0.904363
0.894646
0.885033
0.875533
0.866156
0.856912
0.847808
0.838855
0.830061
0.821435
0.812985
0.80472
0.796648
0.788776
0.781113
0.773666
0.766443
0.75945
0.752694
0.746183
0.739922
0.733917
0.728175
0.722702
0.717502
0.712581
0.707943
0.703594
0.699537
0.695777
0.692317
0.68916
0.68631
0.68377
0.681542
0.679628
0.67803
0.676749
0.675788
0.675147
0.674826
0.994891
0.984678
0.974481
0.964309
0.954171
0.94408
0.934043
0.924071
0.914175
0.904363
0.894646
0.885033
0.875533
0.866156
0.856912
0.847808
0.838855
0.830061
0.821435
0.812985
0.80472
0.796648
0.788776
0.781113
0.773666
0.766443
0.75945
0.752694
0.746183
0.739922
0.733917
0.728175
0.722702
0.717502
0.712581
0.707943
0.703594
0.699537
0.695777
0.692317
0.68916
0.68631
0.68377
0.681542
0.679628
0.67803
0.676749
0.675788
0.675147
0.674826
0.994891
0.984678
0.974481
0.964309
0.954171
0.94408
0.934043
0.924071
0.914175
0.904363
0.894646
0.885033
0.875533
0.866156
0.856912
0.847808
0.838855
0.830061
0.821435
0.812985
0.80472
0.796648
0.788776
0.781113
0.773666
0.766443
0.75945
0.752694
0.746183
0.739922
0.733917
0.728175
0.722702
0.717502
0.712581
0.707943
0.703594
0.699537
0.695777
0.692317
0.68916
0.68631
0.68377
0.681542
0.679628
0.67803
0.676749
0.675788
0.675147
0.674826
0.994891
0.984678
0.974481
0.964309
0.954171
0.94408
0.934043
0.924071
0.914175
0.904363
0.894646
0.885033
0.875533
0.866156
0.856912
0.847808
0.838855
0.830061
0.821435
0.812985
0.80472
0.796648
0.788776
0.781113
0.773666
0.766443
0.75945
0.752694
0.746183
0.739922
0.733917
0.728175
0.722702
0.717502
0.712581
0.707943
0.703594
0.699537
0.695777
0.692317
0.68916
0.68631
0.68377
0.681542
0.679627
0.678029
0.676749
0.675788
0.675146
0.674826
0.994891
0.984678
0.974481
0.964309
0.954171
0.94408
0.934043
0.924071
0.914175
0.904363
0.894646
0.885033
0.875533
0.866156
0.856912
0.847808
0.838855
0.830061
0.821435
0.812985
0.80472
0.796648
0.788776
0.781113
0.773666
0.766443
0.75945
0.752694
0.746183
0.739922
0.733917
0.728175
0.722702
0.717502
0.712581
0.707943
0.703594
0.699537
0.695777
0.692317
0.68916
0.68631
0.68377
0.681541
0.679627
0.678029
0.676749
0.675788
0.675146
0.674826
0.994891
0.984678
0.974481
0.964309
0.954171
0.94408
0.934043
0.924071
0.914175
0.904363
0.894646
0.885033
0.875533
0.866156
0.856912
0.847808
0.838855
0.830061
0.821435
0.812985
0.80472
0.796648
0.788776
0.781113
0.773666
0.766443
0.75945
0.752694
0.746183
0.739921
0.733917
0.728175
0.722702
0.717502
0.712581
0.707943
0.703594
0.699537
0.695777
0.692316
0.68916
0.68631
0.68377
0.681541
0.679627
0.678029
0.676749
0.675788
0.675146
0.674825
0.994891
0.984678
0.974481
0.964309
0.954171
0.94408
0.934043
0.924071
0.914175
0.904363
0.894646
0.885033
0.875533
0.866156
0.856912
0.847808
0.838855
0.830061
0.821435
0.812985
0.80472
0.796648
0.788776
0.781113
0.773666
0.766443
0.75945
0.752694
0.746183
0.739921
0.733917
0.728175
0.722702
0.717502
0.712581
0.707943
0.703594
0.699537
0.695777
0.692316
0.68916
0.68631
0.68377
0.681541
0.679627
0.678029
0.676749
0.675788
0.675146
0.674825
0.994891
0.984678
0.974481
0.964309
0.954171
0.94408
0.934043
0.924071
0.914175
0.904363
0.894646
0.885033
0.875533
0.866156
0.856912
0.847808
0.838855
0.830061
0.821435
0.812985
0.80472
0.796648
0.788776
0.781113
0.773666
0.766443
0.75945
0.752694
0.746182
0.739921
0.733917
0.728175
0.722702
0.717502
0.712581
0.707943
0.703594
0.699537
0.695776
0.692316
0.68916
0.68631
0.683769
0.681541
0.679627
0.678029
0.676749
0.675787
0.675146
0.674825
0.994891
0.984678
0.974481
0.964309
0.954171
0.94408
0.934043
0.924071
0.914175
0.904363
0.894646
0.885033
0.875533
0.866156
0.856912
0.847808
0.838855
0.830061
0.821435
0.812985
0.80472
0.796648
0.788776
0.781113
0.773666
0.766443
0.75945
0.752694
0.746182
0.739921
0.733917
0.728175
0.722702
0.717502
0.712581
0.707943
0.703594
0.699537
0.695776
0.692316
0.68916
0.68631
0.683769
0.681541
0.679627
0.678029
0.676749
0.675787
0.675146
0.674825
0.994891
0.984678
0.974481
0.964309
0.954171
0.94408
0.934043
0.924071
0.914175
0.904363
0.894646
0.885033
0.875533
0.866156
0.856912
0.847808
0.838855
0.830061
0.821435
0.812986
0.80472
0.796648
0.788776
0.781113
0.773666
0.766443
0.75945
0.752694
0.746182
0.739921
0.733917
0.728175
0.722702
0.717502
0.712581
0.707943
0.703594
0.699537
0.695776
0.692316
0.689159
0.68631
0.683769
0.681541
0.679627
0.678029
0.676749
0.675787
0.675146
0.674825
0.994891
0.984678
0.974481
0.964309
0.954171
0.94408
0.934043
0.924071
0.914175
0.904363
0.894646
0.885033
0.875533
0.866156
0.856912
0.847808
0.838855
0.830061
0.821435
0.812986
0.80472
0.796648
0.788776
0.781113
0.773666
0.766443
0.75945
0.752694
0.746182
0.739921
0.733917
0.728175
0.722702
0.717502
0.71258
0.707943
0.703594
0.699537
0.695776
0.692316
0.689159
0.68631
0.683769
0.681541
0.679627
0.678029
0.676748
0.675787
0.675146
0.674825
0.994891
0.984678
0.974481
0.964309
0.954171
0.94408
0.934043
0.924071
0.914175
0.904363
0.894646
0.885033
0.875533
0.866156
0.856912
0.847808
0.838855
0.830061
0.821435
0.812986
0.80472
0.796648
0.788776
0.781113
0.773666
0.766443
0.75945
0.752694
0.746182
0.739921
0.733917
0.728175
0.722701
0.717502
0.71258
0.707943
0.703593
0.699537
0.695776
0.692316
0.689159
0.686309
0.683769
0.681541
0.679627
0.678029
0.676748
0.675787
0.675146
0.674825
0.994891
0.984678
0.974481
0.964309
0.954171
0.94408
0.934043
0.924072
0.914175
0.904363
0.894646
0.885033
0.875533
0.866156
0.856912
0.847808
0.838855
0.830061
0.821435
0.812986
0.80472
0.796648
0.788776
0.781113
0.773666
0.766443
0.75945
0.752694
0.746182
0.739921
0.733917
0.728175
0.722701
0.717501
0.71258
0.707943
0.703593
0.699536
0.695776
0.692316
0.689159
0.686309
0.683769
0.681541
0.679627
0.678029
0.676748
0.675787
0.675146
0.674825
0.994891
0.984678
0.974481
0.964309
0.954171
0.94408
0.934043
0.924072
0.914175
0.904363
0.894646
0.885033
0.875533
0.866156
0.856912
0.847808
0.838855
0.830061
0.821435
0.812986
0.80472
0.796648
0.788776
0.781113
0.773666
0.766443
0.75945
0.752694
0.746182
0.739921
0.733917
0.728175
0.722701
0.717501
0.71258
0.707943
0.703593
0.699536
0.695776
0.692316
0.689159
0.686309
0.683769
0.681541
0.679626
0.678028
0.676748
0.675787
0.675145
0.674825
0.994891
0.984678
0.974481
0.964309
0.954171
0.94408
0.934043
0.924072
0.914175
0.904363
0.894646
0.885033
0.875533
0.866156
0.856912
0.847808
0.838855
0.830061
0.821435
0.812986
0.80472
0.796648
0.788776
0.781113
0.773666
0.766443
0.75945
0.752694
0.746182
0.739921
0.733917
0.728175
0.722701
0.717501
0.71258
0.707943
0.703593
0.699536
0.695776
0.692316
0.689159
0.686309
0.683769
0.68154
0.679626
0.678028
0.676748
0.675787
0.675145
0.674825
0.994891
0.984678
0.974481
0.964309
0.954171
0.94408
0.934043
0.924072
0.914175
0.904363
0.894646
0.885033
0.875533
0.866156
0.856912
0.847808
0.838855
0.830061
0.821435
0.812986
0.80472
0.796648
0.788776
0.781113
0.773666
0.766443
0.75945
0.752694
0.746182
0.739921
0.733917
0.728175
0.722701
0.717501
0.71258
0.707943
0.703593
0.699536
0.695776
0.692316
0.689159
0.686309
0.683769
0.68154
0.679626
0.678028
0.676748
0.675787
0.675145
0.674824
0.994891
0.984678
0.974481
0.964309
0.954171
0.94408
0.934043
0.924072
0.914175
0.904363
0.894646
0.885033
0.875533
0.866156
0.856912
0.847808
0.838855
0.830062
0.821435
0.812986
0.80472
0.796648
0.788776
0.781113
0.773666
0.766443
0.75945
0.752694
0.746182
0.739921
0.733917
0.728175
0.722701
0.717501
0.71258
0.707943
0.703593
0.699536
0.695776
0.692316
0.689159
0.686309
0.683769
0.68154
0.679626
0.678028
0.676748
0.675787
0.675145
0.674824
0.994891
0.984678
0.974481
0.964309
0.954171
0.94408
0.934043
0.924072
0.914175
0.904363
0.894646
0.885033
0.875533
0.866156
0.856912
0.847808
0.838855
0.830062
0.821435
0.812986
0.80472
0.796648
0.788776
0.781113
0.773666
0.766443
0.75945
0.752694
0.746182
0.739921
0.733917
0.728175
0.722701
0.717501
0.71258
0.707942
0.703593
0.699536
0.695776
0.692316
0.689159
0.686309
0.683769
0.68154
0.679626
0.678028
0.676748
0.675787
0.675145
0.674824
0.994891
0.984678
0.974481
0.964309
0.954171
0.94408
0.934043
0.924072
0.914175
0.904363
0.894646
0.885033
0.875533
0.866156
0.856912
0.847808
0.838855
0.830062
0.821435
0.812986
0.80472
0.796648
0.788776
0.781113
0.773666
0.766443
0.75945
0.752694
0.746182
0.739921
0.733917
0.728175
0.722701
0.717501
0.71258
0.707942
0.703593
0.699536
0.695776
0.692315
0.689159
0.686309
0.683769
0.68154
0.679626
0.678028
0.676748
0.675787
0.675145
0.674824
0.994891
0.984678
0.974481
0.964309
0.954171
0.94408
0.934043
0.924072
0.914175
0.904363
0.894646
0.885033
0.875533
0.866156
0.856912
0.847809
0.838855
0.830062
0.821435
0.812986
0.80472
0.796648
0.788776
0.781113
0.773666
0.766443
0.75945
0.752694
0.746182
0.739921
0.733917
0.728175
0.722701
0.717501
0.71258
0.707942
0.703593
0.699536
0.695776
0.692315
0.689159
0.686309
0.683769
0.68154
0.679626
0.678028
0.676748
0.675787
0.675145
0.674824
0.994891
0.984678
0.974481
0.964309
0.954171
0.94408
0.934043
0.924072
0.914175
0.904363
0.894646
0.885033
0.875533
0.866156
0.856912
0.847809
0.838856
0.830062
0.821435
0.812986
0.80472
0.796648
0.788776
0.781113
0.773666
0.766443
0.75945
0.752694
0.746182
0.739921
0.733917
0.728175
0.722701
0.717501
0.71258
0.707942
0.703593
0.699536
0.695776
0.692315
0.689159
0.686309
0.683769
0.68154
0.679626
0.678028
0.676748
0.675787
0.675145
0.674824
0.994891
0.984678
0.974481
0.964309
0.954172
0.94408
0.934043
0.924072
0.914175
0.904363
0.894646
0.885033
0.875533
0.866156
0.856912
0.847809
0.838856
0.830062
0.821435
0.812986
0.804721
0.796648
0.788776
0.781113
0.773666
0.766443
0.75945
0.752694
0.746182
0.739921
0.733917
0.728175
0.722701
0.717501
0.71258
0.707942
0.703593
0.699536
0.695776
0.692315
0.689159
0.686309
0.683768
0.68154
0.679626
0.678028
0.676748
0.675787
0.675145
0.674824
)
;

boundaryField
{
    inlet
    {
        type            fixedValue;
        value           uniform 1;
    }
    outlet
    {
        type            zeroGradient;
    }
    lowerWall
    {
        type            zeroGradient;
    }
    upperWall
    {
        type            zeroGradient;
    }
    frontAndBack
    {
        type            empty;
    }
}


// ************************************************************************* //
