/*--------------------------------*- C++ -*----------------------------------*\
  =========                 |
  \\      /  F ield         | OpenFOAM: The Open Source CFD Toolbox
   \\    /   O peration     | Website:  https://openfoam.org
    \\  /    A nd           | Version:  12
     \\/     M anipulation  |
\*---------------------------------------------------------------------------*/
FoamFile
{
    format      ascii;
    class       volScalarField;
    location    "73";
    object      T;
}
// * * * * * * * * * * * * * * * * * * * * * * * * * * * * * * * * * * * * * //

dimensions      [0 0 0 1 0 0 0];

internalField   nonuniform List<scalar> 
1250
(
0.996624
0.989876
0.983138
0.976417
0.969719
0.963051
0.956419
0.94983
0.943291
0.936808
0.930387
0.924035
0.917758
0.911562
0.905453
0.899438
0.893522
0.887711
0.882011
0.876428
0.870966
0.865632
0.860431
0.855367
0.850446
0.845672
0.841051
0.836587
0.832284
0.828146
0.824179
0.820384
0.816767
0.813331
0.810079
0.807014
0.80414
0.801459
0.798974
0.796687
0.794601
0.792717
0.791039
0.789566
0.788301
0.787245
0.786399
0.785764
0.78534
0.785128
0.996624
0.989876
0.983138
0.976417
0.969719
0.963051
0.956419
0.94983
0.943291
0.936808
0.930387
0.924035
0.917758
0.911562
0.905453
0.899438
0.893522
0.887711
0.882011
0.876428
0.870966
0.865632
0.860431
0.855367
0.850446
0.845672
0.841051
0.836587
0.832284
0.828146
0.824179
0.820384
0.816767
0.813331
0.810079
0.807014
0.80414
0.801459
0.798974
0.796687
0.794601
0.792718
0.791039
0.789566
0.788301
0.787245
0.786399
0.785764
0.78534
0.785128
0.996624
0.989876
0.983138
0.976417
0.969719
0.963051
0.956419
0.94983
0.943291
0.936808
0.930387
0.924035
0.917758
0.911562
0.905453
0.899438
0.893522
0.887711
0.882011
0.876428
0.870966
0.865632
0.860431
0.855367
0.850446
0.845672
0.841051
0.836587
0.832284
0.828146
0.824179
0.820384
0.816767
0.813331
0.810079
0.807014
0.80414
0.801459
0.798974
0.796687
0.794601
0.792717
0.791039
0.789566
0.788301
0.787245
0.786399
0.785764
0.78534
0.785128
0.996624
0.989876
0.983138
0.976417
0.969719
0.963051
0.956419
0.94983
0.943291
0.936808
0.930387
0.924035
0.917758
0.911562
0.905453
0.899438
0.893522
0.887711
0.882011
0.876428
0.870966
0.865632
0.860431
0.855367
0.850446
0.845672
0.841051
0.836587
0.832284
0.828146
0.824179
0.820384
0.816767
0.813331
0.810079
0.807014
0.80414
0.801459
0.798974
0.796687
0.794601
0.792717
0.791039
0.789566
0.788301
0.787245
0.786399
0.785764
0.78534
0.785128
0.996624
0.989876
0.983138
0.976417
0.969719
0.963051
0.956419
0.94983
0.943291
0.936808
0.930387
0.924035
0.917758
0.911562
0.905453
0.899438
0.893522
0.887711
0.882011
0.876428
0.870966
0.865632
0.860431
0.855367
0.850446
0.845672
0.841051
0.836587
0.832284
0.828146
0.824179
0.820384
0.816767
0.813331
0.810079
0.807014
0.80414
0.801459
0.798974
0.796687
0.794601
0.792717
0.791039
0.789566
0.788301
0.787245
0.786399
0.785764
0.78534
0.785128
0.996624
0.989876
0.983138
0.976417
0.969719
0.963051
0.956419
0.94983
0.943291
0.936808
0.930387
0.924035
0.917758
0.911562
0.905453
0.899438
0.893522
0.887711
0.882011
0.876428
0.870966
0.865632
0.860431
0.855367
0.850446
0.845672
0.841051
0.836587
0.832284
0.828146
0.824179
0.820384
0.816767
0.813331
0.810079
0.807014
0.80414
0.801459
0.798974
0.796687
0.794601
0.792717
0.791039
0.789566
0.788301
0.787245
0.786399
0.785764
0.78534
0.785128
0.996624
0.989876
0.983138
0.976417
0.969719
0.963051
0.956419
0.94983
0.943291
0.936808
0.930387
0.924035
0.917758
0.911562
0.905453
0.899438
0.893522
0.887711
0.882011
0.876428
0.870966
0.865632
0.860431
0.855367
0.850446
0.845672
0.841051
0.836587
0.832284
0.828146
0.824179
0.820384
0.816767
0.813331
0.810079
0.807014
0.80414
0.801459
0.798974
0.796687
0.794601
0.792717
0.791039
0.789566
0.788301
0.787245
0.786399
0.785763
0.78534
0.785128
0.996624
0.989876
0.983138
0.976417
0.969719
0.963051
0.956419
0.94983
0.943291
0.936808
0.930387
0.924035
0.917758
0.911562
0.905453
0.899438
0.893522
0.887711
0.882011
0.876428
0.870966
0.865632
0.860431
0.855367
0.850446
0.845672
0.841051
0.836587
0.832284
0.828146
0.824179
0.820384
0.816767
0.813331
0.810079
0.807014
0.80414
0.801459
0.798973
0.796687
0.794601
0.792717
0.791038
0.789566
0.788301
0.787245
0.786399
0.785763
0.785339
0.785127
0.996624
0.989876
0.983138
0.976417
0.969719
0.963051
0.956419
0.94983
0.943291
0.936808
0.930387
0.924035
0.917758
0.911562
0.905453
0.899438
0.893522
0.887711
0.882011
0.876428
0.870966
0.865632
0.860431
0.855367
0.850446
0.845672
0.841051
0.836587
0.832284
0.828146
0.824179
0.820384
0.816767
0.813331
0.810079
0.807014
0.80414
0.801459
0.798973
0.796687
0.794601
0.792717
0.791038
0.789566
0.788301
0.787245
0.786399
0.785763
0.785339
0.785127
0.996624
0.989876
0.983138
0.976417
0.969719
0.963051
0.956419
0.94983
0.943291
0.936808
0.930387
0.924035
0.917758
0.911562
0.905453
0.899438
0.893522
0.887711
0.882011
0.876428
0.870966
0.865632
0.860431
0.855367
0.850446
0.845672
0.841051
0.836587
0.832284
0.828146
0.824179
0.820384
0.816767
0.813331
0.810078
0.807014
0.804139
0.801458
0.798973
0.796687
0.794601
0.792717
0.791038
0.789566
0.788301
0.787245
0.786399
0.785763
0.785339
0.785127
0.996624
0.989876
0.983138
0.976417
0.969719
0.963051
0.956419
0.94983
0.943291
0.936808
0.930387
0.924035
0.917758
0.911562
0.905453
0.899438
0.893522
0.887711
0.882011
0.876428
0.870966
0.865632
0.860431
0.855367
0.850446
0.845672
0.841051
0.836587
0.832284
0.828146
0.824178
0.820384
0.816767
0.813331
0.810078
0.807014
0.804139
0.801458
0.798973
0.796687
0.794601
0.792717
0.791038
0.789566
0.788301
0.787245
0.786398
0.785763
0.785339
0.785127
0.996624
0.989876
0.983138
0.976417
0.969719
0.963051
0.956419
0.94983
0.943291
0.936808
0.930387
0.924035
0.917758
0.911562
0.905453
0.899438
0.893522
0.887711
0.882011
0.876428
0.870966
0.865632
0.860431
0.855367
0.850446
0.845672
0.841051
0.836587
0.832284
0.828146
0.824178
0.820384
0.816767
0.813331
0.810078
0.807014
0.804139
0.801458
0.798973
0.796687
0.7946
0.792717
0.791038
0.789566
0.788301
0.787245
0.786398
0.785763
0.785339
0.785127
0.996624
0.989876
0.983138
0.976417
0.969719
0.963051
0.956419
0.94983
0.943291
0.936808
0.930387
0.924035
0.917758
0.911562
0.905453
0.899438
0.893522
0.887711
0.882011
0.876428
0.870966
0.865632
0.860431
0.855367
0.850446
0.845672
0.841051
0.836587
0.832284
0.828146
0.824178
0.820384
0.816767
0.813331
0.810078
0.807014
0.804139
0.801458
0.798973
0.796686
0.7946
0.792717
0.791038
0.789565
0.7883
0.787244
0.786398
0.785763
0.785339
0.785127
0.996624
0.989876
0.983138
0.976417
0.969719
0.963051
0.956419
0.94983
0.943291
0.936808
0.930387
0.924035
0.917758
0.911562
0.905453
0.899438
0.893522
0.887711
0.882011
0.876428
0.870966
0.865632
0.860431
0.855367
0.850446
0.845672
0.841051
0.836587
0.832284
0.828146
0.824178
0.820384
0.816767
0.81333
0.810078
0.807014
0.804139
0.801458
0.798973
0.796686
0.7946
0.792717
0.791038
0.789565
0.7883
0.787244
0.786398
0.785763
0.785339
0.785127
0.996624
0.989876
0.983138
0.976417
0.969719
0.963051
0.956419
0.94983
0.943291
0.936808
0.930387
0.924035
0.917758
0.911562
0.905453
0.899438
0.893522
0.887711
0.882011
0.876428
0.870966
0.865632
0.860431
0.855367
0.850446
0.845672
0.841051
0.836587
0.832284
0.828146
0.824178
0.820384
0.816767
0.81333
0.810078
0.807014
0.804139
0.801458
0.798973
0.796686
0.7946
0.792717
0.791038
0.789565
0.7883
0.787244
0.786398
0.785763
0.785339
0.785127
0.996624
0.989876
0.983138
0.976417
0.969719
0.963051
0.956419
0.94983
0.943291
0.936808
0.930387
0.924035
0.917758
0.911562
0.905453
0.899438
0.893522
0.887711
0.882011
0.876428
0.870966
0.865632
0.860431
0.855367
0.850446
0.845672
0.841051
0.836587
0.832284
0.828146
0.824178
0.820384
0.816767
0.81333
0.810078
0.807013
0.804139
0.801458
0.798973
0.796686
0.7946
0.792717
0.791038
0.789565
0.7883
0.787244
0.786398
0.785763
0.785339
0.785127
0.996624
0.989876
0.983138
0.976417
0.969719
0.963051
0.956419
0.94983
0.943291
0.936808
0.930387
0.924035
0.917758
0.911562
0.905453
0.899438
0.893522
0.887711
0.882011
0.876428
0.870966
0.865632
0.860431
0.855367
0.850446
0.845672
0.841051
0.836587
0.832284
0.828146
0.824178
0.820384
0.816767
0.81333
0.810078
0.807013
0.804139
0.801458
0.798973
0.796686
0.7946
0.792717
0.791038
0.789565
0.7883
0.787244
0.786398
0.785763
0.785339
0.785127
0.996624
0.989876
0.983138
0.976417
0.969719
0.963051
0.956419
0.94983
0.943291
0.936808
0.930387
0.924035
0.917758
0.911562
0.905453
0.899438
0.893522
0.887711
0.882011
0.876428
0.870966
0.865632
0.860431
0.855367
0.850446
0.845672
0.841051
0.836587
0.832284
0.828146
0.824178
0.820384
0.816767
0.81333
0.810078
0.807013
0.804139
0.801458
0.798973
0.796686
0.7946
0.792717
0.791038
0.789565
0.7883
0.787244
0.786398
0.785763
0.785339
0.785127
0.996624
0.989876
0.983138
0.976417
0.969719
0.963051
0.956419
0.94983
0.943291
0.936808
0.930387
0.924035
0.917758
0.911562
0.905453
0.899438
0.893522
0.887711
0.882011
0.876428
0.870966
0.865632
0.860431
0.855367
0.850446
0.845672
0.841051
0.836587
0.832284
0.828146
0.824178
0.820384
0.816767
0.81333
0.810078
0.807013
0.804139
0.801458
0.798973
0.796686
0.7946
0.792717
0.791038
0.789565
0.7883
0.787244
0.786398
0.785763
0.785339
0.785127
0.996624
0.989876
0.983138
0.976417
0.969719
0.963051
0.956419
0.94983
0.943291
0.936808
0.930387
0.924035
0.917758
0.911562
0.905454
0.899438
0.893522
0.887711
0.882011
0.876428
0.870966
0.865632
0.860431
0.855367
0.850446
0.845672
0.841051
0.836587
0.832284
0.828146
0.824178
0.820384
0.816767
0.81333
0.810078
0.807013
0.804139
0.801458
0.798973
0.796686
0.7946
0.792717
0.791038
0.789565
0.7883
0.787244
0.786398
0.785763
0.785339
0.785127
0.996624
0.989876
0.983138
0.976417
0.969719
0.963051
0.956419
0.94983
0.943291
0.936808
0.930387
0.924035
0.917758
0.911562
0.905454
0.899438
0.893522
0.887711
0.882011
0.876428
0.870966
0.865632
0.860431
0.855367
0.850446
0.845672
0.841051
0.836587
0.832284
0.828146
0.824178
0.820384
0.816767
0.81333
0.810078
0.807013
0.804139
0.801458
0.798973
0.796686
0.7946
0.792717
0.791038
0.789565
0.7883
0.787244
0.786398
0.785763
0.785339
0.785127
0.996624
0.989876
0.983138
0.976417
0.969719
0.963051
0.956419
0.94983
0.943291
0.936808
0.930387
0.924035
0.917758
0.911562
0.905454
0.899438
0.893522
0.887711
0.882011
0.876428
0.870966
0.865632
0.860431
0.855367
0.850446
0.845672
0.841051
0.836587
0.832284
0.828146
0.824178
0.820384
0.816767
0.81333
0.810078
0.807013
0.804139
0.801458
0.798973
0.796686
0.7946
0.792717
0.791038
0.789565
0.7883
0.787244
0.786398
0.785763
0.785339
0.785127
0.996624
0.989876
0.983138
0.976417
0.969719
0.963051
0.956419
0.94983
0.943291
0.936808
0.930387
0.924035
0.917758
0.911562
0.905454
0.899438
0.893522
0.887711
0.882011
0.876428
0.870966
0.865632
0.860431
0.855367
0.850446
0.845672
0.841051
0.836587
0.832284
0.828146
0.824178
0.820384
0.816767
0.81333
0.810078
0.807013
0.804139
0.801458
0.798973
0.796686
0.7946
0.792716
0.791038
0.789565
0.7883
0.787244
0.786398
0.785763
0.785339
0.785127
0.996624
0.989876
0.983138
0.976417
0.969719
0.963051
0.956419
0.94983
0.943291
0.936808
0.930387
0.924035
0.917758
0.911562
0.905454
0.899438
0.893522
0.887711
0.882011
0.876428
0.870966
0.865632
0.860431
0.855367
0.850446
0.845672
0.841051
0.836587
0.832284
0.828146
0.824178
0.820384
0.816767
0.81333
0.810078
0.807013
0.804139
0.801458
0.798973
0.796686
0.7946
0.792716
0.791038
0.789565
0.7883
0.787244
0.786398
0.785763
0.785339
0.785127
0.996624
0.989876
0.983138
0.976417
0.969719
0.963051
0.956419
0.94983
0.943291
0.936808
0.930387
0.924035
0.917758
0.911562
0.905454
0.899438
0.893522
0.887712
0.882011
0.876428
0.870966
0.865632
0.860431
0.855367
0.850446
0.845672
0.841051
0.836587
0.832284
0.828146
0.824178
0.820384
0.816767
0.81333
0.810078
0.807013
0.804139
0.801458
0.798973
0.796686
0.7946
0.792716
0.791038
0.789565
0.7883
0.787244
0.786398
0.785762
0.785339
0.785127
)
;

boundaryField
{
    inlet
    {
        type            fixedValue;
        value           uniform 1;
    }
    outlet
    {
        type            zeroGradient;
    }
    lowerWall
    {
        type            zeroGradient;
    }
    upperWall
    {
        type            zeroGradient;
    }
    frontAndBack
    {
        type            empty;
    }
}


// ************************************************************************* //
