/*--------------------------------*- C++ -*----------------------------------*\
  =========                 |
  \\      /  F ield         | OpenFOAM: The Open Source CFD Toolbox
   \\    /   O peration     | Website:  https://openfoam.org
    \\  /    A nd           | Version:  12
     \\/     M anipulation  |
\*---------------------------------------------------------------------------*/
FoamFile
{
    format      ascii;
    class       volScalarField;
    location    "46";
    object      T;
}
// * * * * * * * * * * * * * * * * * * * * * * * * * * * * * * * * * * * * * //

dimensions      [0 0 0 1 0 0 0];

internalField   nonuniform List<scalar> 
1250
(
0.993479
0.980445
0.96743
0.954447
0.941509
0.928629
0.915819
0.903093
0.890463
0.877941
0.86554
0.853272
0.841149
0.829183
0.817386
0.80577
0.794345
0.783125
0.772118
0.761337
0.750792
0.740493
0.73045
0.720674
0.711174
0.701959
0.693038
0.684421
0.676115
0.668129
0.660471
0.653147
0.646167
0.639535
0.633259
0.627345
0.621798
0.616625
0.61183
0.607417
0.603392
0.599758
0.596519
0.593678
0.591237
0.5892
0.587567
0.586342
0.585524
0.585115
0.993479
0.980445
0.96743
0.954447
0.941509
0.928629
0.915819
0.903093
0.890463
0.877941
0.86554
0.853272
0.841149
0.829183
0.817386
0.80577
0.794345
0.783125
0.772118
0.761337
0.750792
0.740493
0.73045
0.720674
0.711174
0.701959
0.693038
0.684421
0.676115
0.668129
0.660471
0.653147
0.646167
0.639535
0.633259
0.627345
0.621798
0.616625
0.61183
0.607417
0.603392
0.599758
0.596519
0.593678
0.591237
0.5892
0.587567
0.586342
0.585524
0.585115
0.993479
0.980445
0.96743
0.954447
0.941509
0.928629
0.915819
0.903093
0.890463
0.877941
0.86554
0.853272
0.841149
0.829183
0.817386
0.80577
0.794345
0.783125
0.772118
0.761337
0.750792
0.740493
0.73045
0.720674
0.711174
0.701959
0.693038
0.684421
0.676115
0.668129
0.660471
0.653147
0.646167
0.639535
0.633259
0.627345
0.621798
0.616625
0.61183
0.607417
0.603392
0.599758
0.596519
0.593678
0.591237
0.5892
0.587567
0.586342
0.585524
0.585115
0.993479
0.980445
0.96743
0.954447
0.941509
0.928629
0.915819
0.903093
0.890463
0.877941
0.86554
0.853272
0.841149
0.829183
0.817386
0.80577
0.794345
0.783125
0.772118
0.761337
0.750792
0.740493
0.73045
0.720674
0.711174
0.701959
0.693038
0.684421
0.676115
0.668129
0.660471
0.653147
0.646167
0.639535
0.633259
0.627345
0.621798
0.616625
0.611829
0.607417
0.603392
0.599758
0.596519
0.593678
0.591237
0.5892
0.587567
0.586341
0.585524
0.585115
0.993479
0.980445
0.96743
0.954447
0.941509
0.928629
0.915819
0.903093
0.890463
0.877941
0.86554
0.853272
0.841149
0.829183
0.817386
0.80577
0.794345
0.783125
0.772118
0.761337
0.750792
0.740493
0.73045
0.720674
0.711174
0.701959
0.693038
0.684421
0.676115
0.668129
0.660471
0.653147
0.646167
0.639535
0.633259
0.627345
0.621798
0.616625
0.611829
0.607417
0.603392
0.599758
0.596519
0.593678
0.591237
0.589199
0.587567
0.586341
0.585524
0.585114
0.993479
0.980445
0.96743
0.954447
0.941509
0.928629
0.915819
0.903093
0.890463
0.877941
0.86554
0.853272
0.841149
0.829183
0.817386
0.80577
0.794345
0.783125
0.772118
0.761337
0.750792
0.740493
0.73045
0.720674
0.711174
0.701959
0.693038
0.684421
0.676115
0.668129
0.660471
0.653147
0.646167
0.639535
0.633259
0.627345
0.621798
0.616625
0.611829
0.607417
0.603392
0.599758
0.596519
0.593677
0.591237
0.589199
0.587567
0.586341
0.585523
0.585114
0.993479
0.980445
0.96743
0.954447
0.941509
0.928629
0.915819
0.903093
0.890463
0.877941
0.86554
0.853272
0.841149
0.829183
0.817386
0.80577
0.794345
0.783125
0.772118
0.761337
0.750792
0.740493
0.73045
0.720674
0.711174
0.701959
0.693038
0.684421
0.676115
0.668129
0.660471
0.653147
0.646166
0.639535
0.633259
0.627344
0.621798
0.616625
0.611829
0.607417
0.603392
0.599758
0.596519
0.593677
0.591237
0.589199
0.587567
0.586341
0.585523
0.585114
0.993479
0.980445
0.96743
0.954447
0.941509
0.928629
0.915819
0.903093
0.890463
0.877941
0.86554
0.853272
0.841149
0.829183
0.817386
0.80577
0.794345
0.783125
0.772118
0.761337
0.750792
0.740493
0.73045
0.720674
0.711174
0.701959
0.693038
0.684421
0.676115
0.668129
0.660471
0.653147
0.646166
0.639535
0.633259
0.627344
0.621798
0.616624
0.611829
0.607417
0.603392
0.599758
0.596519
0.593677
0.591237
0.589199
0.587567
0.586341
0.585523
0.585114
0.993479
0.980445
0.96743
0.954447
0.941509
0.928629
0.915819
0.903093
0.890463
0.877941
0.86554
0.853272
0.841149
0.829183
0.817386
0.80577
0.794345
0.783125
0.772118
0.761337
0.750792
0.740493
0.73045
0.720674
0.711174
0.701959
0.693038
0.684421
0.676115
0.668129
0.660471
0.653147
0.646166
0.639535
0.633259
0.627344
0.621798
0.616624
0.611829
0.607417
0.603392
0.599758
0.596518
0.593677
0.591237
0.589199
0.587567
0.586341
0.585523
0.585114
0.993479
0.980445
0.96743
0.954447
0.941509
0.928629
0.915819
0.903093
0.890463
0.877941
0.86554
0.853272
0.841149
0.829183
0.817386
0.80577
0.794345
0.783125
0.772118
0.761337
0.750792
0.740493
0.73045
0.720674
0.711174
0.701959
0.693038
0.684421
0.676115
0.668129
0.660471
0.653147
0.646166
0.639535
0.633259
0.627344
0.621798
0.616624
0.611829
0.607417
0.603392
0.599758
0.596518
0.593677
0.591236
0.589199
0.587567
0.586341
0.585523
0.585114
0.993479
0.980445
0.96743
0.954447
0.941509
0.928629
0.915819
0.903093
0.890463
0.877941
0.86554
0.853272
0.841149
0.829183
0.817386
0.80577
0.794345
0.783125
0.772118
0.761337
0.750792
0.740493
0.73045
0.720674
0.711174
0.701959
0.693038
0.684421
0.676115
0.668129
0.660471
0.653147
0.646166
0.639535
0.633258
0.627344
0.621798
0.616624
0.611829
0.607417
0.603391
0.599757
0.596518
0.593677
0.591236
0.589199
0.587566
0.586341
0.585523
0.585114
0.993479
0.980445
0.96743
0.954447
0.941509
0.928629
0.915819
0.903093
0.890463
0.877941
0.86554
0.853272
0.841149
0.829183
0.817386
0.80577
0.794345
0.783125
0.772118
0.761337
0.750792
0.740493
0.73045
0.720674
0.711174
0.701959
0.693038
0.684421
0.676115
0.668129
0.660471
0.653147
0.646166
0.639534
0.633258
0.627344
0.621798
0.616624
0.611829
0.607416
0.603391
0.599757
0.596518
0.593677
0.591236
0.589199
0.587566
0.586341
0.585523
0.585114
0.993479
0.980445
0.96743
0.954447
0.941509
0.928629
0.915819
0.903093
0.890463
0.877941
0.86554
0.853272
0.841149
0.829183
0.817386
0.80577
0.794345
0.783125
0.772118
0.761337
0.750792
0.740493
0.73045
0.720674
0.711174
0.701959
0.693038
0.684421
0.676115
0.668129
0.66047
0.653147
0.646166
0.639534
0.633258
0.627344
0.621797
0.616624
0.611829
0.607416
0.603391
0.599757
0.596518
0.593677
0.591236
0.589199
0.587566
0.58634
0.585523
0.585114
0.993479
0.980445
0.96743
0.954447
0.941509
0.928629
0.915819
0.903093
0.890463
0.877941
0.86554
0.853272
0.841149
0.829183
0.817386
0.80577
0.794346
0.783125
0.772118
0.761337
0.750792
0.740493
0.73045
0.720674
0.711174
0.701959
0.693038
0.684421
0.676115
0.668129
0.66047
0.653147
0.646166
0.639534
0.633258
0.627344
0.621797
0.616624
0.611829
0.607416
0.603391
0.599757
0.596518
0.593677
0.591236
0.589198
0.587566
0.58634
0.585522
0.585113
0.993479
0.980445
0.96743
0.954447
0.941509
0.928629
0.915819
0.903093
0.890463
0.877941
0.86554
0.853272
0.841149
0.829183
0.817386
0.80577
0.794346
0.783125
0.772118
0.761337
0.750792
0.740493
0.73045
0.720674
0.711174
0.701959
0.693038
0.684421
0.676115
0.668129
0.66047
0.653147
0.646166
0.639534
0.633258
0.627344
0.621797
0.616624
0.611829
0.607416
0.603391
0.599757
0.596518
0.593676
0.591236
0.589198
0.587566
0.58634
0.585522
0.585113
0.993479
0.980445
0.96743
0.954447
0.941509
0.928629
0.915819
0.903093
0.890463
0.877941
0.86554
0.853272
0.841149
0.829183
0.817386
0.80577
0.794346
0.783125
0.772118
0.761337
0.750792
0.740493
0.73045
0.720674
0.711174
0.701959
0.693038
0.684421
0.676115
0.668129
0.66047
0.653147
0.646166
0.639534
0.633258
0.627344
0.621797
0.616624
0.611828
0.607416
0.603391
0.599757
0.596518
0.593676
0.591236
0.589198
0.587566
0.58634
0.585522
0.585113
0.993479
0.980445
0.96743
0.954447
0.941509
0.928629
0.915819
0.903093
0.890463
0.877941
0.86554
0.853272
0.841149
0.829183
0.817386
0.80577
0.794346
0.783125
0.772118
0.761337
0.750792
0.740493
0.73045
0.720674
0.711174
0.701959
0.693038
0.684421
0.676115
0.668129
0.66047
0.653147
0.646166
0.639534
0.633258
0.627344
0.621797
0.616624
0.611828
0.607416
0.603391
0.599757
0.596518
0.593676
0.591236
0.589198
0.587566
0.58634
0.585522
0.585113
0.993479
0.980445
0.96743
0.954447
0.941509
0.928629
0.915819
0.903093
0.890463
0.877941
0.86554
0.853272
0.841149
0.829183
0.817386
0.80577
0.794346
0.783125
0.772118
0.761337
0.750792
0.740493
0.73045
0.720674
0.711174
0.701959
0.693038
0.684421
0.676115
0.668129
0.66047
0.653147
0.646166
0.639534
0.633258
0.627344
0.621797
0.616624
0.611828
0.607416
0.603391
0.599757
0.596517
0.593676
0.591235
0.589198
0.587566
0.58634
0.585522
0.585113
0.993479
0.980445
0.96743
0.954447
0.941509
0.928629
0.915819
0.903093
0.890463
0.877941
0.86554
0.853272
0.841149
0.829183
0.817386
0.80577
0.794346
0.783125
0.772118
0.761337
0.750792
0.740493
0.73045
0.720674
0.711174
0.701959
0.693038
0.684421
0.676115
0.668129
0.66047
0.653147
0.646166
0.639534
0.633258
0.627344
0.621797
0.616623
0.611828
0.607416
0.603391
0.599757
0.596517
0.593676
0.591235
0.589198
0.587565
0.58634
0.585522
0.585113
0.993479
0.980445
0.96743
0.954447
0.941509
0.928629
0.915819
0.903093
0.890463
0.877941
0.86554
0.853272
0.841149
0.829183
0.817386
0.80577
0.794346
0.783125
0.772118
0.761337
0.750792
0.740493
0.73045
0.720674
0.711174
0.701959
0.693038
0.684421
0.676115
0.668129
0.66047
0.653147
0.646166
0.639534
0.633258
0.627344
0.621797
0.616623
0.611828
0.607416
0.60339
0.599756
0.596517
0.593676
0.591235
0.589198
0.587565
0.58634
0.585522
0.585113
0.993479
0.980445
0.96743
0.954447
0.941509
0.928629
0.915819
0.903093
0.890463
0.877941
0.86554
0.853272
0.841149
0.829183
0.817386
0.80577
0.794346
0.783125
0.772118
0.761337
0.750792
0.740493
0.73045
0.720674
0.711174
0.701959
0.693038
0.684421
0.676115
0.668129
0.66047
0.653147
0.646166
0.639534
0.633258
0.627343
0.621797
0.616623
0.611828
0.607416
0.60339
0.599756
0.596517
0.593676
0.591235
0.589198
0.587565
0.58634
0.585522
0.585113
0.993479
0.980445
0.96743
0.954447
0.941509
0.928629
0.915819
0.903093
0.890463
0.877941
0.86554
0.853272
0.841149
0.829183
0.817386
0.80577
0.794346
0.783125
0.772118
0.761337
0.750792
0.740493
0.73045
0.720674
0.711174
0.701959
0.693038
0.684421
0.676115
0.668129
0.66047
0.653147
0.646166
0.639534
0.633258
0.627343
0.621797
0.616623
0.611828
0.607416
0.60339
0.599756
0.596517
0.593676
0.591235
0.589198
0.587565
0.58634
0.585522
0.585113
0.993479
0.980445
0.96743
0.954447
0.941509
0.928629
0.915819
0.903093
0.890463
0.877941
0.86554
0.853272
0.841149
0.829183
0.817386
0.80577
0.794346
0.783125
0.772118
0.761337
0.750792
0.740493
0.73045
0.720674
0.711174
0.701959
0.693038
0.684421
0.676115
0.668129
0.66047
0.653147
0.646166
0.639534
0.633258
0.627343
0.621797
0.616623
0.611828
0.607416
0.60339
0.599756
0.596517
0.593676
0.591235
0.589198
0.587565
0.58634
0.585522
0.585113
0.993479
0.980445
0.96743
0.954447
0.941509
0.928629
0.915819
0.903093
0.890463
0.877941
0.86554
0.853272
0.841149
0.829183
0.817386
0.80577
0.794346
0.783125
0.772118
0.761337
0.750792
0.740493
0.73045
0.720674
0.711174
0.701959
0.693038
0.684421
0.676115
0.668129
0.66047
0.653147
0.646166
0.639534
0.633258
0.627343
0.621797
0.616623
0.611828
0.607415
0.60339
0.599756
0.596517
0.593676
0.591235
0.589198
0.587565
0.586339
0.585522
0.585113
0.993479
0.980445
0.96743
0.954447
0.941509
0.928629
0.915819
0.903093
0.890463
0.877941
0.86554
0.853272
0.841149
0.829183
0.817386
0.80577
0.794346
0.783125
0.772118
0.761337
0.750792
0.740493
0.73045
0.720674
0.711174
0.701959
0.693038
0.684421
0.676115
0.668129
0.66047
0.653147
0.646166
0.639534
0.633258
0.627343
0.621797
0.616623
0.611828
0.607415
0.60339
0.599756
0.596517
0.593676
0.591235
0.589198
0.587565
0.586339
0.585522
0.585113
)
;

boundaryField
{
    inlet
    {
        type            fixedValue;
        value           uniform 1;
    }
    outlet
    {
        type            zeroGradient;
    }
    lowerWall
    {
        type            zeroGradient;
    }
    upperWall
    {
        type            zeroGradient;
    }
    frontAndBack
    {
        type            empty;
    }
}


// ************************************************************************* //
