/*--------------------------------*- C++ -*----------------------------------*\
  =========                 |
  \\      /  F ield         | OpenFOAM: The Open Source CFD Toolbox
   \\    /   O peration     | Website:  https://openfoam.org
    \\  /    A nd           | Version:  12
     \\/     M anipulation  |
\*---------------------------------------------------------------------------*/
FoamFile
{
    format      ascii;
    class       volScalarField;
    location    "55";
    object      T;
}
// * * * * * * * * * * * * * * * * * * * * * * * * * * * * * * * * * * * * * //

dimensions      [0 0 0 1 0 0 0];

internalField   nonuniform List<scalar> 
1250
(
0.994765
0.9843
0.973851
0.963428
0.95304
0.942699
0.932415
0.922197
0.912057
0.902003
0.892046
0.882195
0.872461
0.862853
0.85338
0.844052
0.834878
0.825867
0.817029
0.80837
0.799901
0.79163
0.783564
0.775712
0.768081
0.76068
0.753514
0.746592
0.73992
0.733505
0.727352
0.721469
0.71586
0.710532
0.70549
0.700738
0.696282
0.692125
0.688272
0.684726
0.681492
0.678572
0.675969
0.673686
0.671724
0.670087
0.668775
0.66779
0.667133
0.666804
0.994765
0.9843
0.973851
0.963428
0.95304
0.942699
0.932415
0.922197
0.912057
0.902003
0.892046
0.882195
0.872461
0.862853
0.85338
0.844052
0.834878
0.825867
0.817029
0.80837
0.799901
0.79163
0.783564
0.775712
0.768081
0.76068
0.753514
0.746592
0.73992
0.733505
0.727352
0.721469
0.71586
0.710532
0.70549
0.700738
0.696282
0.692125
0.688272
0.684726
0.681492
0.678572
0.675969
0.673686
0.671724
0.670087
0.668775
0.66779
0.667133
0.666804
0.994765
0.9843
0.973851
0.963428
0.95304
0.942699
0.932415
0.922197
0.912057
0.902003
0.892046
0.882195
0.872461
0.862853
0.85338
0.844052
0.834878
0.825867
0.817029
0.80837
0.799901
0.79163
0.783564
0.775712
0.768081
0.76068
0.753514
0.746592
0.73992
0.733505
0.727352
0.721469
0.71586
0.710532
0.70549
0.700738
0.696282
0.692125
0.688272
0.684726
0.681492
0.678572
0.675969
0.673686
0.671724
0.670087
0.668775
0.66779
0.667133
0.666804
0.994765
0.9843
0.973851
0.963428
0.95304
0.942699
0.932415
0.922197
0.912057
0.902003
0.892046
0.882195
0.872461
0.862853
0.85338
0.844052
0.834878
0.825867
0.817029
0.80837
0.799901
0.79163
0.783564
0.775712
0.768081
0.76068
0.753514
0.746592
0.73992
0.733505
0.727352
0.721469
0.71586
0.710532
0.70549
0.700738
0.696282
0.692125
0.688272
0.684726
0.681492
0.678572
0.675969
0.673686
0.671724
0.670087
0.668775
0.66779
0.667133
0.666804
0.994765
0.9843
0.973851
0.963428
0.95304
0.942699
0.932415
0.922197
0.912057
0.902003
0.892046
0.882195
0.872461
0.862853
0.85338
0.844052
0.834878
0.825867
0.817029
0.80837
0.799901
0.79163
0.783564
0.775712
0.768081
0.76068
0.753514
0.746592
0.73992
0.733505
0.727352
0.721469
0.71586
0.710532
0.70549
0.700738
0.696282
0.692125
0.688272
0.684726
0.681492
0.678572
0.675969
0.673686
0.671724
0.670087
0.668775
0.66779
0.667133
0.666804
0.994765
0.9843
0.973851
0.963428
0.95304
0.942699
0.932415
0.922197
0.912057
0.902003
0.892046
0.882195
0.872461
0.862853
0.85338
0.844052
0.834878
0.825867
0.817029
0.80837
0.799901
0.79163
0.783564
0.775712
0.768081
0.76068
0.753514
0.746592
0.73992
0.733505
0.727352
0.721469
0.71586
0.710532
0.70549
0.700738
0.696281
0.692125
0.688272
0.684726
0.681492
0.678572
0.675969
0.673686
0.671724
0.670087
0.668775
0.66779
0.667133
0.666804
0.994765
0.9843
0.973851
0.963428
0.95304
0.942699
0.932415
0.922197
0.912057
0.902003
0.892046
0.882195
0.872461
0.862853
0.85338
0.844052
0.834878
0.825867
0.817029
0.80837
0.799901
0.79163
0.783564
0.775712
0.768081
0.76068
0.753514
0.746592
0.73992
0.733505
0.727352
0.721469
0.71586
0.710532
0.70549
0.700738
0.696281
0.692125
0.688272
0.684726
0.681492
0.678572
0.675969
0.673685
0.671724
0.670087
0.668775
0.66779
0.667133
0.666804
0.994765
0.9843
0.973851
0.963428
0.95304
0.942699
0.932415
0.922197
0.912057
0.902003
0.892046
0.882195
0.872461
0.862853
0.85338
0.844052
0.834878
0.825867
0.817029
0.80837
0.799901
0.79163
0.783564
0.775712
0.768081
0.76068
0.753514
0.746592
0.73992
0.733504
0.727352
0.721469
0.71586
0.710532
0.70549
0.700738
0.696281
0.692125
0.688271
0.684726
0.681492
0.678572
0.675969
0.673685
0.671724
0.670087
0.668775
0.66779
0.667133
0.666804
0.994765
0.9843
0.973851
0.963428
0.95304
0.942699
0.932415
0.922197
0.912057
0.902003
0.892046
0.882195
0.872461
0.862853
0.85338
0.844052
0.834878
0.825867
0.817029
0.80837
0.799901
0.79163
0.783564
0.775712
0.768081
0.76068
0.753514
0.746592
0.73992
0.733504
0.727352
0.721469
0.71586
0.710532
0.70549
0.700738
0.696281
0.692124
0.688271
0.684726
0.681492
0.678571
0.675968
0.673685
0.671724
0.670087
0.668775
0.66779
0.667133
0.666804
0.994765
0.9843
0.973851
0.963428
0.95304
0.942699
0.932415
0.922197
0.912057
0.902003
0.892046
0.882195
0.872461
0.862853
0.85338
0.844052
0.834878
0.825867
0.817029
0.80837
0.799901
0.79163
0.783564
0.775712
0.768081
0.76068
0.753514
0.746592
0.73992
0.733504
0.727352
0.721469
0.71586
0.710532
0.70549
0.700738
0.696281
0.692124
0.688271
0.684726
0.681491
0.678571
0.675968
0.673685
0.671724
0.670087
0.668775
0.66779
0.667133
0.666804
0.994765
0.9843
0.973851
0.963428
0.95304
0.942699
0.932415
0.922197
0.912057
0.902003
0.892046
0.882195
0.872461
0.862853
0.85338
0.844052
0.834878
0.825867
0.817029
0.80837
0.799901
0.79163
0.783564
0.775712
0.768081
0.76068
0.753514
0.746592
0.73992
0.733504
0.727352
0.721469
0.71586
0.710532
0.70549
0.700738
0.696281
0.692124
0.688271
0.684726
0.681491
0.678571
0.675968
0.673685
0.671724
0.670086
0.668775
0.66779
0.667132
0.666804
0.994765
0.9843
0.973851
0.963428
0.95304
0.942699
0.932415
0.922197
0.912057
0.902003
0.892046
0.882195
0.872461
0.862853
0.85338
0.844052
0.834878
0.825867
0.817029
0.80837
0.799901
0.79163
0.783564
0.775712
0.768081
0.76068
0.753514
0.746592
0.73992
0.733504
0.727352
0.721469
0.71586
0.710532
0.70549
0.700738
0.696281
0.692124
0.688271
0.684726
0.681491
0.678571
0.675968
0.673685
0.671724
0.670086
0.668775
0.66779
0.667132
0.666804
0.994765
0.9843
0.973851
0.963428
0.95304
0.942699
0.932415
0.922197
0.912057
0.902003
0.892046
0.882195
0.872461
0.862853
0.85338
0.844052
0.834878
0.825868
0.817029
0.80837
0.799901
0.79163
0.783564
0.775712
0.768081
0.76068
0.753514
0.746592
0.73992
0.733504
0.727352
0.721469
0.71586
0.710532
0.705489
0.700738
0.696281
0.692124
0.688271
0.684726
0.681491
0.678571
0.675968
0.673685
0.671724
0.670086
0.668774
0.667789
0.667132
0.666803
0.994765
0.9843
0.973851
0.963428
0.95304
0.942699
0.932415
0.922197
0.912057
0.902003
0.892046
0.882195
0.872461
0.862853
0.85338
0.844052
0.834878
0.825868
0.817029
0.80837
0.799901
0.79163
0.783564
0.775712
0.768081
0.76068
0.753514
0.746592
0.73992
0.733504
0.727352
0.721469
0.71586
0.710532
0.705489
0.700738
0.696281
0.692124
0.688271
0.684725
0.681491
0.678571
0.675968
0.673685
0.671723
0.670086
0.668774
0.667789
0.667132
0.666803
0.994765
0.9843
0.973851
0.963428
0.95304
0.942699
0.932415
0.922197
0.912057
0.902003
0.892046
0.882195
0.872461
0.862853
0.85338
0.844052
0.834878
0.825868
0.817029
0.80837
0.799901
0.79163
0.783564
0.775712
0.768081
0.76068
0.753514
0.746592
0.73992
0.733504
0.727352
0.721468
0.71586
0.710532
0.705489
0.700737
0.696281
0.692124
0.688271
0.684725
0.681491
0.678571
0.675968
0.673685
0.671723
0.670086
0.668774
0.667789
0.667132
0.666803
0.994765
0.9843
0.973851
0.963428
0.95304
0.942699
0.932415
0.922197
0.912057
0.902003
0.892046
0.882195
0.872461
0.862853
0.85338
0.844052
0.834878
0.825868
0.817029
0.80837
0.799901
0.79163
0.783564
0.775712
0.768081
0.76068
0.753514
0.746592
0.73992
0.733504
0.727352
0.721468
0.71586
0.710532
0.705489
0.700737
0.696281
0.692124
0.688271
0.684725
0.681491
0.678571
0.675968
0.673685
0.671723
0.670086
0.668774
0.667789
0.667132
0.666803
0.994765
0.9843
0.973851
0.963428
0.95304
0.942699
0.932415
0.922197
0.912057
0.902003
0.892046
0.882195
0.872461
0.862853
0.85338
0.844052
0.834878
0.825868
0.817029
0.80837
0.799901
0.79163
0.783564
0.775712
0.768081
0.76068
0.753514
0.746592
0.73992
0.733504
0.727352
0.721468
0.71586
0.710532
0.705489
0.700737
0.696281
0.692124
0.688271
0.684725
0.681491
0.678571
0.675968
0.673684
0.671723
0.670086
0.668774
0.667789
0.667132
0.666803
0.994765
0.9843
0.973851
0.963428
0.95304
0.942699
0.932415
0.922197
0.912057
0.902003
0.892046
0.882195
0.872461
0.862853
0.85338
0.844052
0.834878
0.825868
0.817029
0.80837
0.799901
0.79163
0.783564
0.775712
0.768081
0.76068
0.753514
0.746592
0.73992
0.733504
0.727352
0.721468
0.71586
0.710532
0.705489
0.700737
0.696281
0.692124
0.688271
0.684725
0.681491
0.678571
0.675968
0.673684
0.671723
0.670086
0.668774
0.667789
0.667132
0.666803
0.994765
0.9843
0.973851
0.963428
0.95304
0.942699
0.932415
0.922197
0.912057
0.902003
0.892046
0.882195
0.872461
0.862853
0.85338
0.844052
0.834878
0.825868
0.817029
0.80837
0.799901
0.79163
0.783564
0.775712
0.768081
0.76068
0.753514
0.746592
0.73992
0.733504
0.727352
0.721468
0.71586
0.710532
0.705489
0.700737
0.696281
0.692124
0.688271
0.684725
0.681491
0.67857
0.675968
0.673684
0.671723
0.670086
0.668774
0.667789
0.667132
0.666803
0.994765
0.9843
0.973851
0.963428
0.95304
0.942699
0.932415
0.922197
0.912057
0.902003
0.892046
0.882195
0.872461
0.862853
0.85338
0.844052
0.834878
0.825868
0.817029
0.80837
0.799901
0.79163
0.783564
0.775712
0.768081
0.76068
0.753514
0.746592
0.73992
0.733504
0.727352
0.721468
0.71586
0.710532
0.705489
0.700737
0.696281
0.692124
0.688271
0.684725
0.681491
0.67857
0.675967
0.673684
0.671723
0.670086
0.668774
0.667789
0.667132
0.666803
0.994765
0.9843
0.973851
0.963428
0.95304
0.942699
0.932415
0.922198
0.912057
0.902003
0.892046
0.882195
0.872461
0.862853
0.85338
0.844052
0.834879
0.825868
0.817029
0.80837
0.799901
0.79163
0.783564
0.775712
0.768081
0.76068
0.753514
0.746592
0.73992
0.733504
0.727352
0.721468
0.71586
0.710532
0.705489
0.700737
0.69628
0.692124
0.68827
0.684725
0.681491
0.67857
0.675967
0.673684
0.671723
0.670086
0.668774
0.667789
0.667131
0.666803
0.994765
0.9843
0.973851
0.963428
0.95304
0.942699
0.932415
0.922198
0.912057
0.902003
0.892046
0.882195
0.872461
0.862853
0.85338
0.844052
0.834879
0.825868
0.817029
0.80837
0.799901
0.79163
0.783564
0.775712
0.768081
0.76068
0.753514
0.746592
0.73992
0.733504
0.727352
0.721468
0.71586
0.710531
0.705489
0.700737
0.69628
0.692124
0.68827
0.684725
0.68149
0.67857
0.675967
0.673684
0.671723
0.670085
0.668774
0.667789
0.667131
0.666803
0.994765
0.9843
0.973851
0.963428
0.95304
0.942699
0.932415
0.922198
0.912057
0.902003
0.892046
0.882195
0.872461
0.862853
0.85338
0.844052
0.834879
0.825868
0.817029
0.808371
0.799901
0.79163
0.783564
0.775712
0.768081
0.76068
0.753514
0.746592
0.73992
0.733504
0.727352
0.721468
0.71586
0.710531
0.705489
0.700737
0.69628
0.692123
0.68827
0.684725
0.68149
0.67857
0.675967
0.673684
0.671723
0.670085
0.668774
0.667789
0.667131
0.666803
0.994765
0.9843
0.973851
0.963428
0.95304
0.942699
0.932415
0.922198
0.912057
0.902003
0.892046
0.882195
0.872461
0.862853
0.85338
0.844053
0.834879
0.825868
0.817029
0.808371
0.799901
0.79163
0.783564
0.775712
0.768081
0.76068
0.753514
0.746592
0.73992
0.733504
0.727352
0.721468
0.71586
0.710531
0.705489
0.700737
0.69628
0.692123
0.68827
0.684725
0.68149
0.67857
0.675967
0.673684
0.671723
0.670085
0.668774
0.667789
0.667131
0.666803
0.994765
0.9843
0.973851
0.963428
0.95304
0.942699
0.932415
0.922198
0.912057
0.902003
0.892046
0.882195
0.872461
0.862853
0.85338
0.844053
0.834879
0.825868
0.817029
0.808371
0.799901
0.79163
0.783564
0.775712
0.768081
0.76068
0.753514
0.746592
0.73992
0.733504
0.727352
0.721468
0.71586
0.710531
0.705489
0.700737
0.69628
0.692123
0.68827
0.684725
0.68149
0.67857
0.675967
0.673684
0.671723
0.670085
0.668774
0.667789
0.667131
0.666803
)
;

boundaryField
{
    inlet
    {
        type            fixedValue;
        value           uniform 1;
    }
    outlet
    {
        type            zeroGradient;
    }
    lowerWall
    {
        type            zeroGradient;
    }
    upperWall
    {
        type            zeroGradient;
    }
    frontAndBack
    {
        type            empty;
    }
}


// ************************************************************************* //
