/*--------------------------------*- C++ -*----------------------------------*\
  =========                 |
  \\      /  F ield         | OpenFOAM: The Open Source CFD Toolbox
   \\    /   O peration     | Website:  https://openfoam.org
    \\  /    A nd           | Version:  12
     \\/     M anipulation  |
\*---------------------------------------------------------------------------*/
FoamFile
{
    format      ascii;
    class       volScalarField;
    location    "33";
    object      T;
}
// * * * * * * * * * * * * * * * * * * * * * * * * * * * * * * * * * * * * * //

dimensions      [0 0 0 1 0 0 0];

internalField   nonuniform List<scalar> 
1250
(
0.991025
0.973083
0.955168
0.937299
0.919494
0.901769
0.884144
0.866635
0.849262
0.83204
0.814987
0.798121
0.781459
0.765016
0.748809
0.732855
0.717169
0.701766
0.686663
0.671873
0.657412
0.643292
0.629529
0.616136
0.603125
0.590509
0.5783
0.56651
0.55515
0.544231
0.533763
0.523757
0.514221
0.505166
0.496598
0.488527
0.480959
0.473902
0.467363
0.461347
0.455861
0.450908
0.446495
0.442624
0.439299
0.436524
0.434301
0.432631
0.431518
0.430961
0.991025
0.973083
0.955168
0.937299
0.919493
0.901769
0.884144
0.866635
0.849262
0.83204
0.814987
0.798121
0.781459
0.765016
0.748809
0.732855
0.717169
0.701766
0.686663
0.671873
0.657412
0.643292
0.629529
0.616136
0.603125
0.590509
0.5783
0.56651
0.55515
0.544231
0.533763
0.523757
0.514221
0.505166
0.496598
0.488527
0.480959
0.473902
0.467363
0.461347
0.455861
0.450908
0.446495
0.442624
0.439299
0.436524
0.434301
0.432631
0.431518
0.430961
0.991025
0.973083
0.955168
0.937299
0.919493
0.901769
0.884144
0.866635
0.849262
0.83204
0.814987
0.798121
0.781459
0.765016
0.748809
0.732855
0.717169
0.701766
0.686663
0.671873
0.657412
0.643292
0.629529
0.616136
0.603125
0.590509
0.5783
0.56651
0.55515
0.544231
0.533763
0.523757
0.514221
0.505166
0.496598
0.488527
0.480959
0.473902
0.467363
0.461347
0.455861
0.450908
0.446495
0.442624
0.439299
0.436524
0.434301
0.432631
0.431518
0.430961
0.991025
0.973083
0.955168
0.937299
0.919493
0.901769
0.884144
0.866635
0.849262
0.83204
0.814987
0.798121
0.781459
0.765016
0.748809
0.732855
0.717169
0.701766
0.686663
0.671873
0.657412
0.643292
0.629529
0.616136
0.603125
0.590509
0.5783
0.56651
0.55515
0.544231
0.533763
0.523757
0.514221
0.505166
0.496598
0.488527
0.480959
0.473902
0.467363
0.461347
0.455861
0.450908
0.446494
0.442624
0.439299
0.436524
0.434301
0.432631
0.431518
0.430961
0.991025
0.973083
0.955168
0.937299
0.919493
0.901769
0.884144
0.866635
0.849262
0.83204
0.814987
0.798121
0.781459
0.765016
0.748809
0.732855
0.717169
0.701766
0.686663
0.671873
0.657412
0.643292
0.629529
0.616136
0.603125
0.590509
0.5783
0.56651
0.55515
0.544231
0.533763
0.523757
0.514221
0.505166
0.496598
0.488527
0.480959
0.473902
0.467363
0.461347
0.455861
0.450908
0.446494
0.442623
0.439299
0.436524
0.4343
0.432631
0.431518
0.430961
0.991025
0.973083
0.955168
0.937299
0.919493
0.901769
0.884144
0.866635
0.849262
0.83204
0.814987
0.798121
0.781459
0.765016
0.748809
0.732855
0.717169
0.701766
0.686663
0.671873
0.657412
0.643292
0.629529
0.616136
0.603125
0.590509
0.5783
0.56651
0.55515
0.544231
0.533763
0.523757
0.514221
0.505166
0.496598
0.488527
0.480959
0.473902
0.467363
0.461347
0.455861
0.450908
0.446494
0.442623
0.439299
0.436524
0.4343
0.432631
0.431518
0.43096
0.991025
0.973083
0.955168
0.937299
0.919494
0.901769
0.884144
0.866635
0.849262
0.83204
0.814987
0.798121
0.781459
0.765016
0.748809
0.732855
0.717169
0.701766
0.686663
0.671873
0.657412
0.643293
0.629529
0.616136
0.603125
0.590509
0.5783
0.56651
0.55515
0.544231
0.533763
0.523757
0.514221
0.505166
0.496598
0.488527
0.480959
0.473902
0.467363
0.461347
0.455861
0.450908
0.446494
0.442623
0.439299
0.436524
0.4343
0.432631
0.431517
0.43096
0.991025
0.973083
0.955168
0.937299
0.919494
0.901769
0.884144
0.866635
0.849262
0.83204
0.814987
0.798121
0.781459
0.765016
0.748809
0.732855
0.717169
0.701767
0.686663
0.671873
0.657412
0.643293
0.629529
0.616136
0.603125
0.590509
0.5783
0.56651
0.55515
0.544231
0.533763
0.523757
0.514221
0.505166
0.496598
0.488527
0.480959
0.473902
0.467363
0.461347
0.455861
0.450908
0.446494
0.442623
0.439299
0.436523
0.4343
0.432631
0.431517
0.43096
0.991025
0.973083
0.955168
0.937299
0.919494
0.901769
0.884144
0.866635
0.849262
0.83204
0.814987
0.798121
0.781459
0.765016
0.748809
0.732855
0.717169
0.701767
0.686663
0.671873
0.657412
0.643293
0.62953
0.616136
0.603125
0.590509
0.5783
0.56651
0.55515
0.544231
0.533763
0.523757
0.514221
0.505166
0.496598
0.488527
0.480959
0.473902
0.467363
0.461347
0.45586
0.450908
0.446494
0.442623
0.439298
0.436523
0.4343
0.432631
0.431517
0.43096
0.991025
0.973083
0.955169
0.937299
0.919494
0.901769
0.884144
0.866635
0.849262
0.83204
0.814988
0.798121
0.781459
0.765016
0.748809
0.732855
0.717169
0.701767
0.686663
0.671873
0.657412
0.643293
0.62953
0.616136
0.603125
0.590509
0.5783
0.56651
0.55515
0.544231
0.533763
0.523757
0.514221
0.505166
0.496598
0.488526
0.480959
0.473902
0.467363
0.461347
0.45586
0.450908
0.446494
0.442623
0.439298
0.436523
0.4343
0.432631
0.431517
0.43096
0.991025
0.973083
0.955169
0.937299
0.919494
0.901769
0.884144
0.866635
0.849262
0.83204
0.814988
0.798122
0.781459
0.765016
0.748809
0.732855
0.717169
0.701767
0.686663
0.671873
0.657412
0.643293
0.62953
0.616136
0.603125
0.590509
0.5783
0.56651
0.55515
0.544231
0.533763
0.523757
0.514221
0.505166
0.496598
0.488526
0.480959
0.473902
0.467363
0.461347
0.45586
0.450908
0.446494
0.442623
0.439298
0.436523
0.4343
0.432631
0.431517
0.43096
0.991025
0.973083
0.955169
0.937299
0.919494
0.901769
0.884144
0.866635
0.849262
0.83204
0.814988
0.798122
0.781459
0.765016
0.748809
0.732855
0.717169
0.701767
0.686663
0.671873
0.657412
0.643293
0.62953
0.616136
0.603125
0.590509
0.5783
0.56651
0.55515
0.544231
0.533763
0.523757
0.514221
0.505165
0.496598
0.488526
0.480959
0.473902
0.467363
0.461347
0.45586
0.450908
0.446494
0.442623
0.439298
0.436523
0.4343
0.43263
0.431517
0.43096
0.991025
0.973083
0.955169
0.937299
0.919494
0.901769
0.884144
0.866635
0.849262
0.83204
0.814988
0.798122
0.781459
0.765016
0.748809
0.732855
0.717169
0.701767
0.686663
0.671873
0.657412
0.643293
0.62953
0.616136
0.603125
0.590509
0.5783
0.56651
0.55515
0.544231
0.533763
0.523757
0.514221
0.505165
0.496598
0.488526
0.480959
0.473902
0.467363
0.461347
0.45586
0.450907
0.446494
0.442623
0.439298
0.436523
0.4343
0.43263
0.431517
0.43096
0.991025
0.973083
0.955169
0.937299
0.919494
0.901769
0.884144
0.866636
0.849262
0.83204
0.814988
0.798122
0.781459
0.765016
0.748809
0.732855
0.717169
0.701767
0.686663
0.671874
0.657412
0.643293
0.62953
0.616136
0.603125
0.590509
0.5783
0.56651
0.55515
0.544231
0.533763
0.523757
0.514221
0.505165
0.496598
0.488526
0.480959
0.473902
0.467363
0.461347
0.45586
0.450907
0.446494
0.442623
0.439298
0.436523
0.434299
0.43263
0.431517
0.430959
0.991025
0.973083
0.955169
0.937299
0.919494
0.901769
0.884144
0.866636
0.849262
0.83204
0.814988
0.798122
0.781459
0.765016
0.748809
0.732855
0.717169
0.701767
0.686663
0.671874
0.657412
0.643293
0.62953
0.616136
0.603125
0.590509
0.5783
0.56651
0.55515
0.544231
0.533763
0.523757
0.514221
0.505165
0.496598
0.488526
0.480959
0.473902
0.467362
0.461347
0.45586
0.450907
0.446493
0.442622
0.439298
0.436523
0.434299
0.43263
0.431516
0.430959
0.991025
0.973083
0.955169
0.937299
0.919494
0.901769
0.884144
0.866636
0.849262
0.83204
0.814988
0.798122
0.781459
0.765016
0.74881
0.732855
0.717169
0.701767
0.686663
0.671874
0.657412
0.643293
0.62953
0.616136
0.603125
0.590509
0.5783
0.56651
0.55515
0.544231
0.533763
0.523757
0.514221
0.505165
0.496598
0.488526
0.480958
0.473902
0.467362
0.461346
0.45586
0.450907
0.446493
0.442622
0.439298
0.436522
0.434299
0.43263
0.431516
0.430959
0.991025
0.973083
0.955169
0.937299
0.919494
0.901769
0.884144
0.866636
0.849262
0.83204
0.814988
0.798122
0.781459
0.765016
0.74881
0.732855
0.717169
0.701767
0.686663
0.671874
0.657412
0.643293
0.62953
0.616136
0.603125
0.590509
0.5783
0.56651
0.55515
0.544231
0.533763
0.523757
0.514221
0.505165
0.496598
0.488526
0.480958
0.473902
0.467362
0.461346
0.45586
0.450907
0.446493
0.442622
0.439298
0.436522
0.434299
0.43263
0.431516
0.430959
0.991025
0.973083
0.955169
0.937299
0.919494
0.901769
0.884144
0.866636
0.849262
0.83204
0.814988
0.798122
0.781459
0.765016
0.74881
0.732855
0.717169
0.701767
0.686664
0.671874
0.657412
0.643293
0.62953
0.616136
0.603125
0.590509
0.5783
0.56651
0.55515
0.544231
0.533763
0.523757
0.514221
0.505165
0.496597
0.488526
0.480958
0.473902
0.467362
0.461346
0.45586
0.450907
0.446493
0.442622
0.439297
0.436522
0.434299
0.43263
0.431516
0.430959
0.991025
0.973083
0.955169
0.937299
0.919494
0.901769
0.884144
0.866636
0.849262
0.83204
0.814988
0.798122
0.781459
0.765016
0.74881
0.732855
0.717169
0.701767
0.686664
0.671874
0.657412
0.643293
0.62953
0.616136
0.603125
0.590509
0.5783
0.56651
0.55515
0.544231
0.533763
0.523757
0.514221
0.505165
0.496597
0.488526
0.480958
0.473901
0.467362
0.461346
0.455859
0.450907
0.446493
0.442622
0.439297
0.436522
0.434299
0.43263
0.431516
0.430959
0.991025
0.973083
0.955169
0.937299
0.919494
0.901769
0.884144
0.866636
0.849262
0.83204
0.814988
0.798122
0.781459
0.765016
0.74881
0.732856
0.717169
0.701767
0.686664
0.671874
0.657412
0.643293
0.62953
0.616136
0.603125
0.590509
0.5783
0.56651
0.55515
0.544231
0.533763
0.523757
0.514221
0.505165
0.496597
0.488526
0.480958
0.473901
0.467362
0.461346
0.455859
0.450907
0.446493
0.442622
0.439297
0.436522
0.434299
0.43263
0.431516
0.430959
0.991025
0.973083
0.955169
0.937299
0.919494
0.901769
0.884144
0.866636
0.849262
0.83204
0.814988
0.798122
0.781459
0.765016
0.74881
0.732856
0.71717
0.701767
0.686664
0.671874
0.657412
0.643293
0.62953
0.616136
0.603125
0.590509
0.5783
0.56651
0.55515
0.544231
0.533763
0.523757
0.514221
0.505165
0.496597
0.488526
0.480958
0.473901
0.467362
0.461346
0.455859
0.450907
0.446493
0.442622
0.439297
0.436522
0.434299
0.43263
0.431516
0.430959
0.991025
0.973083
0.955169
0.9373
0.919494
0.901769
0.884144
0.866636
0.849262
0.83204
0.814988
0.798122
0.781459
0.765016
0.74881
0.732856
0.71717
0.701767
0.686664
0.671874
0.657412
0.643293
0.62953
0.616136
0.603125
0.590509
0.5783
0.56651
0.55515
0.544231
0.533763
0.523757
0.514221
0.505165
0.496597
0.488526
0.480958
0.473901
0.467362
0.461346
0.455859
0.450907
0.446493
0.442622
0.439297
0.436522
0.434299
0.43263
0.431516
0.430959
0.991025
0.973083
0.955169
0.9373
0.919494
0.901769
0.884144
0.866636
0.849262
0.83204
0.814988
0.798122
0.781459
0.765016
0.74881
0.732856
0.71717
0.701767
0.686664
0.671874
0.657412
0.643293
0.62953
0.616136
0.603125
0.590509
0.5783
0.56651
0.55515
0.544231
0.533763
0.523757
0.514221
0.505165
0.496597
0.488526
0.480958
0.473901
0.467362
0.461346
0.455859
0.450907
0.446493
0.442622
0.439297
0.436522
0.434299
0.43263
0.431516
0.430959
0.991025
0.973083
0.955169
0.9373
0.919494
0.901769
0.884144
0.866636
0.849262
0.83204
0.814988
0.798122
0.781459
0.765017
0.74881
0.732856
0.71717
0.701767
0.686664
0.671874
0.657412
0.643293
0.62953
0.616137
0.603125
0.590509
0.5783
0.56651
0.55515
0.544231
0.533763
0.523757
0.514221
0.505165
0.496597
0.488526
0.480958
0.473901
0.467362
0.461346
0.455859
0.450907
0.446493
0.442622
0.439297
0.436522
0.434299
0.43263
0.431516
0.430959
0.991025
0.973083
0.955169
0.9373
0.919494
0.901769
0.884144
0.866636
0.849262
0.83204
0.814988
0.798122
0.781459
0.765017
0.74881
0.732856
0.71717
0.701767
0.686664
0.671874
0.657413
0.643293
0.62953
0.616137
0.603125
0.590509
0.5783
0.56651
0.55515
0.544231
0.533763
0.523757
0.514221
0.505165
0.496597
0.488526
0.480958
0.473901
0.467362
0.461346
0.455859
0.450907
0.446493
0.442622
0.439297
0.436522
0.434299
0.43263
0.431516
0.430959
)
;

boundaryField
{
    inlet
    {
        type            fixedValue;
        value           uniform 1;
    }
    outlet
    {
        type            zeroGradient;
    }
    lowerWall
    {
        type            zeroGradient;
    }
    upperWall
    {
        type            zeroGradient;
    }
    frontAndBack
    {
        type            empty;
    }
}


// ************************************************************************* //
