/*--------------------------------*- C++ -*----------------------------------*\
  =========                 |
  \\      /  F ield         | OpenFOAM: The Open Source CFD Toolbox
   \\    /   O peration     | Website:  https://openfoam.org
    \\  /    A nd           | Version:  12
     \\/     M anipulation  |
\*---------------------------------------------------------------------------*/
FoamFile
{
    format      ascii;
    class       volScalarField;
    location    "30";
    object      T;
}
// * * * * * * * * * * * * * * * * * * * * * * * * * * * * * * * * * * * * * //

dimensions      [0 0 0 1 0 0 0];

internalField   nonuniform List<scalar> 
1250
(
0.990324
0.970981
0.951668
0.932405
0.913211
0.894107
0.87511
0.856242
0.837521
0.818967
0.800597
0.782431
0.764488
0.746784
0.729338
0.712167
0.695288
0.678719
0.662475
0.646572
0.631026
0.615851
0.601063
0.586676
0.572704
0.559159
0.546055
0.533404
0.521217
0.509507
0.498283
0.487557
0.477338
0.467635
0.458458
0.449814
0.441711
0.434156
0.427157
0.42072
0.41485
0.409551
0.40483
0.40069
0.397135
0.394167
0.39179
0.390006
0.388815
0.38822
0.990324
0.970981
0.951668
0.932405
0.913211
0.894107
0.87511
0.856242
0.837521
0.818967
0.800597
0.782431
0.764487
0.746784
0.729338
0.712167
0.695288
0.678719
0.662475
0.646572
0.631026
0.615851
0.601063
0.586676
0.572704
0.559159
0.546055
0.533404
0.521217
0.509507
0.498283
0.487557
0.477338
0.467635
0.458458
0.449814
0.441711
0.434157
0.427158
0.42072
0.41485
0.409551
0.40483
0.40069
0.397135
0.394167
0.39179
0.390006
0.388815
0.38822
0.990324
0.970981
0.951668
0.932405
0.913211
0.894107
0.87511
0.856242
0.837521
0.818967
0.800597
0.782431
0.764487
0.746784
0.729338
0.712167
0.695288
0.678719
0.662475
0.646572
0.631026
0.615851
0.601063
0.586676
0.572704
0.559159
0.546055
0.533404
0.521217
0.509507
0.498283
0.487557
0.477338
0.467635
0.458458
0.449814
0.441711
0.434157
0.427158
0.42072
0.41485
0.409551
0.40483
0.40069
0.397135
0.394168
0.39179
0.390006
0.388815
0.38822
0.990324
0.970981
0.951668
0.932405
0.913211
0.894107
0.87511
0.856242
0.837521
0.818967
0.800597
0.782431
0.764487
0.746784
0.729338
0.712167
0.695288
0.678719
0.662475
0.646572
0.631026
0.615851
0.601063
0.586676
0.572704
0.559159
0.546055
0.533404
0.521217
0.509507
0.498283
0.487557
0.477338
0.467635
0.458458
0.449814
0.441711
0.434157
0.427158
0.42072
0.41485
0.409551
0.40483
0.40069
0.397135
0.394167
0.39179
0.390006
0.388815
0.38822
0.990324
0.970981
0.951668
0.932405
0.913211
0.894107
0.87511
0.856242
0.837521
0.818967
0.800597
0.782431
0.764488
0.746784
0.729338
0.712167
0.695288
0.678719
0.662475
0.646572
0.631026
0.615851
0.601063
0.586676
0.572704
0.559159
0.546055
0.533404
0.521217
0.509507
0.498283
0.487557
0.477338
0.467635
0.458458
0.449814
0.441711
0.434157
0.427158
0.42072
0.41485
0.409551
0.40483
0.40069
0.397135
0.394167
0.39179
0.390006
0.388815
0.388219
0.990324
0.970981
0.951668
0.932405
0.913211
0.894107
0.87511
0.856242
0.837521
0.818967
0.800597
0.782431
0.764488
0.746784
0.729338
0.712167
0.695289
0.678719
0.662475
0.646572
0.631026
0.615851
0.601064
0.586676
0.572704
0.559159
0.546055
0.533404
0.521217
0.509507
0.498283
0.487557
0.477338
0.467635
0.458458
0.449814
0.441711
0.434157
0.427158
0.42072
0.414849
0.409551
0.40483
0.40069
0.397135
0.394167
0.39179
0.390006
0.388815
0.388219
0.990324
0.970981
0.951668
0.932405
0.913211
0.894107
0.875111
0.856242
0.837521
0.818967
0.800597
0.782431
0.764488
0.746784
0.729338
0.712167
0.695289
0.678719
0.662475
0.646572
0.631026
0.615851
0.601064
0.586677
0.572704
0.559159
0.546055
0.533404
0.521217
0.509507
0.498283
0.487557
0.477338
0.467635
0.458458
0.449814
0.441711
0.434157
0.427158
0.42072
0.414849
0.409551
0.40483
0.40069
0.397135
0.394167
0.39179
0.390006
0.388815
0.388219
0.990324
0.970981
0.951668
0.932405
0.913211
0.894107
0.875111
0.856242
0.837521
0.818967
0.800597
0.782431
0.764488
0.746784
0.729338
0.712167
0.695289
0.678719
0.662475
0.646572
0.631026
0.615851
0.601064
0.586677
0.572704
0.559159
0.546055
0.533404
0.521217
0.509507
0.498283
0.487557
0.477338
0.467635
0.458458
0.449814
0.441711
0.434157
0.427157
0.42072
0.414849
0.409551
0.40483
0.40069
0.397135
0.394167
0.39179
0.390006
0.388815
0.388219
0.990324
0.970981
0.951668
0.932405
0.913211
0.894107
0.875111
0.856242
0.837521
0.818967
0.800597
0.782431
0.764488
0.746784
0.729338
0.712167
0.695289
0.678719
0.662475
0.646572
0.631026
0.615852
0.601064
0.586677
0.572704
0.559159
0.546055
0.533404
0.521217
0.509507
0.498283
0.487557
0.477338
0.467635
0.458458
0.449814
0.441711
0.434157
0.427157
0.42072
0.414849
0.409551
0.40483
0.40069
0.397135
0.394167
0.39179
0.390005
0.388815
0.388219
0.990324
0.970981
0.951668
0.932405
0.913211
0.894107
0.875111
0.856242
0.837522
0.818967
0.800597
0.782432
0.764488
0.746784
0.729338
0.712167
0.695289
0.678719
0.662475
0.646572
0.631026
0.615852
0.601064
0.586677
0.572704
0.559159
0.546055
0.533404
0.521217
0.509507
0.498283
0.487557
0.477338
0.467635
0.458458
0.449814
0.441711
0.434157
0.427157
0.42072
0.414849
0.409551
0.40483
0.40069
0.397135
0.394167
0.39179
0.390005
0.388815
0.388219
0.990324
0.970981
0.951668
0.932405
0.913211
0.894107
0.875111
0.856242
0.837522
0.818967
0.800597
0.782432
0.764488
0.746784
0.729338
0.712167
0.695289
0.678719
0.662475
0.646572
0.631026
0.615852
0.601064
0.586677
0.572704
0.559159
0.546055
0.533404
0.521217
0.509507
0.498284
0.487557
0.477338
0.467635
0.458458
0.449814
0.441711
0.434156
0.427157
0.42072
0.414849
0.409551
0.40483
0.40069
0.397135
0.394167
0.39179
0.390005
0.388815
0.388219
0.990324
0.970981
0.951668
0.932405
0.913211
0.894107
0.875111
0.856243
0.837522
0.818967
0.800597
0.782432
0.764488
0.746784
0.729338
0.712167
0.695289
0.678719
0.662475
0.646572
0.631026
0.615852
0.601064
0.586677
0.572704
0.55916
0.546055
0.533404
0.521218
0.509507
0.498284
0.487557
0.477338
0.467635
0.458458
0.449814
0.441711
0.434156
0.427157
0.42072
0.414849
0.409551
0.40483
0.40069
0.397134
0.394167
0.39179
0.390005
0.388815
0.388219
0.990324
0.970981
0.951668
0.932405
0.913212
0.894107
0.875111
0.856243
0.837522
0.818967
0.800598
0.782432
0.764488
0.746784
0.729338
0.712167
0.695289
0.678719
0.662475
0.646572
0.631026
0.615852
0.601064
0.586677
0.572704
0.55916
0.546055
0.533404
0.521218
0.509507
0.498284
0.487557
0.477338
0.467635
0.458458
0.449814
0.441711
0.434156
0.427157
0.42072
0.414849
0.409551
0.40483
0.40069
0.397134
0.394167
0.39179
0.390005
0.388815
0.388219
0.990324
0.970981
0.951668
0.932405
0.913212
0.894107
0.875111
0.856243
0.837522
0.818967
0.800598
0.782432
0.764488
0.746784
0.729338
0.712167
0.695289
0.67872
0.662475
0.646572
0.631026
0.615852
0.601064
0.586677
0.572704
0.55916
0.546056
0.533404
0.521218
0.509507
0.498284
0.487557
0.477338
0.467635
0.458458
0.449814
0.441711
0.434156
0.427157
0.42072
0.414849
0.409551
0.40483
0.40069
0.397134
0.394167
0.39179
0.390005
0.388814
0.388219
0.990324
0.970981
0.951668
0.932405
0.913212
0.894107
0.875111
0.856243
0.837522
0.818967
0.800598
0.782432
0.764488
0.746784
0.729338
0.712168
0.695289
0.67872
0.662475
0.646572
0.631026
0.615852
0.601064
0.586677
0.572705
0.55916
0.546056
0.533404
0.521218
0.509507
0.498284
0.487557
0.477338
0.467635
0.458458
0.449814
0.441711
0.434156
0.427157
0.42072
0.414849
0.409551
0.40483
0.40069
0.397134
0.394167
0.39179
0.390005
0.388814
0.388219
0.990324
0.970981
0.951668
0.932405
0.913212
0.894107
0.875111
0.856243
0.837522
0.818967
0.800598
0.782432
0.764488
0.746784
0.729338
0.712168
0.695289
0.67872
0.662475
0.646573
0.631026
0.615852
0.601064
0.586677
0.572705
0.55916
0.546056
0.533404
0.521218
0.509507
0.498284
0.487557
0.477338
0.467635
0.458458
0.449814
0.441711
0.434156
0.427157
0.42072
0.414849
0.409551
0.40483
0.40069
0.397134
0.394167
0.39179
0.390005
0.388814
0.388219
0.990324
0.970981
0.951668
0.932405
0.913212
0.894107
0.875111
0.856243
0.837522
0.818967
0.800598
0.782432
0.764488
0.746784
0.729338
0.712168
0.695289
0.67872
0.662476
0.646573
0.631026
0.615852
0.601064
0.586677
0.572705
0.55916
0.546056
0.533404
0.521218
0.509507
0.498284
0.487557
0.477338
0.467635
0.458458
0.449814
0.441711
0.434156
0.427157
0.42072
0.414849
0.409551
0.40483
0.40069
0.397134
0.394167
0.39179
0.390005
0.388814
0.388219
0.990324
0.970981
0.951668
0.932405
0.913212
0.894107
0.875111
0.856243
0.837522
0.818967
0.800598
0.782432
0.764488
0.746784
0.729338
0.712168
0.695289
0.67872
0.662476
0.646573
0.631027
0.615852
0.601064
0.586677
0.572705
0.55916
0.546056
0.533404
0.521218
0.509507
0.498284
0.487557
0.477338
0.467635
0.458458
0.449814
0.441711
0.434156
0.427157
0.420719
0.414849
0.409551
0.40483
0.400689
0.397134
0.394167
0.391789
0.390005
0.388814
0.388219
0.990324
0.970981
0.951669
0.932405
0.913212
0.894107
0.875111
0.856243
0.837522
0.818967
0.800598
0.782432
0.764488
0.746785
0.729339
0.712168
0.695289
0.67872
0.662476
0.646573
0.631027
0.615852
0.601064
0.586677
0.572705
0.55916
0.546056
0.533404
0.521218
0.509507
0.498284
0.487557
0.477338
0.467635
0.458458
0.449814
0.441711
0.434156
0.427157
0.420719
0.414849
0.409551
0.40483
0.400689
0.397134
0.394167
0.391789
0.390005
0.388814
0.388219
0.990324
0.970981
0.951669
0.932405
0.913212
0.894107
0.875111
0.856243
0.837522
0.818967
0.800598
0.782432
0.764488
0.746785
0.729339
0.712168
0.695289
0.67872
0.662476
0.646573
0.631027
0.615852
0.601065
0.586677
0.572705
0.55916
0.546056
0.533404
0.521218
0.509507
0.498284
0.487557
0.477338
0.467635
0.458458
0.449813
0.441711
0.434156
0.427157
0.420719
0.414849
0.409551
0.404829
0.400689
0.397134
0.394166
0.391789
0.390005
0.388814
0.388219
0.990324
0.970981
0.951669
0.932405
0.913212
0.894107
0.875111
0.856243
0.837522
0.818967
0.800598
0.782432
0.764488
0.746785
0.729339
0.712168
0.69529
0.67872
0.662476
0.646573
0.631027
0.615852
0.601065
0.586678
0.572705
0.55916
0.546056
0.533405
0.521218
0.509507
0.498284
0.487557
0.477338
0.467635
0.458458
0.449813
0.441711
0.434156
0.427157
0.420719
0.414849
0.409551
0.404829
0.400689
0.397134
0.394166
0.391789
0.390005
0.388814
0.388219
0.990324
0.970981
0.951669
0.932405
0.913212
0.894107
0.875111
0.856243
0.837522
0.818967
0.800598
0.782432
0.764488
0.746785
0.729339
0.712168
0.69529
0.67872
0.662476
0.646573
0.631027
0.615852
0.601065
0.586678
0.572705
0.55916
0.546056
0.533405
0.521218
0.509507
0.498284
0.487557
0.477338
0.467635
0.458458
0.449813
0.441711
0.434156
0.427157
0.420719
0.414849
0.409551
0.404829
0.400689
0.397134
0.394166
0.391789
0.390005
0.388814
0.388218
0.990324
0.970981
0.951669
0.932405
0.913212
0.894107
0.875111
0.856243
0.837522
0.818967
0.800598
0.782432
0.764488
0.746785
0.729339
0.712168
0.69529
0.67872
0.662476
0.646573
0.631027
0.615853
0.601065
0.586678
0.572705
0.55916
0.546056
0.533405
0.521218
0.509507
0.498284
0.487557
0.477338
0.467635
0.458458
0.449813
0.441711
0.434156
0.427157
0.420719
0.414849
0.409551
0.404829
0.400689
0.397134
0.394166
0.391789
0.390005
0.388814
0.388218
0.990324
0.970981
0.951669
0.932405
0.913212
0.894107
0.875111
0.856243
0.837522
0.818968
0.800598
0.782432
0.764489
0.746785
0.729339
0.712168
0.69529
0.67872
0.662476
0.646573
0.631027
0.615853
0.601065
0.586678
0.572705
0.55916
0.546056
0.533405
0.521218
0.509507
0.498284
0.487557
0.477338
0.467635
0.458458
0.449813
0.44171
0.434156
0.427157
0.420719
0.414849
0.409551
0.404829
0.400689
0.397134
0.394166
0.391789
0.390005
0.388814
0.388218
0.990324
0.970981
0.951669
0.932405
0.913212
0.894107
0.875111
0.856243
0.837522
0.818968
0.800598
0.782432
0.764489
0.746785
0.729339
0.712168
0.69529
0.67872
0.662476
0.646573
0.631027
0.615853
0.601065
0.586678
0.572705
0.55916
0.546056
0.533405
0.521218
0.509507
0.498284
0.487557
0.477338
0.467635
0.458458
0.449813
0.44171
0.434156
0.427157
0.420719
0.414849
0.409551
0.404829
0.400689
0.397134
0.394166
0.391789
0.390005
0.388814
0.388218
)
;

boundaryField
{
    inlet
    {
        type            fixedValue;
        value           uniform 1;
    }
    outlet
    {
        type            zeroGradient;
    }
    lowerWall
    {
        type            zeroGradient;
    }
    upperWall
    {
        type            zeroGradient;
    }
    frontAndBack
    {
        type            empty;
    }
}


// ************************************************************************* //
