/*--------------------------------*- C++ -*----------------------------------*\
  =========                 |
  \\      /  F ield         | OpenFOAM: The Open Source CFD Toolbox
   \\    /   O peration     | Website:  https://openfoam.org
    \\  /    A nd           | Version:  12
     \\/     M anipulation  |
\*---------------------------------------------------------------------------*/
FoamFile
{
    format      ascii;
    class       volScalarField;
    location    "75";
    object      T;
}
// * * * * * * * * * * * * * * * * * * * * * * * * * * * * * * * * * * * * * //

dimensions      [0 0 0 1 0 0 0];

internalField   nonuniform List<scalar> 
1250
(
0.996785
0.990358
0.983941
0.977539
0.971159
0.964809
0.958492
0.952217
0.945989
0.939814
0.933699
0.927649
0.921671
0.91577
0.909952
0.904223
0.898588
0.893054
0.887625
0.882307
0.877105
0.872025
0.867071
0.862248
0.857561
0.853015
0.848613
0.844361
0.840263
0.836323
0.832543
0.82893
0.825485
0.822212
0.819114
0.816195
0.813458
0.810905
0.808538
0.80636
0.804373
0.802579
0.80098
0.799578
0.798373
0.797367
0.796561
0.795956
0.795552
0.79535
0.996785
0.990358
0.983941
0.977539
0.971159
0.964809
0.958492
0.952217
0.945989
0.939814
0.933699
0.927649
0.921671
0.91577
0.909952
0.904223
0.898588
0.893054
0.887625
0.882307
0.877105
0.872025
0.867071
0.862248
0.857561
0.853015
0.848613
0.844361
0.840263
0.836323
0.832544
0.82893
0.825485
0.822212
0.819114
0.816195
0.813458
0.810905
0.808538
0.80636
0.804373
0.802579
0.80098
0.799578
0.798373
0.797367
0.796561
0.795956
0.795552
0.79535
0.996785
0.990358
0.983941
0.977539
0.971159
0.964809
0.958492
0.952217
0.945989
0.939814
0.933699
0.927649
0.921671
0.91577
0.909952
0.904223
0.898588
0.893054
0.887625
0.882307
0.877105
0.872025
0.867071
0.862248
0.857561
0.853015
0.848613
0.844361
0.840263
0.836323
0.832543
0.82893
0.825485
0.822212
0.819114
0.816195
0.813458
0.810905
0.808538
0.80636
0.804373
0.802579
0.80098
0.799578
0.798373
0.797367
0.796561
0.795956
0.795552
0.79535
0.996785
0.990358
0.983941
0.977539
0.971159
0.964809
0.958492
0.952217
0.945989
0.939814
0.933699
0.927649
0.921671
0.91577
0.909952
0.904223
0.898588
0.893054
0.887625
0.882307
0.877105
0.872025
0.867071
0.862248
0.857561
0.853015
0.848613
0.844361
0.840263
0.836323
0.832543
0.82893
0.825485
0.822212
0.819114
0.816195
0.813458
0.810904
0.808538
0.80636
0.804373
0.802579
0.80098
0.799578
0.798373
0.797367
0.796561
0.795956
0.795552
0.79535
0.996785
0.990358
0.983941
0.977539
0.971159
0.964809
0.958492
0.952217
0.945989
0.939814
0.933699
0.927649
0.921671
0.91577
0.909952
0.904223
0.898588
0.893054
0.887625
0.882307
0.877105
0.872025
0.867071
0.862248
0.857561
0.853015
0.848613
0.844361
0.840263
0.836323
0.832543
0.82893
0.825485
0.822212
0.819114
0.816195
0.813458
0.810904
0.808538
0.80636
0.804373
0.802579
0.80098
0.799578
0.798373
0.797367
0.796561
0.795956
0.795552
0.79535
0.996785
0.990358
0.983941
0.977539
0.971159
0.964809
0.958492
0.952217
0.945989
0.939814
0.933699
0.927649
0.921671
0.91577
0.909952
0.904223
0.898588
0.893054
0.887625
0.882307
0.877105
0.872025
0.867071
0.862248
0.857561
0.853015
0.848613
0.844361
0.840263
0.836323
0.832543
0.82893
0.825485
0.822212
0.819114
0.816195
0.813458
0.810904
0.808538
0.80636
0.804373
0.802579
0.80098
0.799578
0.798373
0.797367
0.796561
0.795956
0.795552
0.79535
0.996785
0.990358
0.983941
0.977539
0.971159
0.964809
0.958492
0.952217
0.945989
0.939814
0.933699
0.927649
0.921671
0.91577
0.909952
0.904223
0.898588
0.893054
0.887625
0.882307
0.877105
0.872025
0.867071
0.862248
0.857561
0.853015
0.848613
0.844361
0.840263
0.836323
0.832543
0.82893
0.825485
0.822212
0.819114
0.816195
0.813458
0.810904
0.808538
0.80636
0.804373
0.802579
0.80098
0.799577
0.798373
0.797367
0.796561
0.795956
0.795552
0.79535
0.996785
0.990358
0.983941
0.977539
0.971159
0.964809
0.958492
0.952217
0.945989
0.939814
0.933699
0.927649
0.921671
0.91577
0.909952
0.904223
0.898588
0.893054
0.887625
0.882307
0.877105
0.872025
0.867071
0.862248
0.857561
0.853015
0.848613
0.844361
0.840263
0.836323
0.832543
0.82893
0.825485
0.822212
0.819114
0.816195
0.813458
0.810904
0.808538
0.80636
0.804373
0.802579
0.80098
0.799577
0.798373
0.797367
0.796561
0.795956
0.795552
0.79535
0.996785
0.990358
0.983941
0.977539
0.971159
0.964809
0.958492
0.952217
0.945989
0.939814
0.933699
0.927649
0.921671
0.91577
0.909952
0.904223
0.898588
0.893054
0.887625
0.882307
0.877105
0.872025
0.867071
0.862248
0.857561
0.853015
0.848613
0.844361
0.840263
0.836323
0.832543
0.82893
0.825485
0.822212
0.819114
0.816195
0.813458
0.810904
0.808537
0.80636
0.804373
0.802579
0.80098
0.799577
0.798373
0.797367
0.796561
0.795956
0.795552
0.79535
0.996785
0.990358
0.983941
0.977539
0.971159
0.964809
0.958492
0.952217
0.945989
0.939814
0.933699
0.927649
0.921671
0.91577
0.909952
0.904223
0.898588
0.893054
0.887625
0.882307
0.877105
0.872025
0.867071
0.862248
0.857561
0.853015
0.848613
0.844361
0.840263
0.836323
0.832543
0.82893
0.825484
0.822212
0.819114
0.816195
0.813458
0.810904
0.808537
0.806359
0.804373
0.802579
0.80098
0.799577
0.798372
0.797367
0.796561
0.795956
0.795552
0.79535
0.996785
0.990358
0.983941
0.977539
0.971159
0.964809
0.958492
0.952217
0.945989
0.939814
0.933699
0.927649
0.921671
0.91577
0.909952
0.904223
0.898588
0.893054
0.887625
0.882307
0.877105
0.872025
0.867071
0.862248
0.857561
0.853015
0.848613
0.844361
0.840263
0.836323
0.832543
0.82893
0.825484
0.822212
0.819114
0.816195
0.813458
0.810904
0.808537
0.806359
0.804373
0.802579
0.80098
0.799577
0.798372
0.797367
0.796561
0.795956
0.795552
0.79535
0.996785
0.990358
0.983941
0.977539
0.971159
0.964809
0.958492
0.952217
0.945989
0.939814
0.933699
0.927649
0.921671
0.91577
0.909952
0.904223
0.898588
0.893054
0.887625
0.882307
0.877105
0.872025
0.867071
0.862248
0.857561
0.853015
0.848613
0.844361
0.840263
0.836323
0.832543
0.828929
0.825484
0.822212
0.819114
0.816195
0.813458
0.810904
0.808537
0.806359
0.804373
0.802579
0.80098
0.799577
0.798372
0.797367
0.796561
0.795956
0.795552
0.79535
0.996785
0.990358
0.983941
0.977539
0.971159
0.964809
0.958492
0.952217
0.945989
0.939814
0.933699
0.927649
0.921671
0.91577
0.909952
0.904223
0.898588
0.893054
0.887625
0.882307
0.877105
0.872025
0.867071
0.862248
0.857561
0.853015
0.848613
0.844361
0.840263
0.836322
0.832543
0.828929
0.825484
0.822212
0.819114
0.816195
0.813458
0.810904
0.808537
0.806359
0.804372
0.802579
0.80098
0.799577
0.798372
0.797366
0.796561
0.795956
0.795552
0.79535
0.996785
0.990358
0.983941
0.977539
0.971159
0.964809
0.958492
0.952217
0.945989
0.939814
0.933699
0.927649
0.921671
0.91577
0.909952
0.904223
0.898588
0.893054
0.887625
0.882307
0.877105
0.872025
0.867071
0.862248
0.857561
0.853015
0.848613
0.844361
0.840263
0.836322
0.832543
0.828929
0.825484
0.822211
0.819114
0.816195
0.813458
0.810904
0.808537
0.806359
0.804372
0.802579
0.80098
0.799577
0.798372
0.797366
0.796561
0.795955
0.795552
0.79535
0.996785
0.990358
0.983941
0.977539
0.971159
0.964809
0.958492
0.952217
0.945989
0.939814
0.933699
0.927649
0.921671
0.91577
0.909952
0.904223
0.898588
0.893054
0.887625
0.882307
0.877105
0.872025
0.867071
0.862248
0.857561
0.853015
0.848613
0.844361
0.840263
0.836322
0.832543
0.828929
0.825484
0.822211
0.819114
0.816195
0.813458
0.810904
0.808537
0.806359
0.804372
0.802579
0.80098
0.799577
0.798372
0.797366
0.79656
0.795955
0.795552
0.79535
0.996785
0.990358
0.983941
0.977539
0.97116
0.964809
0.958492
0.952217
0.945989
0.939814
0.933699
0.927649
0.921671
0.91577
0.909952
0.904223
0.898588
0.893054
0.887625
0.882307
0.877105
0.872025
0.867071
0.862248
0.857561
0.853015
0.848613
0.844361
0.840263
0.836322
0.832543
0.828929
0.825484
0.822211
0.819114
0.816195
0.813457
0.810904
0.808537
0.806359
0.804372
0.802578
0.800979
0.799577
0.798372
0.797366
0.79656
0.795955
0.795552
0.79535
0.996785
0.990358
0.983941
0.977539
0.97116
0.964809
0.958492
0.952217
0.945989
0.939814
0.933699
0.927649
0.921671
0.91577
0.909952
0.904223
0.898588
0.893054
0.887625
0.882307
0.877105
0.872025
0.867071
0.862248
0.857561
0.853015
0.848613
0.844361
0.840263
0.836322
0.832543
0.828929
0.825484
0.822211
0.819114
0.816195
0.813457
0.810904
0.808537
0.806359
0.804372
0.802578
0.800979
0.799577
0.798372
0.797366
0.79656
0.795955
0.795552
0.79535
0.996785
0.990358
0.983941
0.977539
0.97116
0.964809
0.958492
0.952217
0.945989
0.939814
0.933699
0.927649
0.921671
0.91577
0.909952
0.904223
0.898588
0.893054
0.887625
0.882307
0.877105
0.872025
0.867071
0.862248
0.857561
0.853015
0.848613
0.844361
0.840263
0.836322
0.832543
0.828929
0.825484
0.822211
0.819114
0.816195
0.813457
0.810904
0.808537
0.806359
0.804372
0.802578
0.800979
0.799577
0.798372
0.797366
0.79656
0.795955
0.795551
0.79535
0.996785
0.990358
0.983941
0.977539
0.97116
0.964809
0.958492
0.952217
0.945989
0.939814
0.933699
0.927649
0.921671
0.91577
0.909952
0.904223
0.898588
0.893054
0.887625
0.882307
0.877105
0.872025
0.867071
0.862248
0.857561
0.853015
0.848613
0.844361
0.840263
0.836322
0.832543
0.828929
0.825484
0.822211
0.819114
0.816195
0.813457
0.810904
0.808537
0.806359
0.804372
0.802578
0.800979
0.799577
0.798372
0.797366
0.79656
0.795955
0.795551
0.795349
0.996785
0.990358
0.983941
0.977539
0.97116
0.964809
0.958492
0.952217
0.945989
0.939814
0.933699
0.927649
0.921671
0.91577
0.909952
0.904223
0.898588
0.893054
0.887625
0.882307
0.877105
0.872025
0.867071
0.862248
0.857561
0.853015
0.848613
0.844361
0.840263
0.836322
0.832543
0.828929
0.825484
0.822211
0.819114
0.816195
0.813457
0.810904
0.808537
0.806359
0.804372
0.802578
0.800979
0.799577
0.798372
0.797366
0.79656
0.795955
0.795551
0.795349
0.996785
0.990358
0.983941
0.977539
0.97116
0.964809
0.958492
0.952217
0.945989
0.939814
0.933699
0.927649
0.921671
0.91577
0.909952
0.904223
0.898588
0.893054
0.887625
0.882307
0.877105
0.872025
0.867071
0.862248
0.857561
0.853015
0.848613
0.844361
0.840263
0.836322
0.832543
0.828929
0.825484
0.822211
0.819114
0.816195
0.813457
0.810904
0.808537
0.806359
0.804372
0.802578
0.800979
0.799577
0.798372
0.797366
0.79656
0.795955
0.795551
0.795349
0.996785
0.990358
0.983941
0.977539
0.97116
0.964809
0.958492
0.952217
0.945989
0.939814
0.933699
0.927649
0.921671
0.91577
0.909952
0.904223
0.898588
0.893054
0.887625
0.882307
0.877105
0.872025
0.867071
0.862248
0.857561
0.853015
0.848613
0.844361
0.840263
0.836322
0.832543
0.828929
0.825484
0.822211
0.819114
0.816195
0.813457
0.810904
0.808537
0.806359
0.804372
0.802578
0.800979
0.799577
0.798372
0.797366
0.79656
0.795955
0.795551
0.795349
0.996785
0.990358
0.983941
0.977539
0.97116
0.964809
0.958492
0.952217
0.945989
0.939814
0.933699
0.927649
0.921671
0.91577
0.909952
0.904223
0.898588
0.893054
0.887625
0.882307
0.877105
0.872025
0.867071
0.862248
0.857561
0.853015
0.848613
0.844361
0.840263
0.836322
0.832543
0.828929
0.825484
0.822211
0.819114
0.816195
0.813457
0.810904
0.808537
0.806359
0.804372
0.802578
0.800979
0.799577
0.798372
0.797366
0.79656
0.795955
0.795551
0.795349
0.996785
0.990358
0.983941
0.977539
0.97116
0.964809
0.958492
0.952217
0.945989
0.939814
0.933699
0.927649
0.921671
0.91577
0.909952
0.904223
0.898588
0.893054
0.887625
0.882307
0.877105
0.872025
0.867071
0.862248
0.857561
0.853015
0.848613
0.844361
0.840263
0.836322
0.832543
0.828929
0.825484
0.822211
0.819114
0.816195
0.813457
0.810904
0.808537
0.806359
0.804372
0.802578
0.800979
0.799577
0.798372
0.797366
0.79656
0.795955
0.795551
0.795349
0.996785
0.990358
0.983941
0.977539
0.97116
0.964809
0.958492
0.952217
0.945989
0.939814
0.933699
0.927649
0.921671
0.91577
0.909952
0.904223
0.898588
0.893054
0.887625
0.882307
0.877105
0.872025
0.867071
0.862248
0.857561
0.853015
0.848613
0.844361
0.840263
0.836322
0.832543
0.828929
0.825484
0.822211
0.819114
0.816195
0.813457
0.810904
0.808537
0.806359
0.804372
0.802578
0.800979
0.799577
0.798372
0.797366
0.79656
0.795955
0.795551
0.795349
)
;

boundaryField
{
    inlet
    {
        type            fixedValue;
        value           uniform 1;
    }
    outlet
    {
        type            zeroGradient;
    }
    lowerWall
    {
        type            zeroGradient;
    }
    upperWall
    {
        type            zeroGradient;
    }
    frontAndBack
    {
        type            empty;
    }
}


// ************************************************************************* //
