/*--------------------------------*- C++ -*----------------------------------*\
  =========                 |
  \\      /  F ield         | OpenFOAM: The Open Source CFD Toolbox
   \\    /   O peration     | Website:  https://openfoam.org
    \\  /    A nd           | Version:  12
     \\/     M anipulation  |
\*---------------------------------------------------------------------------*/
FoamFile
{
    format      ascii;
    class       volScalarField;
    location    "68";
    object      T;
}
// * * * * * * * * * * * * * * * * * * * * * * * * * * * * * * * * * * * * * //

dimensions      [0 0 0 1 0 0 0];

internalField   nonuniform List<scalar> 
1250
(
0.996187
0.988564
0.980953
0.97336
0.965794
0.958262
0.950771
0.943328
0.935941
0.928618
0.921365
0.91419
0.907099
0.9001
0.8932
0.886405
0.879723
0.873159
0.86672
0.860413
0.854243
0.848218
0.842342
0.836622
0.831063
0.825671
0.820451
0.815409
0.810548
0.805874
0.801392
0.797106
0.79302
0.789139
0.785465
0.782003
0.778756
0.775728
0.772921
0.770338
0.767982
0.765854
0.763958
0.762294
0.760865
0.759672
0.758717
0.757999
0.75752
0.757281
0.996187
0.988564
0.980953
0.97336
0.965794
0.958262
0.950771
0.943328
0.935941
0.928618
0.921365
0.91419
0.907099
0.9001
0.8932
0.886405
0.879723
0.873159
0.86672
0.860413
0.854243
0.848218
0.842342
0.836622
0.831063
0.825671
0.820451
0.815409
0.810548
0.805874
0.801392
0.797106
0.79302
0.789139
0.785465
0.782003
0.778756
0.775728
0.772921
0.770338
0.767982
0.765854
0.763958
0.762294
0.760865
0.759672
0.758717
0.757999
0.75752
0.757281
0.996187
0.988564
0.980953
0.97336
0.965794
0.958262
0.950771
0.943328
0.935941
0.928618
0.921365
0.91419
0.907099
0.9001
0.8932
0.886405
0.879723
0.873159
0.86672
0.860413
0.854243
0.848218
0.842342
0.836622
0.831063
0.825671
0.820451
0.815409
0.810548
0.805874
0.801392
0.797106
0.79302
0.789139
0.785465
0.782003
0.778756
0.775728
0.772921
0.770338
0.767981
0.765854
0.763958
0.762294
0.760865
0.759672
0.758717
0.757999
0.75752
0.757281
0.996187
0.988564
0.980953
0.97336
0.965794
0.958262
0.950771
0.943328
0.935941
0.928618
0.921365
0.91419
0.907099
0.9001
0.8932
0.886405
0.879723
0.873159
0.86672
0.860413
0.854243
0.848218
0.842342
0.836622
0.831063
0.825671
0.820451
0.815409
0.810548
0.805874
0.801392
0.797106
0.79302
0.789139
0.785465
0.782003
0.778756
0.775728
0.772921
0.770338
0.767981
0.765854
0.763958
0.762294
0.760865
0.759672
0.758717
0.757999
0.75752
0.757281
0.996187
0.988564
0.980953
0.97336
0.965794
0.958262
0.950771
0.943328
0.935941
0.928618
0.921365
0.91419
0.907099
0.9001
0.8932
0.886405
0.879723
0.873159
0.86672
0.860413
0.854243
0.848218
0.842342
0.836622
0.831063
0.825671
0.820451
0.815409
0.810548
0.805874
0.801392
0.797106
0.79302
0.789139
0.785465
0.782003
0.778756
0.775728
0.772921
0.770338
0.767981
0.765854
0.763958
0.762294
0.760865
0.759672
0.758717
0.757999
0.75752
0.757281
0.996187
0.988564
0.980953
0.97336
0.965794
0.958262
0.950771
0.943328
0.935941
0.928618
0.921365
0.91419
0.907099
0.9001
0.8932
0.886405
0.879723
0.873159
0.86672
0.860413
0.854243
0.848218
0.842342
0.836622
0.831063
0.825671
0.820451
0.815409
0.810548
0.805874
0.801392
0.797106
0.79302
0.789139
0.785465
0.782003
0.778756
0.775728
0.772921
0.770338
0.767981
0.765854
0.763958
0.762294
0.760865
0.759672
0.758717
0.757999
0.75752
0.757281
0.996187
0.988564
0.980953
0.97336
0.965794
0.958262
0.950771
0.943328
0.935941
0.928618
0.921365
0.91419
0.907099
0.9001
0.8932
0.886405
0.879723
0.873159
0.86672
0.860413
0.854243
0.848218
0.842342
0.836622
0.831063
0.825671
0.820451
0.815409
0.810548
0.805874
0.801392
0.797106
0.79302
0.789139
0.785465
0.782003
0.778756
0.775728
0.772921
0.770338
0.767981
0.765854
0.763958
0.762294
0.760865
0.759672
0.758717
0.757999
0.75752
0.757281
0.996187
0.988564
0.980953
0.97336
0.965794
0.958262
0.950771
0.943328
0.935941
0.928618
0.921365
0.91419
0.907099
0.9001
0.8932
0.886405
0.879723
0.873159
0.86672
0.860413
0.854243
0.848218
0.842342
0.836622
0.831063
0.825671
0.820451
0.815409
0.810548
0.805874
0.801392
0.797106
0.79302
0.789139
0.785465
0.782003
0.778756
0.775728
0.772921
0.770338
0.767981
0.765854
0.763957
0.762294
0.760865
0.759672
0.758716
0.757999
0.75752
0.75728
0.996187
0.988564
0.980953
0.97336
0.965794
0.958262
0.950771
0.943328
0.935941
0.928618
0.921365
0.91419
0.907099
0.9001
0.8932
0.886405
0.879723
0.873159
0.86672
0.860413
0.854243
0.848218
0.842342
0.836622
0.831063
0.825671
0.820451
0.815409
0.810548
0.805874
0.801392
0.797106
0.79302
0.789138
0.785465
0.782003
0.778756
0.775728
0.772921
0.770338
0.767981
0.765854
0.763957
0.762294
0.760865
0.759672
0.758716
0.757999
0.75752
0.75728
0.996187
0.988564
0.980953
0.97336
0.965794
0.958262
0.950771
0.943328
0.935941
0.928618
0.921365
0.91419
0.907099
0.9001
0.8932
0.886405
0.879723
0.873159
0.86672
0.860413
0.854243
0.848218
0.842342
0.836622
0.831063
0.825671
0.820451
0.815409
0.810548
0.805874
0.801392
0.797106
0.79302
0.789138
0.785465
0.782003
0.778756
0.775728
0.772921
0.770338
0.767981
0.765854
0.763957
0.762294
0.760865
0.759672
0.758716
0.757999
0.75752
0.75728
0.996187
0.988564
0.980953
0.97336
0.965794
0.958262
0.950771
0.943328
0.935941
0.928618
0.921365
0.91419
0.907099
0.9001
0.8932
0.886405
0.879723
0.873159
0.86672
0.860413
0.854243
0.848218
0.842342
0.836622
0.831063
0.825671
0.820451
0.815409
0.810548
0.805874
0.801392
0.797106
0.79302
0.789138
0.785465
0.782003
0.778756
0.775728
0.772921
0.770338
0.767981
0.765854
0.763957
0.762294
0.760865
0.759672
0.758716
0.757999
0.75752
0.75728
0.996187
0.988564
0.980953
0.97336
0.965794
0.958262
0.950771
0.943328
0.935941
0.928618
0.921365
0.91419
0.907099
0.9001
0.8932
0.886405
0.879723
0.873159
0.86672
0.860413
0.854243
0.848218
0.842342
0.836622
0.831063
0.825671
0.820451
0.815409
0.810548
0.805874
0.801392
0.797106
0.79302
0.789138
0.785465
0.782003
0.778756
0.775728
0.772921
0.770337
0.767981
0.765854
0.763957
0.762294
0.760865
0.759672
0.758716
0.757998
0.75752
0.75728
0.996187
0.988564
0.980953
0.97336
0.965794
0.958262
0.950771
0.943328
0.935941
0.928618
0.921365
0.91419
0.907099
0.9001
0.8932
0.886405
0.879723
0.873159
0.86672
0.860413
0.854243
0.848218
0.842342
0.836622
0.831063
0.825671
0.820451
0.815408
0.810548
0.805874
0.801392
0.797106
0.79302
0.789138
0.785465
0.782003
0.778756
0.775728
0.77292
0.770337
0.767981
0.765853
0.763957
0.762294
0.760865
0.759672
0.758716
0.757998
0.75752
0.75728
0.996187
0.988564
0.980953
0.97336
0.965794
0.958262
0.950771
0.943328
0.935941
0.928618
0.921365
0.91419
0.907099
0.9001
0.8932
0.886405
0.879723
0.873159
0.86672
0.860413
0.854243
0.848218
0.842342
0.836622
0.831063
0.825671
0.820451
0.815408
0.810548
0.805874
0.801392
0.797106
0.79302
0.789138
0.785465
0.782003
0.778756
0.775728
0.77292
0.770337
0.767981
0.765853
0.763957
0.762294
0.760865
0.759672
0.758716
0.757998
0.75752
0.75728
0.996187
0.988564
0.980953
0.97336
0.965794
0.958262
0.950771
0.943328
0.935941
0.928618
0.921365
0.91419
0.907099
0.9001
0.8932
0.886405
0.879723
0.873159
0.86672
0.860413
0.854243
0.848218
0.842342
0.836622
0.831063
0.825671
0.820451
0.815408
0.810548
0.805874
0.801392
0.797106
0.79302
0.789138
0.785465
0.782003
0.778756
0.775727
0.77292
0.770337
0.767981
0.765853
0.763957
0.762293
0.760865
0.759672
0.758716
0.757998
0.757519
0.75728
0.996187
0.988564
0.980953
0.97336
0.965794
0.958262
0.950771
0.943328
0.935941
0.928618
0.921365
0.91419
0.907099
0.9001
0.8932
0.886405
0.879723
0.873159
0.86672
0.860413
0.854243
0.848218
0.842342
0.836622
0.831063
0.825671
0.820451
0.815408
0.810548
0.805874
0.801392
0.797106
0.79302
0.789138
0.785465
0.782003
0.778756
0.775727
0.77292
0.770337
0.767981
0.765853
0.763957
0.762293
0.760864
0.759672
0.758716
0.757998
0.757519
0.75728
0.996187
0.988564
0.980953
0.97336
0.965794
0.958262
0.950771
0.943328
0.935941
0.928618
0.921365
0.91419
0.907099
0.9001
0.8932
0.886405
0.879723
0.873159
0.86672
0.860413
0.854243
0.848218
0.842342
0.836622
0.831063
0.825671
0.820451
0.815408
0.810548
0.805874
0.801392
0.797106
0.79302
0.789138
0.785465
0.782003
0.778756
0.775727
0.77292
0.770337
0.767981
0.765853
0.763957
0.762293
0.760864
0.759671
0.758716
0.757998
0.757519
0.75728
0.996187
0.988564
0.980953
0.97336
0.965794
0.958262
0.950771
0.943328
0.935941
0.928618
0.921365
0.91419
0.907099
0.9001
0.8932
0.886405
0.879723
0.873159
0.86672
0.860413
0.854243
0.848218
0.842342
0.836622
0.831063
0.825671
0.820451
0.815408
0.810548
0.805874
0.801392
0.797106
0.79302
0.789138
0.785464
0.782003
0.778756
0.775727
0.77292
0.770337
0.767981
0.765853
0.763957
0.762293
0.760864
0.759671
0.758716
0.757998
0.757519
0.75728
0.996187
0.988564
0.980953
0.97336
0.965794
0.958262
0.950771
0.943328
0.935941
0.928618
0.921365
0.91419
0.907099
0.9001
0.8932
0.886405
0.879723
0.873159
0.86672
0.860413
0.854243
0.848218
0.842342
0.836622
0.831063
0.825671
0.820451
0.815408
0.810548
0.805874
0.801392
0.797106
0.79302
0.789138
0.785464
0.782003
0.778756
0.775727
0.77292
0.770337
0.767981
0.765853
0.763957
0.762293
0.760864
0.759671
0.758716
0.757998
0.757519
0.75728
0.996187
0.988564
0.980953
0.97336
0.965794
0.958262
0.950771
0.943328
0.935941
0.928618
0.921365
0.91419
0.907099
0.9001
0.8932
0.886405
0.879723
0.873159
0.86672
0.860413
0.854243
0.848218
0.842342
0.836622
0.831063
0.825671
0.820451
0.815408
0.810548
0.805874
0.801392
0.797106
0.79302
0.789138
0.785464
0.782003
0.778756
0.775727
0.77292
0.770337
0.767981
0.765853
0.763957
0.762293
0.760864
0.759671
0.758716
0.757998
0.757519
0.75728
0.996187
0.988564
0.980953
0.973361
0.965794
0.958262
0.950771
0.943328
0.935941
0.928618
0.921365
0.91419
0.907099
0.9001
0.8932
0.886405
0.879723
0.873159
0.86672
0.860413
0.854243
0.848218
0.842342
0.836622
0.831063
0.825671
0.820451
0.815408
0.810548
0.805874
0.801392
0.797106
0.79302
0.789138
0.785464
0.782002
0.778756
0.775727
0.77292
0.770337
0.76798
0.765853
0.763957
0.762293
0.760864
0.759671
0.758716
0.757998
0.757519
0.75728
0.996187
0.988564
0.980953
0.973361
0.965794
0.958262
0.950771
0.943328
0.935941
0.928618
0.921365
0.91419
0.907099
0.9001
0.8932
0.886405
0.879723
0.873159
0.86672
0.860413
0.854243
0.848218
0.842342
0.836622
0.831063
0.825671
0.820451
0.815408
0.810548
0.805874
0.801392
0.797106
0.79302
0.789138
0.785464
0.782002
0.778756
0.775727
0.77292
0.770337
0.76798
0.765853
0.763957
0.762293
0.760864
0.759671
0.758716
0.757998
0.757519
0.75728
0.996187
0.988564
0.980953
0.973361
0.965794
0.958262
0.950771
0.943328
0.935941
0.928618
0.921365
0.91419
0.907099
0.9001
0.8932
0.886405
0.879723
0.873159
0.86672
0.860413
0.854243
0.848218
0.842342
0.836622
0.831063
0.825671
0.820451
0.815408
0.810548
0.805874
0.801392
0.797106
0.79302
0.789138
0.785464
0.782002
0.778756
0.775727
0.77292
0.770337
0.76798
0.765853
0.763957
0.762293
0.760864
0.759671
0.758715
0.757998
0.757519
0.75728
0.996187
0.988564
0.980953
0.973361
0.965794
0.958262
0.950771
0.943328
0.935942
0.928618
0.921365
0.91419
0.907099
0.9001
0.8932
0.886405
0.879723
0.873159
0.86672
0.860413
0.854243
0.848218
0.842342
0.836622
0.831063
0.825671
0.820451
0.815408
0.810548
0.805874
0.801392
0.797106
0.79302
0.789138
0.785464
0.782002
0.778756
0.775727
0.77292
0.770337
0.76798
0.765853
0.763957
0.762293
0.760864
0.759671
0.758715
0.757998
0.757519
0.757279
0.996187
0.988564
0.980953
0.973361
0.965794
0.958262
0.950771
0.943328
0.935942
0.928618
0.921365
0.91419
0.907099
0.9001
0.8932
0.886405
0.879723
0.873159
0.86672
0.860413
0.854243
0.848218
0.842342
0.836622
0.831063
0.825671
0.820451
0.815408
0.810548
0.805874
0.801392
0.797106
0.79302
0.789138
0.785464
0.782002
0.778756
0.775727
0.77292
0.770337
0.76798
0.765853
0.763957
0.762293
0.760864
0.759671
0.758715
0.757998
0.757519
0.757279
)
;

boundaryField
{
    inlet
    {
        type            fixedValue;
        value           uniform 1;
    }
    outlet
    {
        type            zeroGradient;
    }
    lowerWall
    {
        type            zeroGradient;
    }
    upperWall
    {
        type            zeroGradient;
    }
    frontAndBack
    {
        type            empty;
    }
}


// ************************************************************************* //
