/*--------------------------------*- C++ -*----------------------------------*\
  =========                 |
  \\      /  F ield         | OpenFOAM: The Open Source CFD Toolbox
   \\    /   O peration     | Website:  https://openfoam.org
    \\  /    A nd           | Version:  12
     \\/     M anipulation  |
\*---------------------------------------------------------------------------*/
FoamFile
{
    format      ascii;
    class       volScalarField;
    location    "81";
    object      T;
}
// * * * * * * * * * * * * * * * * * * * * * * * * * * * * * * * * * * * * * //

dimensions      [0 0 0 1 0 0 0];

internalField   nonuniform List<scalar> 
1250
(
0.997222
0.99167
0.986125
0.980595
0.975083
0.969596
0.964139
0.958718
0.953337
0.948002
0.942719
0.937492
0.932327
0.927229
0.922202
0.917253
0.912385
0.907603
0.902913
0.898319
0.893825
0.889435
0.885155
0.880989
0.876939
0.873011
0.869209
0.865535
0.861995
0.85859
0.855325
0.852203
0.849227
0.846399
0.843723
0.841201
0.838836
0.83663
0.834585
0.832704
0.830987
0.829437
0.828056
0.826844
0.825803
0.824934
0.824238
0.823715
0.823367
0.823192
0.997222
0.99167
0.986125
0.980595
0.975083
0.969596
0.964139
0.958718
0.953337
0.948002
0.942719
0.937492
0.932327
0.927229
0.922202
0.917253
0.912385
0.907603
0.902913
0.898319
0.893825
0.889435
0.885155
0.880989
0.876939
0.873011
0.869209
0.865535
0.861995
0.85859
0.855325
0.852203
0.849227
0.846399
0.843723
0.841201
0.838836
0.83663
0.834585
0.832704
0.830987
0.829437
0.828056
0.826844
0.825803
0.824934
0.824238
0.823715
0.823366
0.823192
0.997222
0.99167
0.986125
0.980595
0.975083
0.969596
0.964139
0.958718
0.953337
0.948002
0.942719
0.937492
0.932327
0.927229
0.922202
0.917253
0.912385
0.907603
0.902913
0.898319
0.893825
0.889435
0.885155
0.880988
0.876939
0.873011
0.869209
0.865535
0.861995
0.85859
0.855325
0.852203
0.849227
0.846399
0.843723
0.841201
0.838836
0.83663
0.834585
0.832704
0.830987
0.829437
0.828056
0.826844
0.825803
0.824934
0.824238
0.823715
0.823366
0.823192
0.997222
0.99167
0.986125
0.980595
0.975083
0.969596
0.964139
0.958718
0.953337
0.948002
0.942719
0.937492
0.932327
0.927229
0.922202
0.917253
0.912385
0.907603
0.902913
0.898319
0.893825
0.889435
0.885155
0.880988
0.876939
0.873011
0.869209
0.865535
0.861995
0.85859
0.855325
0.852203
0.849227
0.846399
0.843723
0.841201
0.838836
0.83663
0.834585
0.832704
0.830987
0.829437
0.828056
0.826844
0.825803
0.824934
0.824238
0.823715
0.823366
0.823192
0.997222
0.99167
0.986125
0.980595
0.975083
0.969596
0.964139
0.958718
0.953337
0.948002
0.942719
0.937492
0.932327
0.927229
0.922202
0.917253
0.912385
0.907603
0.902913
0.898319
0.893825
0.889435
0.885155
0.880988
0.876939
0.873011
0.869209
0.865535
0.861995
0.85859
0.855325
0.852203
0.849227
0.846399
0.843723
0.841201
0.838836
0.83663
0.834585
0.832704
0.830987
0.829437
0.828056
0.826844
0.825803
0.824934
0.824238
0.823715
0.823366
0.823192
0.997222
0.99167
0.986125
0.980595
0.975083
0.969596
0.964139
0.958718
0.953337
0.948002
0.942719
0.937492
0.932327
0.927229
0.922202
0.917253
0.912385
0.907603
0.902913
0.898319
0.893825
0.889435
0.885155
0.880988
0.876939
0.873011
0.869209
0.865535
0.861995
0.85859
0.855325
0.852203
0.849227
0.846399
0.843723
0.841201
0.838836
0.83663
0.834585
0.832704
0.830987
0.829437
0.828056
0.826844
0.825803
0.824934
0.824238
0.823715
0.823366
0.823192
0.997222
0.99167
0.986125
0.980595
0.975083
0.969596
0.964139
0.958718
0.953337
0.948002
0.942719
0.937492
0.932327
0.927229
0.922202
0.917253
0.912385
0.907603
0.902913
0.898319
0.893825
0.889435
0.885155
0.880988
0.876939
0.873011
0.869209
0.865535
0.861995
0.85859
0.855325
0.852203
0.849227
0.846399
0.843723
0.841201
0.838836
0.83663
0.834585
0.832704
0.830987
0.829437
0.828056
0.826844
0.825803
0.824934
0.824238
0.823715
0.823366
0.823192
0.997222
0.99167
0.986125
0.980595
0.975083
0.969596
0.964139
0.958718
0.953337
0.948002
0.942719
0.937492
0.932327
0.927229
0.922202
0.917253
0.912385
0.907603
0.902913
0.898319
0.893825
0.889435
0.885155
0.880988
0.876939
0.873011
0.869209
0.865535
0.861995
0.85859
0.855325
0.852203
0.849227
0.846399
0.843723
0.841201
0.838836
0.83663
0.834585
0.832703
0.830987
0.829437
0.828056
0.826844
0.825803
0.824934
0.824238
0.823715
0.823366
0.823192
0.997222
0.99167
0.986125
0.980595
0.975083
0.969596
0.964139
0.958718
0.953337
0.948002
0.942719
0.937492
0.932327
0.927229
0.922202
0.917253
0.912385
0.907603
0.902913
0.898319
0.893825
0.889435
0.885155
0.880988
0.876939
0.873011
0.869209
0.865535
0.861995
0.85859
0.855325
0.852203
0.849227
0.846399
0.843723
0.841201
0.838836
0.83663
0.834585
0.832703
0.830987
0.829437
0.828056
0.826844
0.825803
0.824934
0.824238
0.823715
0.823366
0.823192
0.997222
0.99167
0.986125
0.980595
0.975083
0.969596
0.964139
0.958718
0.953337
0.948002
0.942719
0.937492
0.932327
0.927229
0.922202
0.917253
0.912385
0.907603
0.902913
0.898319
0.893825
0.889435
0.885155
0.880988
0.876939
0.873011
0.869209
0.865535
0.861995
0.85859
0.855325
0.852203
0.849227
0.846399
0.843723
0.841201
0.838836
0.83663
0.834585
0.832703
0.830987
0.829437
0.828056
0.826844
0.825803
0.824934
0.824238
0.823715
0.823366
0.823192
0.997222
0.99167
0.986125
0.980595
0.975083
0.969596
0.964139
0.958718
0.953337
0.948002
0.942719
0.937492
0.932327
0.927229
0.922202
0.917253
0.912385
0.907603
0.902913
0.898319
0.893825
0.889435
0.885155
0.880988
0.876939
0.873011
0.869209
0.865535
0.861995
0.85859
0.855325
0.852203
0.849227
0.846399
0.843723
0.841201
0.838836
0.83663
0.834585
0.832703
0.830987
0.829437
0.828056
0.826844
0.825803
0.824934
0.824238
0.823715
0.823366
0.823192
0.997222
0.99167
0.986125
0.980595
0.975083
0.969596
0.964139
0.958718
0.953337
0.948002
0.942719
0.937492
0.932327
0.927229
0.922202
0.917253
0.912385
0.907603
0.902913
0.898319
0.893825
0.889435
0.885155
0.880988
0.876939
0.873011
0.869209
0.865535
0.861995
0.85859
0.855325
0.852203
0.849227
0.846399
0.843723
0.841201
0.838836
0.83663
0.834585
0.832703
0.830987
0.829437
0.828056
0.826844
0.825803
0.824934
0.824238
0.823715
0.823366
0.823192
0.997222
0.99167
0.986125
0.980595
0.975083
0.969596
0.964139
0.958718
0.953337
0.948002
0.942719
0.937492
0.932327
0.927229
0.922202
0.917253
0.912385
0.907603
0.902913
0.898319
0.893825
0.889435
0.885155
0.880988
0.876939
0.873011
0.869209
0.865535
0.861995
0.85859
0.855325
0.852203
0.849226
0.846399
0.843723
0.841201
0.838836
0.83663
0.834585
0.832703
0.830987
0.829437
0.828055
0.826844
0.825803
0.824934
0.824238
0.823715
0.823366
0.823192
0.997222
0.99167
0.986125
0.980595
0.975083
0.969596
0.964139
0.958718
0.953337
0.948002
0.942719
0.937492
0.932327
0.927229
0.922202
0.917253
0.912385
0.907603
0.902913
0.898319
0.893825
0.889435
0.885155
0.880988
0.876939
0.873011
0.869209
0.865535
0.861995
0.85859
0.855325
0.852203
0.849226
0.846399
0.843723
0.841201
0.838836
0.83663
0.834585
0.832703
0.830987
0.829437
0.828055
0.826844
0.825803
0.824934
0.824238
0.823715
0.823366
0.823191
0.997222
0.99167
0.986125
0.980595
0.975083
0.969596
0.964139
0.958718
0.953337
0.948002
0.942719
0.937492
0.932327
0.927229
0.922202
0.917253
0.912385
0.907603
0.902913
0.898319
0.893825
0.889435
0.885155
0.880988
0.876939
0.873011
0.869209
0.865535
0.861995
0.85859
0.855325
0.852203
0.849226
0.846399
0.843723
0.841201
0.838836
0.83663
0.834585
0.832703
0.830987
0.829437
0.828055
0.826844
0.825803
0.824934
0.824237
0.823715
0.823366
0.823191
0.997222
0.99167
0.986125
0.980595
0.975083
0.969596
0.964139
0.958718
0.953337
0.948002
0.942719
0.937492
0.932327
0.927229
0.922202
0.917253
0.912385
0.907603
0.902913
0.898319
0.893825
0.889435
0.885155
0.880988
0.876939
0.873011
0.869209
0.865535
0.861995
0.85859
0.855325
0.852203
0.849226
0.846399
0.843723
0.841201
0.838836
0.83663
0.834585
0.832703
0.830987
0.829437
0.828055
0.826844
0.825803
0.824934
0.824237
0.823715
0.823366
0.823191
0.997222
0.99167
0.986125
0.980595
0.975083
0.969596
0.964139
0.958718
0.953337
0.948002
0.942719
0.937492
0.932327
0.927229
0.922202
0.917253
0.912385
0.907603
0.902913
0.898319
0.893825
0.889435
0.885155
0.880988
0.876939
0.873011
0.869209
0.865535
0.861995
0.85859
0.855325
0.852203
0.849226
0.846399
0.843723
0.841201
0.838836
0.83663
0.834585
0.832703
0.830986
0.829437
0.828055
0.826843
0.825803
0.824934
0.824237
0.823715
0.823366
0.823191
0.997222
0.99167
0.986125
0.980595
0.975083
0.969596
0.964139
0.958718
0.953337
0.948002
0.942719
0.937492
0.932327
0.927229
0.922202
0.917253
0.912385
0.907603
0.902913
0.898319
0.893825
0.889435
0.885155
0.880988
0.876939
0.873011
0.869209
0.865535
0.861995
0.85859
0.855325
0.852203
0.849226
0.846399
0.843723
0.841201
0.838836
0.83663
0.834585
0.832703
0.830986
0.829437
0.828055
0.826843
0.825803
0.824934
0.824237
0.823715
0.823366
0.823191
0.997222
0.99167
0.986125
0.980595
0.975083
0.969596
0.964139
0.958718
0.953337
0.948002
0.942719
0.937492
0.932327
0.927229
0.922202
0.917253
0.912385
0.907603
0.902913
0.898319
0.893825
0.889435
0.885155
0.880988
0.876939
0.873011
0.869209
0.865535
0.861995
0.85859
0.855325
0.852203
0.849226
0.846399
0.843723
0.841201
0.838836
0.83663
0.834585
0.832703
0.830986
0.829437
0.828055
0.826843
0.825802
0.824933
0.824237
0.823715
0.823366
0.823191
0.997222
0.99167
0.986125
0.980595
0.975083
0.969596
0.964139
0.958718
0.953337
0.948002
0.942719
0.937492
0.932327
0.927229
0.922202
0.917253
0.912385
0.907603
0.902913
0.898319
0.893825
0.889435
0.885155
0.880988
0.876939
0.873011
0.869209
0.865535
0.861995
0.85859
0.855325
0.852203
0.849226
0.846399
0.843723
0.841201
0.838836
0.836629
0.834585
0.832703
0.830986
0.829437
0.828055
0.826843
0.825802
0.824933
0.824237
0.823714
0.823366
0.823191
0.997222
0.99167
0.986125
0.980595
0.975083
0.969596
0.964139
0.958718
0.953337
0.948002
0.942719
0.937492
0.932327
0.927229
0.922202
0.917253
0.912385
0.907603
0.902913
0.898319
0.893825
0.889435
0.885155
0.880988
0.876939
0.873011
0.869209
0.865535
0.861995
0.85859
0.855325
0.852203
0.849226
0.846399
0.843723
0.841201
0.838836
0.836629
0.834585
0.832703
0.830986
0.829437
0.828055
0.826843
0.825802
0.824933
0.824237
0.823714
0.823366
0.823191
0.997222
0.99167
0.986125
0.980595
0.975083
0.969596
0.964139
0.958718
0.953337
0.948002
0.942719
0.937492
0.932327
0.927229
0.922202
0.917253
0.912385
0.907603
0.902913
0.898319
0.893825
0.889435
0.885155
0.880988
0.876939
0.873011
0.869209
0.865535
0.861995
0.85859
0.855325
0.852203
0.849226
0.846399
0.843723
0.841201
0.838836
0.836629
0.834585
0.832703
0.830986
0.829437
0.828055
0.826843
0.825802
0.824933
0.824237
0.823714
0.823366
0.823191
0.997222
0.99167
0.986125
0.980595
0.975083
0.969596
0.964139
0.958718
0.953337
0.948002
0.942719
0.937492
0.932327
0.927229
0.922202
0.917253
0.912385
0.907603
0.902913
0.898319
0.893825
0.889435
0.885155
0.880989
0.876939
0.873011
0.869209
0.865535
0.861995
0.85859
0.855325
0.852203
0.849226
0.846399
0.843723
0.841201
0.838836
0.836629
0.834585
0.832703
0.830986
0.829437
0.828055
0.826843
0.825802
0.824933
0.824237
0.823714
0.823366
0.823191
0.997222
0.99167
0.986125
0.980595
0.975083
0.969596
0.964139
0.958718
0.953337
0.948002
0.942719
0.937492
0.932327
0.927229
0.922202
0.917253
0.912385
0.907603
0.902913
0.898319
0.893825
0.889435
0.885155
0.880989
0.876939
0.873011
0.869209
0.865535
0.861995
0.85859
0.855325
0.852203
0.849226
0.846399
0.843723
0.841201
0.838836
0.836629
0.834585
0.832703
0.830986
0.829436
0.828055
0.826843
0.825802
0.824933
0.824237
0.823714
0.823366
0.823191
0.997222
0.99167
0.986125
0.980595
0.975083
0.969596
0.964139
0.958718
0.953337
0.948002
0.942719
0.937492
0.932327
0.927229
0.922203
0.917253
0.912385
0.907603
0.902913
0.898319
0.893825
0.889435
0.885155
0.880989
0.876939
0.873011
0.869209
0.865535
0.861995
0.85859
0.855325
0.852203
0.849226
0.846399
0.843723
0.841201
0.838836
0.836629
0.834584
0.832703
0.830986
0.829436
0.828055
0.826843
0.825802
0.824933
0.824237
0.823714
0.823366
0.823191
)
;

boundaryField
{
    inlet
    {
        type            fixedValue;
        value           uniform 1;
    }
    outlet
    {
        type            zeroGradient;
    }
    lowerWall
    {
        type            zeroGradient;
    }
    upperWall
    {
        type            zeroGradient;
    }
    frontAndBack
    {
        type            empty;
    }
}


// ************************************************************************* //
