/*--------------------------------*- C++ -*----------------------------------*\
  =========                 |
  \\      /  F ield         | OpenFOAM: The Open Source CFD Toolbox
   \\    /   O peration     | Website:  https://openfoam.org
    \\  /    A nd           | Version:  12
     \\/     M anipulation  |
\*---------------------------------------------------------------------------*/
FoamFile
{
    format      ascii;
    class       volScalarField;
    location    "40";
    object      T;
}
// * * * * * * * * * * * * * * * * * * * * * * * * * * * * * * * * * * * * * //

dimensions      [0 0 0 1 0 0 0];

internalField   nonuniform List<scalar> 
1250
(
0.992448
0.977353
0.962279
0.947244
0.93226
0.917345
0.902511
0.887774
0.873148
0.858649
0.84429
0.830086
0.81605
0.802197
0.78854
0.775094
0.76187
0.748882
0.736144
0.723667
0.711464
0.699546
0.687927
0.676616
0.665625
0.654965
0.644647
0.634679
0.625073
0.615838
0.606981
0.598513
0.590442
0.582774
0.575519
0.568682
0.56227
0.55629
0.550748
0.545648
0.540996
0.536796
0.533053
0.529769
0.526949
0.524595
0.522708
0.521292
0.520347
0.519875
0.992448
0.977353
0.962279
0.947244
0.93226
0.917345
0.902511
0.887774
0.873148
0.858649
0.84429
0.830086
0.81605
0.802197
0.78854
0.775094
0.76187
0.748882
0.736144
0.723667
0.711464
0.699546
0.687927
0.676616
0.665625
0.654965
0.644647
0.634679
0.625073
0.615838
0.606982
0.598513
0.590442
0.582774
0.575519
0.568682
0.56227
0.55629
0.550748
0.545648
0.540996
0.536796
0.533053
0.529769
0.526949
0.524595
0.522708
0.521292
0.520347
0.519874
0.992448
0.977353
0.962279
0.947244
0.93226
0.917345
0.902511
0.887774
0.873148
0.858649
0.84429
0.830086
0.81605
0.802197
0.78854
0.775094
0.76187
0.748882
0.736144
0.723667
0.711464
0.699546
0.687927
0.676616
0.665625
0.654965
0.644647
0.634679
0.625073
0.615838
0.606982
0.598513
0.590442
0.582774
0.575519
0.568682
0.56227
0.55629
0.550748
0.545648
0.540996
0.536796
0.533053
0.529769
0.526949
0.524595
0.522708
0.521292
0.520347
0.519874
0.992448
0.977353
0.962279
0.947244
0.93226
0.917345
0.902511
0.887774
0.873148
0.858649
0.84429
0.830086
0.81605
0.802197
0.78854
0.775094
0.76187
0.748882
0.736144
0.723667
0.711464
0.699546
0.687927
0.676616
0.665625
0.654965
0.644647
0.634679
0.625073
0.615838
0.606982
0.598513
0.590442
0.582774
0.575519
0.568682
0.56227
0.55629
0.550748
0.545648
0.540996
0.536796
0.533053
0.529769
0.526949
0.524595
0.522708
0.521292
0.520347
0.519874
0.992448
0.977353
0.962279
0.947244
0.93226
0.917345
0.902511
0.887774
0.873148
0.858649
0.84429
0.830086
0.81605
0.802197
0.78854
0.775094
0.76187
0.748882
0.736144
0.723667
0.711464
0.699546
0.687927
0.676616
0.665625
0.654965
0.644647
0.634679
0.625073
0.615838
0.606981
0.598513
0.590442
0.582774
0.575519
0.568682
0.56227
0.55629
0.550748
0.545648
0.540996
0.536796
0.533053
0.529769
0.526949
0.524595
0.522708
0.521292
0.520347
0.519874
0.992448
0.977353
0.962279
0.947244
0.93226
0.917345
0.902511
0.887774
0.873148
0.858649
0.84429
0.830086
0.81605
0.802197
0.78854
0.775094
0.76187
0.748882
0.736144
0.723667
0.711464
0.699546
0.687927
0.676616
0.665625
0.654965
0.644647
0.634679
0.625073
0.615838
0.606981
0.598513
0.590442
0.582774
0.575519
0.568682
0.56227
0.55629
0.550748
0.545648
0.540996
0.536796
0.533053
0.529769
0.526949
0.524594
0.522708
0.521292
0.520347
0.519874
0.992448
0.977353
0.962279
0.947244
0.93226
0.917345
0.902511
0.887774
0.873148
0.858649
0.84429
0.830086
0.81605
0.802197
0.78854
0.775094
0.76187
0.748882
0.736144
0.723667
0.711464
0.699546
0.687927
0.676616
0.665625
0.654965
0.644647
0.634679
0.625073
0.615838
0.606981
0.598513
0.590442
0.582774
0.575519
0.568682
0.56227
0.55629
0.550747
0.545648
0.540996
0.536796
0.533053
0.529769
0.526949
0.524594
0.522708
0.521292
0.520347
0.519874
0.992448
0.977353
0.962279
0.947244
0.93226
0.917345
0.902511
0.887774
0.873148
0.858649
0.84429
0.830086
0.81605
0.802197
0.78854
0.775094
0.76187
0.748882
0.736144
0.723667
0.711464
0.699546
0.687927
0.676616
0.665625
0.654965
0.644647
0.634679
0.625073
0.615838
0.606981
0.598513
0.590442
0.582774
0.575519
0.568682
0.56227
0.55629
0.550747
0.545648
0.540996
0.536796
0.533052
0.529769
0.526949
0.524594
0.522708
0.521292
0.520347
0.519874
0.992448
0.977353
0.962279
0.947244
0.93226
0.917345
0.902511
0.887774
0.873148
0.858649
0.84429
0.830086
0.81605
0.802197
0.78854
0.775094
0.76187
0.748882
0.736144
0.723667
0.711464
0.699546
0.687927
0.676616
0.665625
0.654965
0.644647
0.634679
0.625073
0.615838
0.606981
0.598513
0.590442
0.582774
0.575518
0.568681
0.56227
0.55629
0.550747
0.545647
0.540995
0.536796
0.533052
0.529769
0.526949
0.524594
0.522708
0.521291
0.520346
0.519874
0.992448
0.977353
0.962279
0.947244
0.93226
0.917345
0.902511
0.887774
0.873148
0.858649
0.84429
0.830086
0.81605
0.802197
0.78854
0.775094
0.76187
0.748882
0.736144
0.723667
0.711464
0.699546
0.687927
0.676616
0.665625
0.654965
0.644647
0.634679
0.625073
0.615838
0.606981
0.598513
0.590442
0.582774
0.575518
0.568681
0.56227
0.55629
0.550747
0.545647
0.540995
0.536796
0.533052
0.529769
0.526948
0.524594
0.522708
0.521291
0.520346
0.519874
0.992448
0.977353
0.962279
0.947244
0.93226
0.917345
0.902511
0.887774
0.873148
0.858649
0.84429
0.830086
0.81605
0.802197
0.78854
0.775094
0.76187
0.748882
0.736144
0.723667
0.711464
0.699546
0.687927
0.676616
0.665625
0.654965
0.644647
0.634679
0.625073
0.615838
0.606981
0.598513
0.590442
0.582774
0.575518
0.568681
0.56227
0.55629
0.550747
0.545647
0.540995
0.536795
0.533052
0.529769
0.526948
0.524594
0.522707
0.521291
0.520346
0.519873
0.992448
0.977353
0.962279
0.947244
0.93226
0.917345
0.902511
0.887774
0.873148
0.858649
0.84429
0.830086
0.81605
0.802197
0.78854
0.775094
0.76187
0.748882
0.736144
0.723667
0.711464
0.699546
0.687927
0.676616
0.665625
0.654965
0.644647
0.634679
0.625073
0.615838
0.606981
0.598513
0.590442
0.582774
0.575518
0.568681
0.56227
0.55629
0.550747
0.545647
0.540995
0.536795
0.533052
0.529768
0.526948
0.524594
0.522707
0.521291
0.520346
0.519873
0.992448
0.977353
0.962279
0.947244
0.93226
0.917345
0.902511
0.887774
0.873148
0.858649
0.84429
0.830086
0.81605
0.802197
0.78854
0.775094
0.76187
0.748882
0.736144
0.723667
0.711464
0.699546
0.687927
0.676616
0.665625
0.654965
0.644647
0.634679
0.625073
0.615837
0.606981
0.598513
0.590441
0.582774
0.575518
0.568681
0.562269
0.556289
0.550747
0.545647
0.540995
0.536795
0.533052
0.529768
0.526948
0.524593
0.522707
0.521291
0.520346
0.519873
0.992448
0.977353
0.962279
0.947244
0.932261
0.917345
0.902511
0.887774
0.873148
0.858649
0.84429
0.830086
0.81605
0.802197
0.78854
0.775094
0.76187
0.748882
0.736144
0.723667
0.711464
0.699546
0.687927
0.676616
0.665625
0.654965
0.644647
0.634679
0.625073
0.615837
0.606981
0.598513
0.590441
0.582774
0.575518
0.568681
0.562269
0.556289
0.550747
0.545647
0.540995
0.536795
0.533052
0.529768
0.526948
0.524593
0.522707
0.521291
0.520346
0.519873
0.992448
0.977353
0.962279
0.947244
0.932261
0.917345
0.902511
0.887774
0.873148
0.858649
0.84429
0.830086
0.81605
0.802197
0.788541
0.775094
0.76187
0.748882
0.736144
0.723667
0.711464
0.699546
0.687927
0.676616
0.665625
0.654965
0.644647
0.634679
0.625073
0.615837
0.606981
0.598513
0.590441
0.582774
0.575518
0.568681
0.562269
0.556289
0.550747
0.545647
0.540995
0.536795
0.533051
0.529768
0.526948
0.524593
0.522707
0.521291
0.520346
0.519873
0.992448
0.977353
0.962279
0.947244
0.932261
0.917345
0.902511
0.887774
0.873148
0.858649
0.84429
0.830086
0.81605
0.802197
0.788541
0.775094
0.76187
0.748882
0.736144
0.723667
0.711464
0.699546
0.687927
0.676616
0.665625
0.654965
0.644647
0.634679
0.625073
0.615837
0.606981
0.598513
0.590441
0.582774
0.575518
0.568681
0.562269
0.556289
0.550746
0.545647
0.540995
0.536795
0.533051
0.529768
0.526948
0.524593
0.522707
0.52129
0.520345
0.519873
0.992448
0.977353
0.962279
0.947244
0.932261
0.917345
0.902511
0.887774
0.873149
0.858649
0.84429
0.830086
0.81605
0.802197
0.788541
0.775094
0.76187
0.748883
0.736144
0.723667
0.711464
0.699547
0.687927
0.676616
0.665625
0.654965
0.644647
0.634679
0.625073
0.615837
0.606981
0.598513
0.590441
0.582774
0.575518
0.568681
0.562269
0.556289
0.550746
0.545647
0.540994
0.536795
0.533051
0.529768
0.526947
0.524593
0.522707
0.52129
0.520345
0.519873
0.992448
0.977353
0.96228
0.947244
0.932261
0.917345
0.902511
0.887774
0.873149
0.858649
0.84429
0.830086
0.81605
0.802197
0.788541
0.775094
0.76187
0.748883
0.736144
0.723667
0.711464
0.699547
0.687927
0.676616
0.665625
0.654965
0.644647
0.634679
0.625073
0.615837
0.606981
0.598513
0.590441
0.582774
0.575518
0.568681
0.562269
0.556289
0.550746
0.545646
0.540994
0.536795
0.533051
0.529768
0.526947
0.524593
0.522706
0.52129
0.520345
0.519872
0.992448
0.977353
0.96228
0.947244
0.932261
0.917345
0.902511
0.887774
0.873149
0.858649
0.84429
0.830086
0.81605
0.802197
0.788541
0.775094
0.76187
0.748883
0.736144
0.723667
0.711464
0.699547
0.687927
0.676616
0.665625
0.654965
0.644647
0.634679
0.625073
0.615837
0.606981
0.598513
0.590441
0.582774
0.575518
0.568681
0.562269
0.556289
0.550746
0.545646
0.540994
0.536794
0.533051
0.529767
0.526947
0.524593
0.522706
0.52129
0.520345
0.519872
0.992448
0.977353
0.96228
0.947244
0.932261
0.917345
0.902511
0.887774
0.873149
0.858649
0.84429
0.830086
0.81605
0.802197
0.788541
0.775094
0.76187
0.748883
0.736144
0.723667
0.711464
0.699547
0.687927
0.676616
0.665625
0.654965
0.644647
0.634679
0.625073
0.615837
0.606981
0.598513
0.590441
0.582773
0.575518
0.56868
0.562269
0.556289
0.550746
0.545646
0.540994
0.536794
0.533051
0.529767
0.526947
0.524593
0.522706
0.52129
0.520345
0.519872
0.992448
0.977353
0.96228
0.947244
0.932261
0.917345
0.902511
0.887774
0.873149
0.858649
0.84429
0.830086
0.81605
0.802197
0.788541
0.775094
0.76187
0.748883
0.736144
0.723667
0.711464
0.699547
0.687927
0.676616
0.665625
0.654965
0.644647
0.634679
0.625073
0.615837
0.606981
0.598513
0.590441
0.582773
0.575518
0.56868
0.562269
0.556289
0.550746
0.545646
0.540994
0.536794
0.533051
0.529767
0.526947
0.524593
0.522706
0.52129
0.520345
0.519872
0.992448
0.977353
0.96228
0.947244
0.932261
0.917345
0.902511
0.887774
0.873149
0.858649
0.84429
0.830086
0.81605
0.802197
0.788541
0.775094
0.76187
0.748883
0.736144
0.723667
0.711464
0.699547
0.687927
0.676616
0.665625
0.654965
0.644647
0.634679
0.625073
0.615837
0.606981
0.598513
0.590441
0.582773
0.575517
0.56868
0.562269
0.556289
0.550746
0.545646
0.540994
0.536794
0.533051
0.529767
0.526947
0.524592
0.522706
0.52129
0.520345
0.519872
0.992448
0.977353
0.96228
0.947244
0.932261
0.917345
0.902511
0.887774
0.873149
0.858649
0.84429
0.830086
0.81605
0.802197
0.788541
0.775094
0.76187
0.748883
0.736144
0.723667
0.711464
0.699547
0.687927
0.676616
0.665625
0.654965
0.644647
0.634679
0.625073
0.615837
0.606981
0.598513
0.590441
0.582773
0.575517
0.56868
0.562269
0.556289
0.550746
0.545646
0.540994
0.536794
0.533051
0.529767
0.526947
0.524592
0.522706
0.52129
0.520345
0.519872
0.992448
0.977353
0.96228
0.947244
0.932261
0.917345
0.902511
0.887774
0.873149
0.858649
0.84429
0.830086
0.81605
0.802197
0.788541
0.775094
0.76187
0.748883
0.736144
0.723667
0.711464
0.699547
0.687927
0.676616
0.665625
0.654965
0.644647
0.634679
0.625073
0.615837
0.606981
0.598513
0.590441
0.582773
0.575517
0.56868
0.562269
0.556288
0.550746
0.545646
0.540994
0.536794
0.533051
0.529767
0.526947
0.524592
0.522706
0.52129
0.520345
0.519872
0.992448
0.977353
0.96228
0.947244
0.932261
0.917345
0.902511
0.887774
0.873149
0.858649
0.84429
0.830086
0.81605
0.802198
0.788541
0.775094
0.76187
0.748883
0.736144
0.723667
0.711464
0.699547
0.687927
0.676616
0.665625
0.654965
0.644647
0.634679
0.625073
0.615837
0.606981
0.598513
0.590441
0.582773
0.575517
0.56868
0.562269
0.556288
0.550746
0.545646
0.540994
0.536794
0.533051
0.529767
0.526947
0.524592
0.522706
0.52129
0.520345
0.519872
)
;

boundaryField
{
    inlet
    {
        type            fixedValue;
        value           uniform 1;
    }
    outlet
    {
        type            zeroGradient;
    }
    lowerWall
    {
        type            zeroGradient;
    }
    upperWall
    {
        type            zeroGradient;
    }
    frontAndBack
    {
        type            empty;
    }
}


// ************************************************************************* //
