/*--------------------------------*- C++ -*----------------------------------*\
  =========                 |
  \\      /  F ield         | OpenFOAM: The Open Source CFD Toolbox
   \\    /   O peration     | Website:  https://openfoam.org
    \\  /    A nd           | Version:  12
     \\/     M anipulation  |
\*---------------------------------------------------------------------------*/
FoamFile
{
    format      ascii;
    class       volScalarField;
    location    "60";
    object      T;
}
// * * * * * * * * * * * * * * * * * * * * * * * * * * * * * * * * * * * * * //

dimensions      [0 0 0 1 0 0 0];

internalField   nonuniform List<scalar> 
1250
(
0.995366
0.986102
0.976852
0.967625
0.958429
0.949275
0.940171
0.931126
0.922149
0.913249
0.904434
0.895714
0.887097
0.878591
0.870205
0.861948
0.853826
0.845849
0.838025
0.83036
0.822862
0.815539
0.808399
0.801448
0.794692
0.788139
0.781796
0.775667
0.769761
0.764081
0.758634
0.753425
0.74846
0.743743
0.739279
0.735072
0.731126
0.727446
0.724035
0.720896
0.718032
0.715447
0.713142
0.711121
0.709384
0.707935
0.706773
0.705901
0.705319
0.705028
0.995366
0.986102
0.976852
0.967625
0.958429
0.949275
0.940171
0.931126
0.922149
0.913249
0.904434
0.895714
0.887097
0.878591
0.870205
0.861948
0.853826
0.845849
0.838024
0.83036
0.822862
0.815539
0.808399
0.801448
0.794692
0.788139
0.781796
0.775667
0.769761
0.764081
0.758634
0.753425
0.74846
0.743743
0.739279
0.735072
0.731126
0.727446
0.724035
0.720896
0.718032
0.715447
0.713142
0.711121
0.709384
0.707935
0.706773
0.705901
0.705319
0.705028
0.995366
0.986102
0.976852
0.967625
0.958429
0.949275
0.940171
0.931126
0.922149
0.913249
0.904434
0.895714
0.887097
0.878591
0.870205
0.861948
0.853826
0.845849
0.838024
0.83036
0.822862
0.815539
0.808399
0.801448
0.794692
0.788139
0.781796
0.775667
0.769761
0.764081
0.758634
0.753425
0.74846
0.743743
0.739279
0.735072
0.731126
0.727446
0.724035
0.720896
0.718032
0.715447
0.713142
0.711121
0.709384
0.707935
0.706773
0.705901
0.705319
0.705028
0.995366
0.986102
0.976852
0.967625
0.958429
0.949275
0.940171
0.931126
0.922149
0.913249
0.904434
0.895714
0.887097
0.878591
0.870205
0.861948
0.853826
0.845849
0.838024
0.83036
0.822862
0.815539
0.808399
0.801448
0.794692
0.788139
0.781796
0.775667
0.769761
0.764081
0.758634
0.753425
0.74846
0.743743
0.739279
0.735072
0.731126
0.727446
0.724035
0.720896
0.718032
0.715447
0.713142
0.711121
0.709384
0.707935
0.706773
0.705901
0.705319
0.705028
0.995366
0.986102
0.976852
0.967625
0.958429
0.949275
0.940171
0.931126
0.922149
0.913249
0.904434
0.895714
0.887097
0.878591
0.870205
0.861948
0.853826
0.845849
0.838024
0.83036
0.822862
0.815539
0.808399
0.801448
0.794692
0.788139
0.781796
0.775667
0.769761
0.764081
0.758634
0.753425
0.74846
0.743743
0.739279
0.735072
0.731126
0.727446
0.724035
0.720896
0.718032
0.715447
0.713142
0.711121
0.709384
0.707935
0.706773
0.705901
0.705319
0.705028
0.995366
0.986102
0.976852
0.967625
0.958429
0.949275
0.940171
0.931126
0.922149
0.913249
0.904434
0.895714
0.887097
0.878591
0.870205
0.861948
0.853826
0.845849
0.838024
0.83036
0.822862
0.815539
0.808399
0.801448
0.794692
0.788139
0.781796
0.775667
0.769761
0.764081
0.758634
0.753425
0.74846
0.743743
0.739279
0.735072
0.731126
0.727446
0.724035
0.720896
0.718032
0.715447
0.713142
0.711121
0.709384
0.707935
0.706773
0.705901
0.705319
0.705028
0.995366
0.986102
0.976852
0.967625
0.958429
0.949275
0.940171
0.931126
0.922149
0.913249
0.904434
0.895714
0.887097
0.878591
0.870205
0.861948
0.853826
0.845849
0.838024
0.83036
0.822862
0.815539
0.808399
0.801448
0.794692
0.788139
0.781796
0.775667
0.76976
0.764081
0.758634
0.753425
0.74846
0.743743
0.739279
0.735072
0.731126
0.727446
0.724034
0.720895
0.718032
0.715447
0.713142
0.711121
0.709384
0.707935
0.706773
0.705901
0.705319
0.705028
0.995366
0.986102
0.976852
0.967625
0.958429
0.949275
0.940171
0.931126
0.922149
0.913249
0.904434
0.895714
0.887097
0.878591
0.870205
0.861948
0.853826
0.845849
0.838024
0.83036
0.822862
0.815539
0.808399
0.801448
0.794692
0.788139
0.781796
0.775667
0.76976
0.764081
0.758634
0.753425
0.74846
0.743743
0.739279
0.735072
0.731126
0.727446
0.724034
0.720895
0.718032
0.715447
0.713142
0.711121
0.709384
0.707934
0.706773
0.705901
0.705319
0.705028
0.995366
0.986102
0.976852
0.967625
0.958429
0.949275
0.940171
0.931126
0.922149
0.913249
0.904434
0.895714
0.887097
0.878591
0.870205
0.861948
0.853826
0.845849
0.838024
0.83036
0.822862
0.815539
0.808399
0.801448
0.794692
0.788139
0.781796
0.775667
0.76976
0.764081
0.758634
0.753425
0.74846
0.743743
0.739278
0.735071
0.731126
0.727446
0.724034
0.720895
0.718032
0.715446
0.713142
0.71112
0.709384
0.707934
0.706773
0.705901
0.705319
0.705028
0.995366
0.986102
0.976852
0.967625
0.958429
0.949275
0.940171
0.931126
0.922149
0.913249
0.904434
0.895714
0.887097
0.878591
0.870205
0.861948
0.853826
0.845849
0.838024
0.83036
0.822862
0.815539
0.808399
0.801448
0.794692
0.788139
0.781796
0.775667
0.76976
0.764081
0.758634
0.753425
0.74846
0.743743
0.739278
0.735071
0.731126
0.727446
0.724034
0.720895
0.718032
0.715446
0.713142
0.71112
0.709384
0.707934
0.706773
0.705901
0.705319
0.705028
0.995366
0.986102
0.976852
0.967625
0.958429
0.949275
0.940171
0.931126
0.922149
0.913249
0.904434
0.895714
0.887097
0.878591
0.870205
0.861948
0.853826
0.845849
0.838025
0.83036
0.822862
0.815539
0.808399
0.801448
0.794692
0.788139
0.781796
0.775667
0.76976
0.764081
0.758634
0.753425
0.74846
0.743743
0.739278
0.735071
0.731126
0.727446
0.724034
0.720895
0.718032
0.715446
0.713142
0.71112
0.709384
0.707934
0.706773
0.705901
0.705319
0.705028
0.995366
0.986102
0.976852
0.967625
0.958429
0.949275
0.940171
0.931126
0.922149
0.913249
0.904434
0.895714
0.887097
0.878591
0.870205
0.861948
0.853826
0.845849
0.838025
0.83036
0.822862
0.815539
0.808399
0.801448
0.794692
0.788139
0.781796
0.775667
0.76976
0.764081
0.758634
0.753425
0.74846
0.743743
0.739278
0.735071
0.731126
0.727445
0.724034
0.720895
0.718032
0.715446
0.713142
0.71112
0.709384
0.707934
0.706773
0.705901
0.705319
0.705028
0.995366
0.986102
0.976852
0.967625
0.958429
0.949275
0.940171
0.931126
0.922149
0.913249
0.904434
0.895714
0.887097
0.878591
0.870205
0.861948
0.853826
0.845849
0.838025
0.83036
0.822862
0.815539
0.808399
0.801448
0.794692
0.788139
0.781796
0.775667
0.76976
0.764081
0.758634
0.753425
0.74846
0.743743
0.739278
0.735071
0.731126
0.727445
0.724034
0.720895
0.718031
0.715446
0.713142
0.71112
0.709384
0.707934
0.706773
0.7059
0.705319
0.705028
0.995366
0.986102
0.976852
0.967625
0.958429
0.949275
0.940171
0.931126
0.922149
0.913249
0.904434
0.895714
0.887097
0.878591
0.870206
0.861948
0.853826
0.845849
0.838025
0.83036
0.822862
0.815539
0.808399
0.801448
0.794692
0.788139
0.781796
0.775667
0.76976
0.764081
0.758634
0.753425
0.74846
0.743742
0.739278
0.735071
0.731126
0.727445
0.724034
0.720895
0.718031
0.715446
0.713141
0.71112
0.709384
0.707934
0.706772
0.7059
0.705318
0.705027
0.995366
0.986102
0.976852
0.967625
0.958429
0.949275
0.940171
0.931126
0.922149
0.913249
0.904434
0.895714
0.887097
0.878591
0.870206
0.861948
0.853826
0.845849
0.838025
0.83036
0.822862
0.815539
0.808399
0.801448
0.794692
0.788139
0.781796
0.775667
0.76976
0.764081
0.758634
0.753425
0.74846
0.743742
0.739278
0.735071
0.731126
0.727445
0.724034
0.720895
0.718031
0.715446
0.713141
0.71112
0.709383
0.707934
0.706772
0.7059
0.705318
0.705027
0.995366
0.986102
0.976852
0.967625
0.958429
0.949275
0.940171
0.931126
0.922149
0.913249
0.904434
0.895714
0.887097
0.878591
0.870206
0.861948
0.853826
0.845849
0.838025
0.83036
0.822862
0.815539
0.808399
0.801448
0.794692
0.788139
0.781796
0.775667
0.76976
0.764081
0.758634
0.753425
0.74846
0.743742
0.739278
0.735071
0.731125
0.727445
0.724034
0.720895
0.718031
0.715446
0.713141
0.71112
0.709383
0.707934
0.706772
0.7059
0.705318
0.705027
0.995366
0.986102
0.976852
0.967625
0.958429
0.949275
0.940171
0.931126
0.922149
0.913249
0.904434
0.895714
0.887097
0.878591
0.870206
0.861948
0.853826
0.845849
0.838025
0.83036
0.822862
0.815539
0.808399
0.801448
0.794692
0.788139
0.781796
0.775667
0.76976
0.764081
0.758634
0.753425
0.74846
0.743742
0.739278
0.735071
0.731125
0.727445
0.724034
0.720895
0.718031
0.715446
0.713141
0.71112
0.709383
0.707934
0.706772
0.7059
0.705318
0.705027
0.995366
0.986102
0.976852
0.967625
0.958429
0.949275
0.940171
0.931126
0.922149
0.913249
0.904434
0.895714
0.887097
0.878591
0.870206
0.861948
0.853827
0.845849
0.838025
0.83036
0.822862
0.815539
0.808399
0.801448
0.794692
0.788139
0.781796
0.775667
0.76976
0.764081
0.758634
0.753425
0.748459
0.743742
0.739278
0.735071
0.731125
0.727445
0.724034
0.720895
0.718031
0.715446
0.713141
0.71112
0.709383
0.707934
0.706772
0.7059
0.705318
0.705027
0.995366
0.986102
0.976852
0.967625
0.958429
0.949275
0.940171
0.931126
0.922149
0.913249
0.904434
0.895714
0.887097
0.878591
0.870206
0.861948
0.853827
0.845849
0.838025
0.83036
0.822862
0.815539
0.808399
0.801448
0.794692
0.788139
0.781796
0.775667
0.76976
0.764081
0.758634
0.753425
0.748459
0.743742
0.739278
0.735071
0.731125
0.727445
0.724034
0.720895
0.718031
0.715446
0.713141
0.71112
0.709383
0.707933
0.706772
0.7059
0.705318
0.705027
0.995366
0.986102
0.976852
0.967625
0.958429
0.949275
0.940171
0.931126
0.922149
0.913249
0.904434
0.895714
0.887097
0.878591
0.870206
0.861948
0.853827
0.845849
0.838025
0.83036
0.822862
0.815539
0.808399
0.801448
0.794692
0.788139
0.781796
0.775667
0.76976
0.76408
0.758634
0.753425
0.748459
0.743742
0.739278
0.735071
0.731125
0.727445
0.724034
0.720895
0.718031
0.715446
0.713141
0.71112
0.709383
0.707933
0.706772
0.7059
0.705318
0.705027
0.995366
0.986102
0.976852
0.967625
0.958429
0.949275
0.940171
0.931126
0.922149
0.913249
0.904434
0.895714
0.887097
0.878591
0.870206
0.861948
0.853827
0.845849
0.838025
0.83036
0.822862
0.81554
0.808399
0.801448
0.794692
0.788139
0.781796
0.775667
0.76976
0.76408
0.758634
0.753425
0.748459
0.743742
0.739278
0.735071
0.731125
0.727445
0.724034
0.720895
0.718031
0.715446
0.713141
0.711119
0.709383
0.707933
0.706772
0.7059
0.705318
0.705027
0.995366
0.986102
0.976852
0.967625
0.95843
0.949275
0.940171
0.931126
0.922149
0.913249
0.904434
0.895714
0.887097
0.878591
0.870206
0.861948
0.853827
0.84585
0.838025
0.83036
0.822862
0.81554
0.808399
0.801448
0.794692
0.788139
0.781796
0.775667
0.76976
0.76408
0.758634
0.753425
0.748459
0.743742
0.739278
0.735071
0.731125
0.727445
0.724033
0.720894
0.718031
0.715445
0.713141
0.711119
0.709383
0.707933
0.706772
0.7059
0.705318
0.705027
0.995366
0.986102
0.976852
0.967625
0.95843
0.949275
0.940171
0.931126
0.922149
0.913249
0.904434
0.895714
0.887097
0.878591
0.870206
0.861948
0.853827
0.84585
0.838025
0.83036
0.822862
0.81554
0.808399
0.801448
0.794692
0.788139
0.781796
0.775667
0.76976
0.76408
0.758633
0.753425
0.748459
0.743742
0.739278
0.735071
0.731125
0.727445
0.724033
0.720894
0.718031
0.715445
0.713141
0.711119
0.709383
0.707933
0.706772
0.7059
0.705318
0.705027
0.995366
0.986102
0.976852
0.967625
0.95843
0.949275
0.940171
0.931126
0.922149
0.913249
0.904435
0.895714
0.887097
0.878591
0.870206
0.861948
0.853827
0.84585
0.838025
0.83036
0.822862
0.81554
0.808399
0.801448
0.794692
0.788139
0.781796
0.775667
0.76976
0.76408
0.758633
0.753425
0.748459
0.743742
0.739278
0.735071
0.731125
0.727445
0.724033
0.720894
0.718031
0.715445
0.713141
0.711119
0.709383
0.707933
0.706772
0.7059
0.705318
0.705027
0.995366
0.986102
0.976852
0.967625
0.95843
0.949275
0.940171
0.931126
0.922149
0.913249
0.904435
0.895714
0.887097
0.878592
0.870206
0.861948
0.853827
0.84585
0.838025
0.83036
0.822862
0.81554
0.808399
0.801448
0.794692
0.788139
0.781796
0.775667
0.76976
0.76408
0.758633
0.753425
0.748459
0.743742
0.739278
0.735071
0.731125
0.727445
0.724033
0.720894
0.718031
0.715445
0.713141
0.711119
0.709383
0.707933
0.706772
0.7059
0.705318
0.705027
)
;

boundaryField
{
    inlet
    {
        type            fixedValue;
        value           uniform 1;
    }
    outlet
    {
        type            zeroGradient;
    }
    lowerWall
    {
        type            zeroGradient;
    }
    upperWall
    {
        type            zeroGradient;
    }
    frontAndBack
    {
        type            empty;
    }
}


// ************************************************************************* //
