/*--------------------------------*- C++ -*----------------------------------*\
  =========                 |
  \\      /  F ield         | OpenFOAM: The Open Source CFD Toolbox
   \\    /   O peration     | Website:  https://openfoam.org
    \\  /    A nd           | Version:  12
     \\/     M anipulation  |
\*---------------------------------------------------------------------------*/
FoamFile
{
    format      ascii;
    class       volScalarField;
    location    "20";
    object      T;
}
// * * * * * * * * * * * * * * * * * * * * * * * * * * * * * * * * * * * * * //

dimensions      [0 0 0 1 0 0 0];

internalField   nonuniform List<scalar> 
1250
(
0.987352
0.96207
0.936834
0.911676
0.886624
0.861709
0.836962
0.81241
0.788084
0.764011
0.740218
0.716733
0.693582
0.67079
0.648381
0.626378
0.604806
0.583684
0.563034
0.542876
0.523227
0.504105
0.485528
0.46751
0.450066
0.433209
0.416952
0.401307
0.386284
0.371893
0.358144
0.345043
0.332598
0.320817
0.309704
0.299266
0.289507
0.28043
0.27204
0.264341
0.257333
0.251021
0.245406
0.240489
0.236272
0.232757
0.229943
0.227833
0.226425
0.225722
0.987352
0.96207
0.936835
0.911676
0.886624
0.861709
0.836962
0.81241
0.788084
0.764011
0.740218
0.716733
0.693582
0.67079
0.648381
0.626378
0.604806
0.583684
0.563034
0.542876
0.523227
0.504105
0.485528
0.46751
0.450066
0.433209
0.416952
0.401307
0.386284
0.371894
0.358144
0.345043
0.332598
0.320817
0.309704
0.299266
0.289507
0.28043
0.272041
0.264341
0.257333
0.251021
0.245406
0.240489
0.236272
0.232757
0.229943
0.227832
0.226425
0.225721
0.987352
0.96207
0.936835
0.911676
0.886624
0.861709
0.836962
0.81241
0.788084
0.764011
0.740218
0.716733
0.693582
0.67079
0.648381
0.626379
0.604806
0.583684
0.563034
0.542876
0.523227
0.504105
0.485528
0.46751
0.450066
0.433209
0.416952
0.401307
0.386284
0.371894
0.358144
0.345043
0.332598
0.320817
0.309704
0.299266
0.289507
0.28043
0.272041
0.264341
0.257334
0.251021
0.245406
0.240489
0.236272
0.232757
0.229943
0.227833
0.226425
0.225722
0.987352
0.96207
0.936835
0.911676
0.886624
0.86171
0.836962
0.81241
0.788084
0.764011
0.740218
0.716733
0.693582
0.67079
0.648381
0.626379
0.604806
0.583684
0.563034
0.542876
0.523227
0.504105
0.485528
0.46751
0.450066
0.433209
0.416953
0.401307
0.386285
0.371894
0.358144
0.345043
0.332599
0.320817
0.309705
0.299266
0.289507
0.280431
0.272041
0.264341
0.257334
0.251021
0.245406
0.240489
0.236272
0.232757
0.229943
0.227833
0.226425
0.225722
0.987352
0.96207
0.936835
0.911676
0.886624
0.86171
0.836962
0.812411
0.788084
0.764011
0.740218
0.716733
0.693582
0.67079
0.648381
0.626379
0.604806
0.583684
0.563035
0.542876
0.523227
0.504106
0.485528
0.46751
0.450066
0.433209
0.416953
0.401308
0.386285
0.371894
0.358144
0.345043
0.332599
0.320817
0.309705
0.299267
0.289507
0.280431
0.272041
0.264341
0.257334
0.251022
0.245406
0.240489
0.236273
0.232757
0.229944
0.227833
0.226426
0.225722
0.987352
0.96207
0.936835
0.911676
0.886624
0.86171
0.836962
0.812411
0.788084
0.764011
0.740218
0.716733
0.693582
0.67079
0.648381
0.626379
0.604806
0.583685
0.563035
0.542876
0.523227
0.504106
0.485528
0.46751
0.450066
0.43321
0.416953
0.401308
0.386285
0.371894
0.358144
0.345044
0.332599
0.320818
0.309705
0.299267
0.289507
0.280431
0.272041
0.264342
0.257334
0.251022
0.245406
0.24049
0.236273
0.232757
0.229944
0.227833
0.226426
0.225722
0.987352
0.96207
0.936835
0.911676
0.886624
0.86171
0.836962
0.812411
0.788084
0.764011
0.740218
0.716734
0.693582
0.67079
0.648381
0.626379
0.604806
0.583685
0.563035
0.542876
0.523227
0.504106
0.485529
0.467511
0.450066
0.43321
0.416953
0.401308
0.386285
0.371895
0.358145
0.345044
0.3326
0.320818
0.309706
0.299267
0.289508
0.280431
0.272042
0.264342
0.257335
0.251022
0.245407
0.24049
0.236273
0.232758
0.229944
0.227833
0.226426
0.225722
0.987352
0.96207
0.936835
0.911676
0.886624
0.86171
0.836962
0.812411
0.788084
0.764011
0.740219
0.716734
0.693582
0.67079
0.648381
0.626379
0.604807
0.583685
0.563035
0.542876
0.523228
0.504106
0.485529
0.467511
0.450067
0.43321
0.416954
0.401309
0.386286
0.371895
0.358145
0.345044
0.3326
0.320818
0.309706
0.299268
0.289508
0.280432
0.272042
0.264342
0.257335
0.251022
0.245407
0.24049
0.236273
0.232758
0.229944
0.227834
0.226426
0.225722
0.987352
0.96207
0.936835
0.911676
0.886624
0.86171
0.836962
0.812411
0.788084
0.764011
0.740219
0.716734
0.693583
0.67079
0.648381
0.626379
0.604807
0.583685
0.563035
0.542877
0.523228
0.504106
0.485529
0.467511
0.450067
0.43321
0.416954
0.401309
0.386286
0.371895
0.358146
0.345045
0.3326
0.320819
0.309706
0.299268
0.289508
0.280432
0.272042
0.264342
0.257335
0.251023
0.245407
0.240491
0.236274
0.232758
0.229945
0.227834
0.226426
0.225723
0.987352
0.96207
0.936835
0.911676
0.886624
0.86171
0.836962
0.812411
0.788085
0.764011
0.740219
0.716734
0.693583
0.67079
0.648382
0.62638
0.604807
0.583685
0.563036
0.542877
0.523228
0.504107
0.485529
0.467511
0.450067
0.433211
0.416954
0.401309
0.386286
0.371896
0.358146
0.345045
0.332601
0.320819
0.309707
0.299268
0.289509
0.280432
0.272043
0.264343
0.257335
0.251023
0.245408
0.240491
0.236274
0.232758
0.229945
0.227834
0.226427
0.225723
0.987352
0.96207
0.936835
0.911676
0.886624
0.86171
0.836962
0.812411
0.788085
0.764011
0.740219
0.716734
0.693583
0.670791
0.648382
0.62638
0.604807
0.583686
0.563036
0.542877
0.523228
0.504107
0.48553
0.467512
0.450068
0.433211
0.416954
0.401309
0.386287
0.371896
0.358146
0.345045
0.332601
0.320819
0.309707
0.299269
0.289509
0.280433
0.272043
0.264343
0.257336
0.251023
0.245408
0.240491
0.236274
0.232759
0.229945
0.227834
0.226427
0.225723
0.987352
0.96207
0.936835
0.911676
0.886624
0.86171
0.836962
0.812411
0.788085
0.764011
0.740219
0.716734
0.693583
0.670791
0.648382
0.62638
0.604807
0.583686
0.563036
0.542877
0.523228
0.504107
0.48553
0.467512
0.450068
0.433211
0.416955
0.40131
0.386287
0.371896
0.358146
0.345046
0.332601
0.32082
0.309707
0.299269
0.289509
0.280433
0.272043
0.264343
0.257336
0.251024
0.245408
0.240491
0.236274
0.232759
0.229945
0.227835
0.226427
0.225723
0.987352
0.96207
0.936835
0.911676
0.886624
0.86171
0.836962
0.812411
0.788085
0.764012
0.740219
0.716734
0.693583
0.670791
0.648382
0.62638
0.604807
0.583686
0.563036
0.542877
0.523229
0.504107
0.48553
0.467512
0.450068
0.433211
0.416955
0.40131
0.386287
0.371897
0.358147
0.345046
0.332601
0.32082
0.309707
0.299269
0.28951
0.280433
0.272043
0.264344
0.257336
0.251024
0.245408
0.240491
0.236275
0.232759
0.229945
0.227835
0.226427
0.225723
0.987352
0.96207
0.936835
0.911676
0.886624
0.86171
0.836962
0.812411
0.788085
0.764012
0.740219
0.716734
0.693583
0.670791
0.648382
0.62638
0.604807
0.583686
0.563036
0.542877
0.523229
0.504107
0.48553
0.467512
0.450068
0.433212
0.416955
0.40131
0.386287
0.371897
0.358147
0.345046
0.332602
0.32082
0.309708
0.299269
0.28951
0.280433
0.272044
0.264344
0.257336
0.251024
0.245408
0.240492
0.236275
0.232759
0.229946
0.227835
0.226427
0.225724
0.987352
0.96207
0.936835
0.911676
0.886625
0.86171
0.836963
0.812411
0.788085
0.764012
0.740219
0.716734
0.693583
0.670791
0.648382
0.62638
0.604808
0.583686
0.563036
0.542878
0.523229
0.504108
0.48553
0.467512
0.450068
0.433212
0.416955
0.40131
0.386288
0.371897
0.358147
0.345046
0.332602
0.32082
0.309708
0.299269
0.28951
0.280434
0.272044
0.264344
0.257337
0.251024
0.245409
0.240492
0.236275
0.232759
0.229946
0.227835
0.226427
0.225724
0.987352
0.96207
0.936835
0.911676
0.886625
0.86171
0.836963
0.812411
0.788085
0.764012
0.740219
0.716734
0.693583
0.670791
0.648382
0.62638
0.604808
0.583686
0.563036
0.542878
0.523229
0.504108
0.48553
0.467512
0.450068
0.433212
0.416955
0.40131
0.386288
0.371897
0.358147
0.345046
0.332602
0.32082
0.309708
0.29927
0.28951
0.280434
0.272044
0.264344
0.257337
0.251024
0.245409
0.240492
0.236275
0.232759
0.229946
0.227835
0.226428
0.225724
0.987352
0.96207
0.936835
0.911676
0.886625
0.86171
0.836963
0.812411
0.788085
0.764012
0.740219
0.716734
0.693583
0.670791
0.648382
0.62638
0.604808
0.583686
0.563036
0.542878
0.523229
0.504108
0.48553
0.467512
0.450068
0.433212
0.416955
0.401311
0.386288
0.371897
0.358147
0.345046
0.332602
0.320821
0.309708
0.29927
0.28951
0.280434
0.272044
0.264344
0.257337
0.251024
0.245409
0.240492
0.236275
0.232759
0.229946
0.227835
0.226428
0.225724
0.987352
0.96207
0.936835
0.911676
0.886625
0.86171
0.836963
0.812411
0.788085
0.764012
0.740219
0.716734
0.693583
0.670791
0.648382
0.62638
0.604808
0.583686
0.563036
0.542878
0.523229
0.504108
0.48553
0.467512
0.450069
0.433212
0.416956
0.401311
0.386288
0.371897
0.358147
0.345047
0.332602
0.320821
0.309708
0.29927
0.28951
0.280434
0.272044
0.264344
0.257337
0.251024
0.245409
0.240492
0.236275
0.23276
0.229946
0.227835
0.226428
0.225724
0.987352
0.96207
0.936835
0.911676
0.886624
0.86171
0.836962
0.812411
0.788085
0.764012
0.740219
0.716734
0.693583
0.670791
0.648382
0.62638
0.604808
0.583686
0.563036
0.542878
0.523229
0.504108
0.48553
0.467513
0.450069
0.433212
0.416956
0.401311
0.386288
0.371897
0.358147
0.345047
0.332602
0.320821
0.309708
0.29927
0.28951
0.280434
0.272044
0.264344
0.257337
0.251024
0.245409
0.240492
0.236275
0.23276
0.229946
0.227835
0.226428
0.225724
0.987352
0.96207
0.936835
0.911676
0.886624
0.86171
0.836962
0.812411
0.788085
0.764012
0.740219
0.716734
0.693583
0.670791
0.648382
0.62638
0.604808
0.583686
0.563036
0.542878
0.523229
0.504108
0.48553
0.467513
0.450069
0.433212
0.416956
0.401311
0.386288
0.371897
0.358147
0.345047
0.332602
0.320821
0.309708
0.29927
0.28951
0.280434
0.272044
0.264344
0.257337
0.251024
0.245409
0.240492
0.236275
0.23276
0.229946
0.227835
0.226428
0.225724
0.987352
0.96207
0.936835
0.911676
0.886624
0.86171
0.836962
0.812411
0.788085
0.764012
0.740219
0.716734
0.693583
0.670791
0.648382
0.62638
0.604808
0.583686
0.563036
0.542878
0.523229
0.504108
0.48553
0.467513
0.450069
0.433212
0.416956
0.401311
0.386288
0.371897
0.358147
0.345047
0.332602
0.320821
0.309708
0.29927
0.28951
0.280434
0.272044
0.264344
0.257337
0.251024
0.245409
0.240492
0.236275
0.23276
0.229946
0.227835
0.226428
0.225724
0.987352
0.96207
0.936835
0.911676
0.886624
0.86171
0.836962
0.812411
0.788085
0.764011
0.740219
0.716734
0.693583
0.670791
0.648382
0.62638
0.604808
0.583686
0.563036
0.542878
0.523229
0.504108
0.48553
0.467513
0.450069
0.433212
0.416956
0.401311
0.386288
0.371897
0.358147
0.345047
0.332602
0.320821
0.309708
0.29927
0.28951
0.280434
0.272044
0.264344
0.257337
0.251024
0.245409
0.240492
0.236275
0.23276
0.229946
0.227835
0.226428
0.225724
0.987352
0.96207
0.936835
0.911676
0.886624
0.86171
0.836962
0.812411
0.788085
0.764011
0.740219
0.716734
0.693583
0.670791
0.648382
0.62638
0.604807
0.583686
0.563036
0.542878
0.523229
0.504108
0.48553
0.467513
0.450069
0.433212
0.416956
0.401311
0.386288
0.371897
0.358147
0.345047
0.332602
0.320821
0.309708
0.29927
0.28951
0.280434
0.272044
0.264344
0.257337
0.251024
0.245409
0.240492
0.236275
0.23276
0.229946
0.227835
0.226428
0.225724
0.987352
0.96207
0.936835
0.911676
0.886624
0.86171
0.836962
0.812411
0.788085
0.764011
0.740219
0.716734
0.693583
0.670791
0.648382
0.62638
0.604807
0.583686
0.563036
0.542878
0.523229
0.504108
0.48553
0.467513
0.450069
0.433212
0.416956
0.401311
0.386288
0.371897
0.358147
0.345046
0.332602
0.320821
0.309708
0.29927
0.28951
0.280434
0.272044
0.264344
0.257337
0.251024
0.245409
0.240492
0.236275
0.23276
0.229946
0.227835
0.226428
0.225724
0.987352
0.96207
0.936835
0.911676
0.886624
0.86171
0.836962
0.812411
0.788085
0.764011
0.740219
0.716734
0.693583
0.670791
0.648382
0.62638
0.604807
0.583686
0.563036
0.542878
0.523229
0.504108
0.48553
0.467513
0.450069
0.433212
0.416956
0.401311
0.386288
0.371897
0.358147
0.345046
0.332602
0.320821
0.309708
0.29927
0.28951
0.280434
0.272044
0.264344
0.257337
0.251024
0.245409
0.240492
0.236275
0.23276
0.229946
0.227835
0.226428
0.225724
)
;

boundaryField
{
    inlet
    {
        type            fixedValue;
        value           uniform 1;
    }
    outlet
    {
        type            zeroGradient;
    }
    lowerWall
    {
        type            zeroGradient;
    }
    upperWall
    {
        type            zeroGradient;
    }
    frontAndBack
    {
        type            empty;
    }
}


// ************************************************************************* //
