/*--------------------------------*- C++ -*----------------------------------*\
  =========                 |
  \\      /  F ield         | OpenFOAM: The Open Source CFD Toolbox
   \\    /   O peration     | Website:  https://openfoam.org
    \\  /    A nd           | Version:  12
     \\/     M anipulation  |
\*---------------------------------------------------------------------------*/
FoamFile
{
    format      ascii;
    class       volScalarField;
    location    "66";
    object      T;
}
// * * * * * * * * * * * * * * * * * * * * * * * * * * * * * * * * * * * * * //

dimensions      [0 0 0 1 0 0 0];

internalField   nonuniform List<scalar> 
1250
(
0.995996
0.987993
0.980001
0.97203
0.964086
0.956177
0.948311
0.940497
0.932741
0.925052
0.917437
0.909903
0.902458
0.89511
0.887865
0.880731
0.873714
0.866822
0.860062
0.85344
0.846962
0.840636
0.834467
0.828461
0.822624
0.816963
0.811482
0.806188
0.801084
0.796177
0.791471
0.786971
0.782681
0.778606
0.774748
0.771114
0.767705
0.764525
0.761578
0.758866
0.756392
0.754158
0.752167
0.75042
0.74892
0.747668
0.746664
0.745911
0.745408
0.745156
0.995996
0.987993
0.980001
0.97203
0.964086
0.956177
0.948311
0.940497
0.932741
0.925052
0.917437
0.909903
0.902458
0.89511
0.887865
0.880731
0.873714
0.866822
0.860062
0.85344
0.846962
0.840636
0.834467
0.828461
0.822624
0.816963
0.811482
0.806188
0.801084
0.796177
0.791471
0.786971
0.782681
0.778606
0.774748
0.771114
0.767705
0.764525
0.761578
0.758866
0.756392
0.754158
0.752167
0.75042
0.74892
0.747668
0.746664
0.745911
0.745408
0.745156
0.995996
0.987993
0.980001
0.97203
0.964086
0.956177
0.948311
0.940497
0.932741
0.925052
0.917437
0.909903
0.902458
0.89511
0.887865
0.880731
0.873714
0.866822
0.860062
0.85344
0.846962
0.840636
0.834467
0.828461
0.822624
0.816963
0.811482
0.806188
0.801084
0.796177
0.791471
0.786971
0.782681
0.778606
0.774748
0.771114
0.767705
0.764525
0.761578
0.758866
0.756392
0.754158
0.752167
0.75042
0.74892
0.747668
0.746664
0.745911
0.745408
0.745156
0.995996
0.987993
0.980001
0.97203
0.964086
0.956177
0.948311
0.940497
0.932741
0.925052
0.917437
0.909903
0.902458
0.89511
0.887865
0.880731
0.873714
0.866822
0.860062
0.85344
0.846962
0.840636
0.834467
0.828461
0.822624
0.816963
0.811482
0.806188
0.801084
0.796177
0.791471
0.786971
0.782681
0.778606
0.774748
0.771114
0.767705
0.764525
0.761578
0.758866
0.756392
0.754158
0.752167
0.75042
0.74892
0.747668
0.746664
0.745911
0.745408
0.745156
0.995996
0.987993
0.980001
0.97203
0.964086
0.956177
0.948311
0.940497
0.932741
0.925052
0.917437
0.909903
0.902458
0.89511
0.887865
0.880731
0.873714
0.866822
0.860062
0.85344
0.846962
0.840636
0.834467
0.828461
0.822624
0.816963
0.811482
0.806188
0.801084
0.796177
0.791471
0.786971
0.782681
0.778605
0.774748
0.771114
0.767705
0.764525
0.761578
0.758866
0.756392
0.754158
0.752167
0.75042
0.74892
0.747668
0.746664
0.745911
0.745408
0.745156
0.995996
0.987993
0.980001
0.97203
0.964086
0.956177
0.948311
0.940497
0.932741
0.925052
0.917437
0.909903
0.902458
0.89511
0.887865
0.880731
0.873714
0.866822
0.860062
0.85344
0.846962
0.840636
0.834467
0.828461
0.822624
0.816963
0.811482
0.806188
0.801084
0.796177
0.791471
0.786971
0.782681
0.778605
0.774748
0.771114
0.767705
0.764525
0.761578
0.758866
0.756392
0.754158
0.752167
0.75042
0.74892
0.747668
0.746664
0.745911
0.745408
0.745156
0.995996
0.987993
0.980001
0.97203
0.964086
0.956177
0.948311
0.940497
0.932741
0.925052
0.917437
0.909903
0.902458
0.89511
0.887865
0.880731
0.873714
0.866822
0.860062
0.85344
0.846962
0.840636
0.834467
0.828461
0.822624
0.816963
0.811482
0.806188
0.801084
0.796177
0.791471
0.786971
0.782681
0.778605
0.774748
0.771114
0.767705
0.764525
0.761578
0.758866
0.756392
0.754158
0.752167
0.75042
0.74892
0.747667
0.746664
0.74591
0.745408
0.745156
0.995996
0.987993
0.980001
0.97203
0.964086
0.956177
0.948311
0.940497
0.932741
0.925052
0.917437
0.909903
0.902458
0.89511
0.887865
0.880731
0.873714
0.866822
0.860062
0.85344
0.846962
0.840636
0.834467
0.828461
0.822624
0.816963
0.811482
0.806188
0.801084
0.796177
0.791471
0.786971
0.782681
0.778605
0.774748
0.771114
0.767705
0.764525
0.761578
0.758866
0.756391
0.754158
0.752167
0.75042
0.74892
0.747667
0.746664
0.74591
0.745408
0.745156
0.995996
0.987993
0.980001
0.97203
0.964086
0.956177
0.948311
0.940497
0.932741
0.925052
0.917437
0.909903
0.902458
0.89511
0.887865
0.880731
0.873714
0.866822
0.860062
0.85344
0.846962
0.840636
0.834467
0.828461
0.822624
0.816963
0.811482
0.806188
0.801084
0.796177
0.791471
0.786971
0.782681
0.778605
0.774748
0.771114
0.767705
0.764525
0.761578
0.758866
0.756391
0.754158
0.752167
0.75042
0.74892
0.747667
0.746664
0.74591
0.745408
0.745156
0.995996
0.987993
0.980001
0.97203
0.964086
0.956177
0.948311
0.940497
0.932741
0.925052
0.917437
0.909903
0.902458
0.89511
0.887865
0.880731
0.873714
0.866822
0.860062
0.85344
0.846962
0.840636
0.834467
0.828461
0.822624
0.816963
0.811482
0.806188
0.801084
0.796177
0.791471
0.786971
0.782681
0.778605
0.774748
0.771113
0.767705
0.764525
0.761578
0.758865
0.756391
0.754158
0.752167
0.75042
0.74892
0.747667
0.746664
0.74591
0.745408
0.745156
0.995996
0.987993
0.980001
0.97203
0.964086
0.956177
0.948311
0.940497
0.932741
0.925052
0.917437
0.909903
0.902458
0.89511
0.887865
0.880731
0.873714
0.866822
0.860062
0.85344
0.846962
0.840636
0.834467
0.828461
0.822624
0.816963
0.811482
0.806188
0.801084
0.796177
0.791471
0.786971
0.782681
0.778605
0.774748
0.771113
0.767705
0.764525
0.761577
0.758865
0.756391
0.754158
0.752166
0.75042
0.74892
0.747667
0.746664
0.74591
0.745407
0.745156
0.995996
0.987993
0.980001
0.97203
0.964086
0.956177
0.948311
0.940497
0.932741
0.925052
0.917437
0.909903
0.902458
0.89511
0.887865
0.880731
0.873714
0.866822
0.860062
0.85344
0.846962
0.840636
0.834467
0.828461
0.822624
0.816963
0.811482
0.806188
0.801084
0.796177
0.791471
0.786971
0.782681
0.778605
0.774748
0.771113
0.767704
0.764525
0.761577
0.758865
0.756391
0.754157
0.752166
0.75042
0.74892
0.747667
0.746664
0.74591
0.745407
0.745156
0.995996
0.987993
0.980001
0.97203
0.964086
0.956177
0.948311
0.940497
0.932741
0.925052
0.917437
0.909903
0.902458
0.89511
0.887865
0.880731
0.873714
0.866822
0.860062
0.85344
0.846962
0.840636
0.834467
0.828461
0.822624
0.816963
0.811482
0.806188
0.801084
0.796177
0.791471
0.786971
0.782681
0.778605
0.774748
0.771113
0.767704
0.764525
0.761577
0.758865
0.756391
0.754157
0.752166
0.75042
0.748919
0.747667
0.746663
0.74591
0.745407
0.745156
0.995996
0.987993
0.980001
0.97203
0.964086
0.956177
0.948311
0.940497
0.932741
0.925052
0.917437
0.909903
0.902458
0.89511
0.887865
0.880731
0.873714
0.866822
0.860062
0.85344
0.846962
0.840636
0.834467
0.828461
0.822624
0.816963
0.811482
0.806188
0.801084
0.796177
0.791471
0.786971
0.782681
0.778605
0.774748
0.771113
0.767704
0.764525
0.761577
0.758865
0.756391
0.754157
0.752166
0.75042
0.748919
0.747667
0.746663
0.74591
0.745407
0.745156
0.995996
0.987993
0.980001
0.97203
0.964086
0.956177
0.948311
0.940497
0.932741
0.925052
0.917437
0.909903
0.902458
0.89511
0.887865
0.880731
0.873714
0.866822
0.860062
0.85344
0.846962
0.840636
0.834467
0.828461
0.822624
0.816963
0.811482
0.806187
0.801084
0.796177
0.791471
0.786971
0.782681
0.778605
0.774748
0.771113
0.767704
0.764525
0.761577
0.758865
0.756391
0.754157
0.752166
0.75042
0.748919
0.747667
0.746663
0.74591
0.745407
0.745156
0.995996
0.987993
0.980001
0.97203
0.964086
0.956177
0.948311
0.940497
0.932741
0.925052
0.917437
0.909903
0.902458
0.89511
0.887865
0.880731
0.873714
0.866822
0.860062
0.85344
0.846962
0.840636
0.834467
0.828461
0.822624
0.816963
0.811482
0.806187
0.801084
0.796177
0.791471
0.786971
0.782681
0.778605
0.774748
0.771113
0.767704
0.764524
0.761577
0.758865
0.756391
0.754157
0.752166
0.750419
0.748919
0.747667
0.746663
0.74591
0.745407
0.745156
0.995996
0.987993
0.980001
0.97203
0.964086
0.956177
0.948311
0.940497
0.932741
0.925052
0.917437
0.909903
0.902458
0.89511
0.887865
0.880731
0.873714
0.866822
0.860062
0.85344
0.846962
0.840636
0.834467
0.828461
0.822624
0.816963
0.811482
0.806187
0.801084
0.796177
0.791471
0.786971
0.782681
0.778605
0.774748
0.771113
0.767704
0.764524
0.761577
0.758865
0.756391
0.754157
0.752166
0.750419
0.748919
0.747667
0.746663
0.74591
0.745407
0.745155
0.995996
0.987993
0.980001
0.97203
0.964086
0.956177
0.948311
0.940497
0.932741
0.925052
0.917437
0.909903
0.902458
0.89511
0.887865
0.880731
0.873714
0.866822
0.860062
0.85344
0.846962
0.840636
0.834467
0.828461
0.822624
0.816963
0.811482
0.806187
0.801084
0.796177
0.791471
0.786971
0.782681
0.778605
0.774748
0.771113
0.767704
0.764524
0.761577
0.758865
0.756391
0.754157
0.752166
0.750419
0.748919
0.747667
0.746663
0.74591
0.745407
0.745155
0.995996
0.987993
0.980001
0.97203
0.964086
0.956177
0.948311
0.940497
0.932741
0.925052
0.917437
0.909903
0.902458
0.89511
0.887865
0.880731
0.873714
0.866822
0.860062
0.85344
0.846962
0.840636
0.834467
0.828461
0.822624
0.816963
0.811482
0.806187
0.801084
0.796177
0.791471
0.786971
0.782681
0.778605
0.774748
0.771113
0.767704
0.764524
0.761577
0.758865
0.756391
0.754157
0.752166
0.750419
0.748919
0.747667
0.746663
0.74591
0.745407
0.745155
0.995996
0.987993
0.980001
0.97203
0.964086
0.956177
0.948311
0.940497
0.932741
0.925052
0.917437
0.909903
0.902458
0.89511
0.887865
0.880731
0.873714
0.866822
0.860062
0.85344
0.846962
0.840636
0.834467
0.828461
0.822624
0.816963
0.811482
0.806187
0.801084
0.796177
0.791471
0.786971
0.782681
0.778605
0.774748
0.771113
0.767704
0.764524
0.761577
0.758865
0.756391
0.754157
0.752166
0.750419
0.748919
0.747666
0.746663
0.74591
0.745407
0.745155
0.995996
0.987993
0.980001
0.97203
0.964086
0.956177
0.948311
0.940497
0.932741
0.925052
0.917437
0.909903
0.902458
0.89511
0.887865
0.880731
0.873714
0.866822
0.860062
0.85344
0.846962
0.840636
0.834467
0.828461
0.822624
0.816963
0.811482
0.806187
0.801084
0.796177
0.791471
0.786971
0.78268
0.778605
0.774748
0.771113
0.767704
0.764524
0.761577
0.758865
0.756391
0.754157
0.752166
0.750419
0.748919
0.747666
0.746663
0.745909
0.745407
0.745155
0.995996
0.987993
0.980001
0.97203
0.964086
0.956177
0.948311
0.940497
0.932741
0.925052
0.917437
0.909903
0.902458
0.89511
0.887865
0.880731
0.873714
0.866822
0.860062
0.85344
0.846962
0.840636
0.834467
0.828461
0.822624
0.816963
0.811482
0.806187
0.801084
0.796177
0.791471
0.78697
0.78268
0.778605
0.774748
0.771113
0.767704
0.764524
0.761577
0.758865
0.756391
0.754157
0.752166
0.750419
0.748919
0.747666
0.746663
0.745909
0.745407
0.745155
0.995996
0.987993
0.980001
0.97203
0.964086
0.956177
0.948311
0.940497
0.932741
0.925052
0.917437
0.909903
0.902458
0.89511
0.887865
0.880731
0.873714
0.866822
0.860062
0.85344
0.846962
0.840636
0.834467
0.828461
0.822624
0.816963
0.811482
0.806187
0.801084
0.796177
0.791471
0.78697
0.78268
0.778605
0.774748
0.771113
0.767704
0.764524
0.761577
0.758865
0.756391
0.754157
0.752166
0.750419
0.748919
0.747666
0.746663
0.745909
0.745407
0.745155
0.995996
0.987993
0.980001
0.97203
0.964086
0.956177
0.948311
0.940497
0.932741
0.925052
0.917437
0.909903
0.902458
0.89511
0.887865
0.880731
0.873714
0.866822
0.860062
0.85344
0.846962
0.840636
0.834467
0.828461
0.822624
0.816963
0.811482
0.806187
0.801084
0.796177
0.791471
0.78697
0.78268
0.778605
0.774748
0.771113
0.767704
0.764524
0.761577
0.758865
0.756391
0.754157
0.752166
0.750419
0.748919
0.747666
0.746663
0.745909
0.745407
0.745155
0.995996
0.987993
0.980001
0.97203
0.964086
0.956177
0.948311
0.940497
0.932741
0.925052
0.917437
0.909903
0.902458
0.89511
0.887865
0.880731
0.873714
0.866822
0.860062
0.85344
0.846962
0.840636
0.834467
0.828461
0.822624
0.816963
0.811482
0.806187
0.801084
0.796177
0.791471
0.78697
0.78268
0.778605
0.774748
0.771113
0.767704
0.764524
0.761577
0.758865
0.756391
0.754157
0.752166
0.750419
0.748919
0.747666
0.746663
0.745909
0.745407
0.745155
)
;

boundaryField
{
    inlet
    {
        type            fixedValue;
        value           uniform 1;
    }
    outlet
    {
        type            zeroGradient;
    }
    lowerWall
    {
        type            zeroGradient;
    }
    upperWall
    {
        type            zeroGradient;
    }
    frontAndBack
    {
        type            empty;
    }
}


// ************************************************************************* //
