/*--------------------------------*- C++ -*----------------------------------*\
  =========                 |
  \\      /  F ield         | OpenFOAM: The Open Source CFD Toolbox
   \\    /   O peration     | Website:  https://openfoam.org
    \\  /    A nd           | Version:  12
     \\/     M anipulation  |
\*---------------------------------------------------------------------------*/
FoamFile
{
    format      ascii;
    class       volScalarField;
    location    "63";
    object      T;
}
// * * * * * * * * * * * * * * * * * * * * * * * * * * * * * * * * * * * * * //

dimensions      [0 0 0 1 0 0 0];

internalField   nonuniform List<scalar> 
1250
(
0.995693
0.987082
0.978484
0.969908
0.961361
0.952852
0.94439
0.935983
0.927639
0.919366
0.911173
0.903068
0.895058
0.887153
0.879358
0.871683
0.864134
0.856719
0.849446
0.842322
0.835353
0.828546
0.821909
0.815448
0.809169
0.803078
0.797182
0.791485
0.785995
0.780716
0.775653
0.770811
0.766196
0.761811
0.757662
0.753751
0.750084
0.746663
0.743492
0.740574
0.737913
0.73551
0.733367
0.731488
0.729874
0.728527
0.727447
0.726637
0.726096
0.725825
0.995693
0.987082
0.978484
0.969908
0.961361
0.952852
0.94439
0.935983
0.927639
0.919366
0.911173
0.903068
0.895058
0.887153
0.879358
0.871683
0.864134
0.856719
0.849446
0.842322
0.835353
0.828546
0.821909
0.815448
0.809169
0.803078
0.797182
0.791485
0.785995
0.780716
0.775653
0.770811
0.766196
0.761811
0.757662
0.753751
0.750084
0.746663
0.743492
0.740574
0.737913
0.73551
0.733367
0.731489
0.729874
0.728527
0.727447
0.726637
0.726096
0.725825
0.995693
0.987082
0.978484
0.969908
0.961361
0.952852
0.94439
0.935983
0.927639
0.919366
0.911173
0.903068
0.895058
0.887153
0.879358
0.871683
0.864134
0.856719
0.849446
0.842322
0.835353
0.828546
0.821909
0.815448
0.809169
0.803078
0.797182
0.791485
0.785995
0.780716
0.775653
0.770811
0.766196
0.761811
0.757662
0.753751
0.750084
0.746663
0.743492
0.740574
0.737913
0.73551
0.733367
0.731488
0.729874
0.728527
0.727447
0.726637
0.726096
0.725825
0.995693
0.987082
0.978484
0.969908
0.961361
0.952852
0.94439
0.935983
0.927639
0.919366
0.911173
0.903068
0.895058
0.887153
0.879358
0.871683
0.864134
0.856719
0.849446
0.842322
0.835353
0.828546
0.821909
0.815448
0.809169
0.803078
0.797182
0.791485
0.785995
0.780716
0.775653
0.770811
0.766196
0.761811
0.757662
0.753751
0.750084
0.746663
0.743492
0.740574
0.737913
0.73551
0.733367
0.731488
0.729874
0.728527
0.727447
0.726637
0.726096
0.725825
0.995693
0.987082
0.978484
0.969908
0.961361
0.952852
0.94439
0.935983
0.927639
0.919366
0.911173
0.903068
0.895058
0.887153
0.879358
0.871683
0.864134
0.856719
0.849446
0.842322
0.835353
0.828546
0.821909
0.815448
0.809169
0.803078
0.797182
0.791485
0.785995
0.780716
0.775653
0.770811
0.766196
0.761811
0.757662
0.753751
0.750084
0.746663
0.743492
0.740574
0.737913
0.73551
0.733367
0.731488
0.729874
0.728527
0.727447
0.726637
0.726096
0.725825
0.995693
0.987082
0.978484
0.969908
0.961361
0.952852
0.94439
0.935983
0.927639
0.919366
0.911173
0.903068
0.895058
0.887153
0.879358
0.871683
0.864134
0.856719
0.849446
0.842322
0.835353
0.828546
0.821909
0.815448
0.809169
0.803078
0.797182
0.791485
0.785995
0.780715
0.775653
0.770811
0.766196
0.761811
0.757662
0.753751
0.750084
0.746663
0.743492
0.740574
0.737913
0.735509
0.733367
0.731488
0.729874
0.728527
0.727447
0.726637
0.726096
0.725825
0.995693
0.987082
0.978484
0.969908
0.961361
0.952852
0.94439
0.935983
0.927639
0.919366
0.911173
0.903068
0.895058
0.887153
0.879358
0.871683
0.864134
0.856719
0.849446
0.842322
0.835353
0.828546
0.821909
0.815448
0.809169
0.803078
0.797182
0.791485
0.785995
0.780715
0.775653
0.770811
0.766196
0.761811
0.757662
0.753751
0.750084
0.746663
0.743492
0.740574
0.737913
0.735509
0.733367
0.731488
0.729874
0.728527
0.727447
0.726637
0.726096
0.725825
0.995693
0.987082
0.978484
0.969908
0.961361
0.952852
0.94439
0.935983
0.927639
0.919366
0.911173
0.903068
0.895058
0.887153
0.879358
0.871683
0.864134
0.856719
0.849446
0.842322
0.835353
0.828546
0.821909
0.815448
0.809169
0.803078
0.797182
0.791485
0.785995
0.780715
0.775653
0.770811
0.766196
0.761811
0.757662
0.753751
0.750084
0.746663
0.743492
0.740574
0.737912
0.735509
0.733367
0.731488
0.729874
0.728527
0.727447
0.726636
0.726096
0.725825
0.995693
0.987082
0.978484
0.969908
0.961361
0.952852
0.94439
0.935983
0.927639
0.919366
0.911173
0.903068
0.895058
0.887153
0.879358
0.871683
0.864134
0.856719
0.849446
0.842322
0.835353
0.828546
0.821909
0.815448
0.809169
0.803078
0.797182
0.791485
0.785995
0.780715
0.775653
0.770811
0.766196
0.761811
0.757661
0.753751
0.750084
0.746663
0.743492
0.740574
0.737912
0.735509
0.733367
0.731488
0.729874
0.728527
0.727447
0.726636
0.726096
0.725825
0.995693
0.987082
0.978484
0.969908
0.961361
0.952852
0.94439
0.935983
0.927639
0.919366
0.911173
0.903068
0.895058
0.887153
0.879358
0.871683
0.864134
0.856719
0.849446
0.842322
0.835353
0.828546
0.821909
0.815448
0.809169
0.803078
0.797182
0.791485
0.785995
0.780715
0.775653
0.770811
0.766196
0.761811
0.757661
0.753751
0.750084
0.746663
0.743492
0.740574
0.737912
0.735509
0.733367
0.731488
0.729874
0.728527
0.727447
0.726636
0.726095
0.725825
0.995693
0.987082
0.978484
0.969908
0.961361
0.952852
0.94439
0.935983
0.927639
0.919366
0.911173
0.903068
0.895058
0.887153
0.879358
0.871683
0.864134
0.856719
0.849446
0.842322
0.835353
0.828546
0.821909
0.815448
0.809169
0.803078
0.797182
0.791485
0.785995
0.780715
0.775653
0.770811
0.766196
0.761811
0.757661
0.753751
0.750083
0.746663
0.743492
0.740574
0.737912
0.735509
0.733367
0.731488
0.729874
0.728526
0.727447
0.726636
0.726095
0.725825
0.995693
0.987082
0.978484
0.969908
0.961361
0.952852
0.94439
0.935983
0.927639
0.919366
0.911173
0.903068
0.895058
0.887153
0.879358
0.871683
0.864134
0.856719
0.849446
0.842322
0.835353
0.828546
0.821909
0.815448
0.809169
0.803078
0.797181
0.791485
0.785995
0.780715
0.775652
0.770811
0.766196
0.761811
0.757661
0.753751
0.750083
0.746663
0.743492
0.740574
0.737912
0.735509
0.733367
0.731488
0.729874
0.728526
0.727447
0.726636
0.726095
0.725825
0.995693
0.987082
0.978484
0.969908
0.961361
0.952852
0.94439
0.935983
0.927639
0.919366
0.911173
0.903068
0.895058
0.887153
0.879358
0.871683
0.864134
0.856719
0.849446
0.842322
0.835353
0.828546
0.821909
0.815448
0.809169
0.803078
0.797181
0.791485
0.785995
0.780715
0.775652
0.770811
0.766196
0.761811
0.757661
0.753751
0.750083
0.746662
0.743492
0.740574
0.737912
0.735509
0.733367
0.731488
0.729874
0.728526
0.727447
0.726636
0.726095
0.725825
0.995693
0.987082
0.978484
0.969908
0.961361
0.952852
0.94439
0.935983
0.927639
0.919366
0.911173
0.903068
0.895059
0.887153
0.879358
0.871683
0.864134
0.856719
0.849446
0.842322
0.835353
0.828546
0.821909
0.815448
0.809169
0.803078
0.797181
0.791485
0.785995
0.780715
0.775652
0.770811
0.766196
0.761811
0.757661
0.753751
0.750083
0.746662
0.743491
0.740574
0.737912
0.735509
0.733367
0.731488
0.729874
0.728526
0.727447
0.726636
0.726095
0.725825
0.995693
0.987082
0.978484
0.969908
0.961361
0.952852
0.94439
0.935983
0.927639
0.919366
0.911173
0.903068
0.895059
0.887153
0.879358
0.871683
0.864134
0.856719
0.849446
0.842322
0.835353
0.828546
0.821909
0.815448
0.809169
0.803078
0.797181
0.791485
0.785995
0.780715
0.775652
0.770811
0.766195
0.761811
0.757661
0.753751
0.750083
0.746662
0.743491
0.740574
0.737912
0.735509
0.733367
0.731488
0.729874
0.728526
0.727446
0.726636
0.726095
0.725824
0.995693
0.987082
0.978484
0.969908
0.961361
0.952852
0.94439
0.935983
0.927639
0.919366
0.911173
0.903068
0.895059
0.887153
0.879358
0.871683
0.864134
0.856719
0.849446
0.842322
0.835353
0.828546
0.821909
0.815448
0.809169
0.803078
0.797181
0.791485
0.785995
0.780715
0.775652
0.770811
0.766195
0.761811
0.757661
0.753751
0.750083
0.746662
0.743491
0.740574
0.737912
0.735509
0.733367
0.731488
0.729873
0.728526
0.727446
0.726636
0.726095
0.725824
0.995693
0.987082
0.978484
0.969908
0.961361
0.952852
0.94439
0.935983
0.927639
0.919366
0.911173
0.903068
0.895059
0.887153
0.879358
0.871683
0.864134
0.856719
0.849446
0.842322
0.835353
0.828546
0.821909
0.815448
0.809169
0.803078
0.797181
0.791485
0.785995
0.780715
0.775652
0.770811
0.766195
0.761811
0.757661
0.753751
0.750083
0.746662
0.743491
0.740574
0.737912
0.735509
0.733366
0.731487
0.729873
0.728526
0.727446
0.726636
0.726095
0.725824
0.995693
0.987082
0.978484
0.969908
0.961361
0.952852
0.94439
0.935983
0.927639
0.919366
0.911173
0.903068
0.895059
0.887153
0.879358
0.871683
0.864134
0.856719
0.849446
0.842322
0.835353
0.828546
0.821909
0.815448
0.809169
0.803078
0.797181
0.791485
0.785995
0.780715
0.775652
0.770811
0.766195
0.761811
0.757661
0.753751
0.750083
0.746662
0.743491
0.740573
0.737912
0.735509
0.733366
0.731487
0.729873
0.728526
0.727446
0.726636
0.726095
0.725824
0.995693
0.987082
0.978484
0.969908
0.961361
0.952852
0.94439
0.935983
0.927639
0.919366
0.911173
0.903068
0.895059
0.887153
0.879358
0.871683
0.864134
0.856719
0.849446
0.842322
0.835353
0.828546
0.821909
0.815448
0.809169
0.803078
0.797181
0.791485
0.785995
0.780715
0.775652
0.770811
0.766195
0.761811
0.757661
0.75375
0.750083
0.746662
0.743491
0.740573
0.737912
0.735508
0.733366
0.731487
0.729873
0.728526
0.727446
0.726636
0.726095
0.725824
0.995693
0.987082
0.978484
0.969908
0.961361
0.952852
0.94439
0.935983
0.927639
0.919366
0.911173
0.903068
0.895059
0.887153
0.879358
0.871683
0.864134
0.856719
0.849446
0.842322
0.835353
0.828546
0.821909
0.815448
0.809169
0.803078
0.797181
0.791485
0.785995
0.780715
0.775652
0.770811
0.766195
0.761811
0.757661
0.75375
0.750083
0.746662
0.743491
0.740573
0.737912
0.735508
0.733366
0.731487
0.729873
0.728526
0.727446
0.726636
0.726095
0.725824
0.995693
0.987082
0.978484
0.969908
0.961361
0.952852
0.94439
0.935983
0.927639
0.919366
0.911173
0.903068
0.895059
0.887153
0.879358
0.871683
0.864134
0.856719
0.849446
0.842322
0.835353
0.828546
0.821909
0.815448
0.809169
0.803078
0.797181
0.791485
0.785995
0.780715
0.775652
0.770811
0.766195
0.761811
0.757661
0.75375
0.750083
0.746662
0.743491
0.740573
0.737912
0.735508
0.733366
0.731487
0.729873
0.728526
0.727446
0.726635
0.726095
0.725824
0.995693
0.987082
0.978484
0.969908
0.961361
0.952852
0.94439
0.935983
0.927639
0.919366
0.911173
0.903068
0.895059
0.887153
0.879358
0.871683
0.864134
0.856719
0.849446
0.842322
0.835353
0.828546
0.821909
0.815448
0.809169
0.803078
0.797181
0.791485
0.785995
0.780715
0.775652
0.770811
0.766195
0.761811
0.757661
0.75375
0.750083
0.746662
0.743491
0.740573
0.737911
0.735508
0.733366
0.731487
0.729873
0.728526
0.727446
0.726635
0.726095
0.725824
0.995693
0.987082
0.978484
0.969908
0.961361
0.952852
0.94439
0.935983
0.927639
0.919366
0.911173
0.903068
0.895059
0.887153
0.879358
0.871683
0.864134
0.856719
0.849446
0.842322
0.835353
0.828546
0.821909
0.815448
0.809169
0.803078
0.797181
0.791485
0.785994
0.780715
0.775652
0.770811
0.766195
0.76181
0.757661
0.75375
0.750083
0.746662
0.743491
0.740573
0.737911
0.735508
0.733366
0.731487
0.729873
0.728526
0.727446
0.726635
0.726095
0.725824
0.995693
0.987082
0.978484
0.969908
0.961361
0.952852
0.94439
0.935983
0.927639
0.919366
0.911173
0.903068
0.895059
0.887153
0.879358
0.871683
0.864134
0.856719
0.849446
0.842322
0.835353
0.828546
0.821909
0.815448
0.809169
0.803078
0.797181
0.791485
0.785994
0.780715
0.775652
0.770811
0.766195
0.76181
0.757661
0.75375
0.750083
0.746662
0.743491
0.740573
0.737911
0.735508
0.733366
0.731487
0.729873
0.728526
0.727446
0.726635
0.726095
0.725824
0.995693
0.987082
0.978484
0.969908
0.961361
0.952852
0.94439
0.935983
0.927639
0.919366
0.911173
0.903068
0.895059
0.887153
0.879358
0.871683
0.864134
0.856719
0.849446
0.842322
0.835353
0.828546
0.821909
0.815448
0.809169
0.803078
0.797181
0.791485
0.785994
0.780715
0.775652
0.770811
0.766195
0.76181
0.757661
0.75375
0.750083
0.746662
0.743491
0.740573
0.737911
0.735508
0.733366
0.731487
0.729873
0.728526
0.727446
0.726635
0.726095
0.725824
)
;

boundaryField
{
    inlet
    {
        type            fixedValue;
        value           uniform 1;
    }
    outlet
    {
        type            zeroGradient;
    }
    lowerWall
    {
        type            zeroGradient;
    }
    upperWall
    {
        type            zeroGradient;
    }
    frontAndBack
    {
        type            empty;
    }
}


// ************************************************************************* //
