/*--------------------------------*- C++ -*----------------------------------*\
  =========                 |
  \\      /  F ield         | OpenFOAM: The Open Source CFD Toolbox
   \\    /   O peration     | Website:  https://openfoam.org
    \\  /    A nd           | Version:  12
     \\/     M anipulation  |
\*---------------------------------------------------------------------------*/
FoamFile
{
    format      ascii;
    class       volScalarField;
    location    "70";
    object      T;
}
// * * * * * * * * * * * * * * * * * * * * * * * * * * * * * * * * * * * * * //

dimensions      [0 0 0 1 0 0 0];

internalField   nonuniform List<scalar> 
1250
(
0.996368
0.989108
0.981859
0.974628
0.967422
0.960248
0.953113
0.946024
0.938989
0.932014
0.925106
0.918272
0.911519
0.904853
0.898281
0.89181
0.885445
0.879193
0.873061
0.867054
0.861178
0.855439
0.849843
0.844395
0.839101
0.833965
0.828994
0.824191
0.819561
0.81511
0.810841
0.806759
0.802868
0.799171
0.795672
0.792375
0.789282
0.786398
0.783724
0.781264
0.77902
0.776994
0.775188
0.773603
0.772242
0.771106
0.770196
0.769512
0.769056
0.768828
0.996368
0.989108
0.981859
0.974628
0.967422
0.960248
0.953113
0.946024
0.938989
0.932014
0.925106
0.918272
0.911519
0.904853
0.898281
0.89181
0.885445
0.879193
0.873061
0.867054
0.861178
0.855439
0.849843
0.844395
0.839101
0.833965
0.828994
0.824191
0.819561
0.81511
0.810841
0.806759
0.802868
0.799171
0.795672
0.792375
0.789282
0.786398
0.783724
0.781264
0.77902
0.776994
0.775188
0.773603
0.772242
0.771106
0.770196
0.769512
0.769056
0.768828
0.996368
0.989108
0.981859
0.974628
0.967422
0.960248
0.953113
0.946024
0.938989
0.932014
0.925106
0.918272
0.911519
0.904853
0.898281
0.89181
0.885445
0.879193
0.873061
0.867054
0.861178
0.855439
0.849843
0.844395
0.839101
0.833965
0.828994
0.824191
0.819561
0.81511
0.810841
0.806759
0.802868
0.799171
0.795672
0.792375
0.789282
0.786398
0.783724
0.781264
0.77902
0.776994
0.775188
0.773603
0.772242
0.771106
0.770196
0.769512
0.769056
0.768828
0.996368
0.989108
0.981859
0.974628
0.967422
0.960248
0.953113
0.946024
0.938989
0.932014
0.925106
0.918272
0.911519
0.904853
0.898281
0.89181
0.885445
0.879193
0.873061
0.867054
0.861178
0.855439
0.849843
0.844395
0.839101
0.833965
0.828994
0.824191
0.819561
0.81511
0.810841
0.806759
0.802868
0.799171
0.795672
0.792375
0.789282
0.786398
0.783724
0.781264
0.77902
0.776994
0.775188
0.773603
0.772242
0.771106
0.770196
0.769512
0.769056
0.768828
0.996368
0.989108
0.981859
0.974628
0.967422
0.960248
0.953113
0.946024
0.938989
0.932014
0.925106
0.918272
0.911519
0.904853
0.898281
0.89181
0.885445
0.879193
0.873061
0.867054
0.861178
0.855439
0.849843
0.844395
0.839101
0.833965
0.828994
0.824191
0.819561
0.81511
0.810841
0.806759
0.802868
0.799171
0.795672
0.792375
0.789282
0.786398
0.783724
0.781264
0.77902
0.776994
0.775187
0.773603
0.772242
0.771106
0.770196
0.769512
0.769056
0.768828
0.996368
0.989108
0.981859
0.974628
0.967422
0.960248
0.953113
0.946024
0.938989
0.932014
0.925106
0.918272
0.911519
0.904853
0.898281
0.89181
0.885445
0.879193
0.873061
0.867054
0.861178
0.855439
0.849843
0.844395
0.839101
0.833965
0.828994
0.824191
0.819561
0.81511
0.810841
0.806759
0.802868
0.799171
0.795672
0.792375
0.789282
0.786398
0.783724
0.781264
0.77902
0.776994
0.775187
0.773603
0.772242
0.771106
0.770196
0.769512
0.769056
0.768828
0.996368
0.989108
0.981859
0.974628
0.967422
0.960248
0.953113
0.946024
0.938989
0.932014
0.925106
0.918272
0.911519
0.904853
0.898281
0.89181
0.885445
0.879193
0.873061
0.867054
0.861178
0.855439
0.849843
0.844395
0.839101
0.833965
0.828994
0.824191
0.819561
0.81511
0.810841
0.806759
0.802867
0.79917
0.795672
0.792375
0.789282
0.786398
0.783724
0.781264
0.77902
0.776994
0.775187
0.773603
0.772242
0.771106
0.770196
0.769512
0.769056
0.768828
0.996368
0.989108
0.981859
0.974628
0.967422
0.960248
0.953113
0.946024
0.938989
0.932014
0.925106
0.918272
0.911519
0.904853
0.898281
0.89181
0.885445
0.879193
0.873061
0.867054
0.861178
0.855439
0.849843
0.844395
0.839101
0.833965
0.828994
0.824191
0.819561
0.81511
0.810841
0.806759
0.802867
0.79917
0.795672
0.792374
0.789282
0.786398
0.783724
0.781264
0.77902
0.776994
0.775187
0.773603
0.772242
0.771106
0.770196
0.769512
0.769056
0.768828
0.996368
0.989108
0.981859
0.974628
0.967422
0.960248
0.953113
0.946024
0.938989
0.932014
0.925106
0.918272
0.911519
0.904853
0.898281
0.89181
0.885445
0.879193
0.873061
0.867054
0.861178
0.855439
0.849843
0.844395
0.839101
0.833965
0.828994
0.824191
0.819561
0.81511
0.810841
0.806759
0.802867
0.79917
0.795672
0.792374
0.789282
0.786398
0.783724
0.781264
0.77902
0.776993
0.775187
0.773603
0.772242
0.771106
0.770196
0.769512
0.769056
0.768828
0.996368
0.989108
0.981859
0.974628
0.967422
0.960248
0.953113
0.946024
0.938989
0.932014
0.925106
0.918272
0.911519
0.904853
0.898281
0.89181
0.885445
0.879193
0.873061
0.867054
0.861178
0.855439
0.849843
0.844395
0.839101
0.833965
0.828994
0.824191
0.819561
0.81511
0.810841
0.806759
0.802867
0.79917
0.795672
0.792374
0.789282
0.786398
0.783724
0.781264
0.77902
0.776993
0.775187
0.773603
0.772242
0.771106
0.770195
0.769512
0.769056
0.768828
0.996368
0.989108
0.981859
0.974628
0.967422
0.960248
0.953113
0.946024
0.938989
0.932014
0.925106
0.918272
0.911519
0.904853
0.898281
0.89181
0.885445
0.879193
0.873061
0.867054
0.861178
0.855439
0.849843
0.844395
0.839101
0.833965
0.828994
0.824191
0.819561
0.81511
0.810841
0.806759
0.802867
0.79917
0.795672
0.792374
0.789282
0.786398
0.783724
0.781264
0.77902
0.776993
0.775187
0.773603
0.772242
0.771106
0.770195
0.769512
0.769056
0.768828
0.996368
0.989108
0.981859
0.974628
0.967422
0.960248
0.953113
0.946024
0.938989
0.932014
0.925106
0.918272
0.911519
0.904853
0.898281
0.89181
0.885445
0.879193
0.873061
0.867054
0.861178
0.855439
0.849843
0.844395
0.839101
0.833965
0.828994
0.824191
0.819561
0.81511
0.810841
0.806759
0.802867
0.79917
0.795672
0.792374
0.789282
0.786398
0.783724
0.781264
0.77902
0.776993
0.775187
0.773603
0.772242
0.771106
0.770195
0.769512
0.769056
0.768828
0.996368
0.989108
0.981859
0.974628
0.967422
0.960248
0.953113
0.946024
0.938989
0.932014
0.925106
0.918272
0.911519
0.904853
0.898281
0.89181
0.885445
0.879193
0.873061
0.867054
0.861178
0.855439
0.849843
0.844395
0.839101
0.833965
0.828994
0.824191
0.819561
0.81511
0.810841
0.806759
0.802867
0.79917
0.795671
0.792374
0.789282
0.786398
0.783724
0.781264
0.779019
0.776993
0.775187
0.773603
0.772242
0.771106
0.770195
0.769512
0.769056
0.768828
0.996368
0.989108
0.981859
0.974628
0.967422
0.960248
0.953113
0.946024
0.938989
0.932014
0.925106
0.918272
0.911519
0.904853
0.898281
0.89181
0.885445
0.879193
0.873061
0.867054
0.861178
0.855439
0.849843
0.844395
0.839101
0.833965
0.828994
0.824191
0.819561
0.81511
0.810841
0.806759
0.802867
0.79917
0.795671
0.792374
0.789282
0.786397
0.783724
0.781264
0.779019
0.776993
0.775187
0.773603
0.772242
0.771105
0.770195
0.769512
0.769056
0.768828
0.996368
0.989108
0.981859
0.974628
0.967422
0.960248
0.953113
0.946024
0.938989
0.932014
0.925106
0.918272
0.911519
0.904853
0.898281
0.89181
0.885445
0.879193
0.873061
0.867054
0.861178
0.855439
0.849843
0.844395
0.839101
0.833965
0.828994
0.824191
0.819561
0.81511
0.810841
0.806759
0.802867
0.79917
0.795671
0.792374
0.789282
0.786397
0.783724
0.781264
0.779019
0.776993
0.775187
0.773602
0.772242
0.771105
0.770195
0.769512
0.769056
0.768827
0.996368
0.989108
0.981859
0.974628
0.967422
0.960248
0.953113
0.946024
0.938989
0.932014
0.925106
0.918272
0.911519
0.904853
0.898281
0.89181
0.885445
0.879193
0.873061
0.867054
0.861178
0.855439
0.849843
0.844395
0.839101
0.833965
0.828994
0.824191
0.819561
0.81511
0.810841
0.806759
0.802867
0.79917
0.795671
0.792374
0.789282
0.786397
0.783724
0.781264
0.779019
0.776993
0.775187
0.773602
0.772241
0.771105
0.770195
0.769512
0.769056
0.768827
0.996368
0.989108
0.981859
0.974628
0.967422
0.960248
0.953113
0.946024
0.938989
0.932014
0.925106
0.918272
0.911519
0.904853
0.898281
0.89181
0.885445
0.879193
0.873061
0.867054
0.861178
0.855439
0.849843
0.844395
0.839101
0.833965
0.828994
0.824191
0.819561
0.81511
0.810841
0.806759
0.802867
0.79917
0.795671
0.792374
0.789282
0.786397
0.783724
0.781264
0.779019
0.776993
0.775187
0.773602
0.772241
0.771105
0.770195
0.769511
0.769055
0.768827
0.996368
0.989108
0.981859
0.974628
0.967422
0.960248
0.953113
0.946024
0.938989
0.932014
0.925106
0.918272
0.911519
0.904853
0.898281
0.89181
0.885445
0.879193
0.873061
0.867054
0.861178
0.855439
0.849843
0.844395
0.839101
0.833965
0.828994
0.824191
0.819561
0.81511
0.810841
0.806759
0.802867
0.79917
0.795671
0.792374
0.789282
0.786397
0.783724
0.781263
0.779019
0.776993
0.775187
0.773602
0.772241
0.771105
0.770195
0.769511
0.769055
0.768827
0.996368
0.989108
0.981859
0.974628
0.967422
0.960248
0.953113
0.946024
0.938989
0.932014
0.925106
0.918272
0.911519
0.904853
0.898281
0.89181
0.885445
0.879193
0.873061
0.867054
0.861178
0.855439
0.849843
0.844395
0.839101
0.833965
0.828994
0.824191
0.819561
0.81511
0.810841
0.806759
0.802867
0.79917
0.795671
0.792374
0.789282
0.786397
0.783724
0.781263
0.779019
0.776993
0.775187
0.773602
0.772241
0.771105
0.770195
0.769511
0.769055
0.768827
0.996368
0.989108
0.981859
0.974628
0.967422
0.960248
0.953113
0.946024
0.938989
0.932014
0.925106
0.918272
0.911519
0.904853
0.898281
0.89181
0.885445
0.879193
0.873061
0.867054
0.861178
0.855439
0.849843
0.844395
0.839101
0.833965
0.828994
0.824191
0.819561
0.81511
0.810841
0.806759
0.802867
0.79917
0.795671
0.792374
0.789282
0.786397
0.783724
0.781263
0.779019
0.776993
0.775187
0.773602
0.772241
0.771105
0.770195
0.769511
0.769055
0.768827
0.996368
0.989108
0.981859
0.974628
0.967422
0.960248
0.953113
0.946024
0.938989
0.932014
0.925106
0.918272
0.911519
0.904853
0.898281
0.89181
0.885445
0.879193
0.873061
0.867054
0.861178
0.855439
0.849843
0.844395
0.839101
0.833965
0.828994
0.824191
0.819561
0.81511
0.810841
0.806759
0.802867
0.79917
0.795671
0.792374
0.789282
0.786397
0.783724
0.781263
0.779019
0.776993
0.775187
0.773602
0.772241
0.771105
0.770195
0.769511
0.769055
0.768827
0.996368
0.989108
0.981859
0.974628
0.967422
0.960248
0.953113
0.946024
0.938989
0.932014
0.925106
0.918272
0.911519
0.904853
0.898281
0.89181
0.885445
0.879193
0.873061
0.867054
0.861178
0.855439
0.849843
0.844395
0.839101
0.833965
0.828994
0.824191
0.819561
0.81511
0.810841
0.806759
0.802867
0.79917
0.795671
0.792374
0.789282
0.786397
0.783724
0.781263
0.779019
0.776993
0.775186
0.773602
0.772241
0.771105
0.770195
0.769511
0.769055
0.768827
0.996368
0.989108
0.981859
0.974628
0.967422
0.960248
0.953113
0.946024
0.938989
0.932014
0.925106
0.918273
0.911519
0.904853
0.898281
0.89181
0.885445
0.879193
0.873061
0.867054
0.861178
0.855439
0.849843
0.844395
0.839101
0.833965
0.828994
0.824191
0.819561
0.81511
0.810841
0.806759
0.802867
0.79917
0.795671
0.792374
0.789282
0.786397
0.783723
0.781263
0.779019
0.776993
0.775186
0.773602
0.772241
0.771105
0.770195
0.769511
0.769055
0.768827
0.996368
0.989108
0.981859
0.974628
0.967422
0.960248
0.953113
0.946024
0.938989
0.932014
0.925106
0.918273
0.911519
0.904853
0.898281
0.89181
0.885445
0.879194
0.873061
0.867054
0.861178
0.855439
0.849843
0.844395
0.839101
0.833965
0.828994
0.824191
0.819561
0.81511
0.810841
0.806759
0.802867
0.79917
0.795671
0.792374
0.789281
0.786397
0.783723
0.781263
0.779019
0.776993
0.775186
0.773602
0.772241
0.771105
0.770195
0.769511
0.769055
0.768827
0.996368
0.989108
0.981859
0.974628
0.967422
0.960248
0.953113
0.946024
0.938989
0.932014
0.925106
0.918273
0.911519
0.904853
0.898281
0.89181
0.885445
0.879194
0.873061
0.867054
0.861178
0.855439
0.849843
0.844395
0.839101
0.833965
0.828994
0.824191
0.819561
0.81511
0.810841
0.806759
0.802867
0.79917
0.795671
0.792374
0.789281
0.786397
0.783723
0.781263
0.779019
0.776993
0.775186
0.773602
0.772241
0.771105
0.770195
0.769511
0.769055
0.768827
)
;

boundaryField
{
    inlet
    {
        type            fixedValue;
        value           uniform 1;
    }
    outlet
    {
        type            zeroGradient;
    }
    lowerWall
    {
        type            zeroGradient;
    }
    upperWall
    {
        type            zeroGradient;
    }
    frontAndBack
    {
        type            empty;
    }
}


// ************************************************************************* //
