/*--------------------------------*- C++ -*----------------------------------*\
  =========                 |
  \\      /  F ield         | OpenFOAM: The Open Source CFD Toolbox
   \\    /   O peration     | Website:  https://openfoam.org
    \\  /    A nd           | Version:  12
     \\/     M anipulation  |
\*---------------------------------------------------------------------------*/
FoamFile
{
    format      ascii;
    class       volScalarField;
    location    "79";
    object      T;
}
// * * * * * * * * * * * * * * * * * * * * * * * * * * * * * * * * * * * * * //

dimensions      [0 0 0 1 0 0 0];

internalField   nonuniform List<scalar> 
1250
(
0.997084
0.991254
0.985432
0.979625
0.973838
0.968077
0.962348
0.956656
0.951006
0.945405
0.939858
0.93437
0.928947
0.923594
0.918316
0.913119
0.908008
0.902988
0.898063
0.893239
0.888521
0.883912
0.879418
0.875044
0.870792
0.866668
0.862676
0.858819
0.855101
0.851526
0.848098
0.84482
0.841695
0.838726
0.835917
0.833269
0.830786
0.828469
0.826322
0.824347
0.822544
0.820917
0.819467
0.818195
0.817102
0.816189
0.815458
0.814909
0.814543
0.81436
0.997084
0.991254
0.985432
0.979625
0.973838
0.968077
0.962348
0.956656
0.951006
0.945405
0.939858
0.93437
0.928947
0.923594
0.918316
0.913119
0.908008
0.902988
0.898063
0.893239
0.888521
0.883912
0.879418
0.875044
0.870792
0.866668
0.862676
0.858819
0.855101
0.851526
0.848098
0.84482
0.841695
0.838726
0.835917
0.833269
0.830786
0.828469
0.826322
0.824347
0.822544
0.820917
0.819467
0.818195
0.817102
0.816189
0.815458
0.814909
0.814543
0.81436
0.997084
0.991254
0.985432
0.979625
0.973838
0.968077
0.962348
0.956656
0.951006
0.945405
0.939858
0.93437
0.928947
0.923594
0.918316
0.913119
0.908008
0.902988
0.898063
0.893239
0.888521
0.883912
0.879418
0.875044
0.870792
0.866668
0.862676
0.858819
0.855101
0.851526
0.848098
0.84482
0.841695
0.838726
0.835917
0.833269
0.830786
0.828469
0.826322
0.824347
0.822544
0.820917
0.819467
0.818195
0.817102
0.816189
0.815458
0.814909
0.814543
0.81436
0.997084
0.991254
0.985432
0.979625
0.973838
0.968077
0.962348
0.956656
0.951006
0.945405
0.939858
0.93437
0.928947
0.923594
0.918316
0.913119
0.908008
0.902988
0.898063
0.893239
0.888521
0.883912
0.879418
0.875044
0.870792
0.866668
0.862676
0.858819
0.855101
0.851526
0.848098
0.84482
0.841695
0.838726
0.835917
0.833269
0.830786
0.828469
0.826322
0.824347
0.822544
0.820917
0.819467
0.818195
0.817102
0.816189
0.815458
0.814909
0.814543
0.81436
0.997084
0.991254
0.985432
0.979625
0.973838
0.968077
0.962348
0.956656
0.951006
0.945405
0.939858
0.93437
0.928947
0.923594
0.918316
0.913119
0.908008
0.902988
0.898063
0.893239
0.888521
0.883912
0.879418
0.875044
0.870792
0.866668
0.862676
0.858819
0.855101
0.851526
0.848098
0.84482
0.841695
0.838726
0.835917
0.833269
0.830786
0.828469
0.826322
0.824347
0.822544
0.820917
0.819467
0.818195
0.817102
0.816189
0.815458
0.814909
0.814543
0.81436
0.997084
0.991254
0.985432
0.979625
0.973838
0.968077
0.962348
0.956656
0.951006
0.945405
0.939858
0.93437
0.928947
0.923594
0.918316
0.913119
0.908008
0.902988
0.898063
0.893239
0.888521
0.883912
0.879418
0.875044
0.870792
0.866668
0.862676
0.858819
0.855101
0.851526
0.848098
0.84482
0.841695
0.838726
0.835917
0.833269
0.830786
0.828469
0.826322
0.824347
0.822544
0.820917
0.819467
0.818194
0.817102
0.816189
0.815458
0.814909
0.814543
0.81436
0.997084
0.991254
0.985432
0.979625
0.973838
0.968077
0.962348
0.956656
0.951006
0.945405
0.939858
0.93437
0.928947
0.923594
0.918316
0.913119
0.908008
0.902988
0.898063
0.893239
0.888521
0.883912
0.879418
0.875044
0.870792
0.866668
0.862676
0.858819
0.855101
0.851526
0.848098
0.84482
0.841695
0.838726
0.835917
0.833269
0.830786
0.828469
0.826322
0.824347
0.822544
0.820917
0.819467
0.818194
0.817102
0.816189
0.815458
0.814909
0.814543
0.81436
0.997084
0.991254
0.985432
0.979625
0.973838
0.968077
0.962348
0.956656
0.951006
0.945405
0.939858
0.93437
0.928947
0.923594
0.918316
0.913119
0.908008
0.902988
0.898063
0.893239
0.888521
0.883912
0.879418
0.875044
0.870792
0.866668
0.862675
0.858819
0.855101
0.851526
0.848098
0.84482
0.841695
0.838726
0.835917
0.833269
0.830785
0.828469
0.826322
0.824347
0.822544
0.820917
0.819467
0.818194
0.817101
0.816189
0.815458
0.814909
0.814543
0.81436
0.997084
0.991254
0.985432
0.979625
0.973838
0.968077
0.962348
0.956656
0.951006
0.945405
0.939858
0.93437
0.928947
0.923594
0.918316
0.913119
0.908008
0.902988
0.898063
0.893239
0.888521
0.883912
0.879418
0.875044
0.870792
0.866668
0.862675
0.858819
0.855101
0.851526
0.848098
0.84482
0.841695
0.838726
0.835916
0.833269
0.830785
0.828469
0.826322
0.824347
0.822544
0.820917
0.819467
0.818194
0.817101
0.816189
0.815458
0.814909
0.814543
0.81436
0.997084
0.991254
0.985432
0.979625
0.973838
0.968077
0.962348
0.956656
0.951006
0.945405
0.939858
0.93437
0.928947
0.923594
0.918316
0.913119
0.908008
0.902988
0.898063
0.893239
0.888521
0.883912
0.879418
0.875044
0.870792
0.866668
0.862675
0.858819
0.855101
0.851526
0.848098
0.84482
0.841695
0.838726
0.835916
0.833269
0.830785
0.828469
0.826322
0.824346
0.822544
0.820917
0.819467
0.818194
0.817101
0.816189
0.815458
0.814909
0.814543
0.81436
0.997084
0.991254
0.985432
0.979625
0.973838
0.968077
0.962348
0.956656
0.951006
0.945405
0.939858
0.93437
0.928947
0.923594
0.918316
0.913119
0.908008
0.902988
0.898063
0.893239
0.888521
0.883912
0.879418
0.875044
0.870792
0.866668
0.862675
0.858819
0.855101
0.851526
0.848098
0.84482
0.841695
0.838726
0.835916
0.833269
0.830785
0.828469
0.826322
0.824346
0.822544
0.820917
0.819466
0.818194
0.817101
0.816189
0.815458
0.814909
0.814543
0.81436
0.997084
0.991254
0.985432
0.979625
0.973838
0.968077
0.962348
0.956656
0.951006
0.945405
0.939858
0.93437
0.928947
0.923594
0.918316
0.913119
0.908008
0.902988
0.898063
0.893239
0.888521
0.883912
0.879418
0.875044
0.870792
0.866668
0.862675
0.858819
0.855101
0.851526
0.848098
0.84482
0.841695
0.838726
0.835916
0.833269
0.830785
0.828469
0.826322
0.824346
0.822544
0.820917
0.819466
0.818194
0.817101
0.816189
0.815458
0.814909
0.814543
0.81436
0.997084
0.991254
0.985432
0.979625
0.973838
0.968077
0.962348
0.956656
0.951006
0.945405
0.939858
0.93437
0.928947
0.923594
0.918316
0.913119
0.908008
0.902988
0.898063
0.893239
0.888521
0.883912
0.879418
0.875044
0.870792
0.866668
0.862675
0.858819
0.855101
0.851526
0.848098
0.84482
0.841695
0.838726
0.835916
0.833269
0.830785
0.828469
0.826322
0.824346
0.822544
0.820917
0.819466
0.818194
0.817101
0.816189
0.815458
0.814909
0.814543
0.814359
0.997084
0.991254
0.985432
0.979625
0.973838
0.968077
0.962348
0.956656
0.951006
0.945405
0.939858
0.93437
0.928947
0.923594
0.918316
0.913119
0.908008
0.902988
0.898063
0.893239
0.888521
0.883912
0.879418
0.875044
0.870792
0.866668
0.862675
0.858819
0.855101
0.851526
0.848098
0.84482
0.841695
0.838726
0.835916
0.833269
0.830785
0.828469
0.826322
0.824346
0.822544
0.820917
0.819466
0.818194
0.817101
0.816189
0.815458
0.814909
0.814543
0.814359
0.997084
0.991254
0.985432
0.979625
0.973838
0.968077
0.962348
0.956656
0.951006
0.945405
0.939858
0.93437
0.928947
0.923594
0.918316
0.913119
0.908008
0.902988
0.898063
0.893239
0.888521
0.883912
0.879418
0.875044
0.870792
0.866668
0.862675
0.858819
0.855101
0.851526
0.848098
0.84482
0.841695
0.838726
0.835916
0.833268
0.830785
0.828469
0.826322
0.824346
0.822544
0.820917
0.819466
0.818194
0.817101
0.816189
0.815458
0.814909
0.814543
0.814359
0.997084
0.991254
0.985432
0.979625
0.973838
0.968077
0.962348
0.956656
0.951006
0.945405
0.939858
0.93437
0.928947
0.923594
0.918316
0.913119
0.908008
0.902988
0.898063
0.893239
0.888521
0.883912
0.879418
0.875044
0.870792
0.866668
0.862675
0.858818
0.855101
0.851526
0.848098
0.84482
0.841695
0.838726
0.835916
0.833268
0.830785
0.828469
0.826322
0.824346
0.822544
0.820917
0.819466
0.818194
0.817101
0.816189
0.815458
0.814909
0.814543
0.814359
0.997084
0.991254
0.985432
0.979625
0.973838
0.968077
0.962348
0.956656
0.951006
0.945405
0.939858
0.93437
0.928947
0.923594
0.918316
0.913119
0.908008
0.902988
0.898063
0.893239
0.888521
0.883912
0.879418
0.875044
0.870792
0.866668
0.862675
0.858818
0.855101
0.851526
0.848098
0.84482
0.841695
0.838726
0.835916
0.833268
0.830785
0.828469
0.826322
0.824346
0.822544
0.820917
0.819466
0.818194
0.817101
0.816189
0.815458
0.814909
0.814542
0.814359
0.997084
0.991254
0.985432
0.979625
0.973838
0.968077
0.962348
0.956656
0.951006
0.945405
0.939858
0.93437
0.928947
0.923594
0.918316
0.913119
0.908008
0.902988
0.898063
0.893239
0.888521
0.883912
0.879418
0.875044
0.870792
0.866668
0.862675
0.858818
0.855101
0.851526
0.848098
0.84482
0.841695
0.838726
0.835916
0.833268
0.830785
0.828469
0.826322
0.824346
0.822544
0.820917
0.819466
0.818194
0.817101
0.816189
0.815458
0.814909
0.814542
0.814359
0.997084
0.991254
0.985432
0.979625
0.973838
0.968077
0.962348
0.956656
0.951006
0.945405
0.939858
0.93437
0.928947
0.923594
0.918316
0.913119
0.908008
0.902988
0.898063
0.893239
0.888521
0.883912
0.879418
0.875044
0.870792
0.866668
0.862675
0.858818
0.855101
0.851526
0.848098
0.84482
0.841695
0.838726
0.835916
0.833268
0.830785
0.828469
0.826322
0.824346
0.822544
0.820917
0.819466
0.818194
0.817101
0.816188
0.815457
0.814909
0.814542
0.814359
0.997084
0.991254
0.985432
0.979625
0.973839
0.968077
0.962348
0.956656
0.951006
0.945405
0.939858
0.93437
0.928947
0.923594
0.918316
0.913119
0.908008
0.902988
0.898063
0.893239
0.888521
0.883912
0.879418
0.875044
0.870792
0.866668
0.862675
0.858818
0.855101
0.851526
0.848098
0.84482
0.841695
0.838726
0.835916
0.833268
0.830785
0.828469
0.826322
0.824346
0.822544
0.820916
0.819466
0.818194
0.817101
0.816188
0.815457
0.814909
0.814542
0.814359
0.997084
0.991254
0.985432
0.979625
0.973839
0.968078
0.962348
0.956656
0.951006
0.945405
0.939858
0.93437
0.928947
0.923594
0.918316
0.913119
0.908008
0.902988
0.898063
0.893239
0.888521
0.883912
0.879418
0.875044
0.870792
0.866668
0.862675
0.858818
0.855101
0.851526
0.848098
0.84482
0.841695
0.838726
0.835916
0.833268
0.830785
0.828469
0.826322
0.824346
0.822544
0.820916
0.819466
0.818194
0.817101
0.816188
0.815457
0.814909
0.814542
0.814359
0.997084
0.991254
0.985432
0.979625
0.973839
0.968078
0.962348
0.956656
0.951006
0.945405
0.939858
0.93437
0.928947
0.923594
0.918316
0.913119
0.908008
0.902988
0.898063
0.893239
0.888521
0.883912
0.879418
0.875044
0.870792
0.866668
0.862675
0.858818
0.855101
0.851526
0.848098
0.84482
0.841695
0.838726
0.835916
0.833268
0.830785
0.828469
0.826322
0.824346
0.822544
0.820916
0.819466
0.818194
0.817101
0.816188
0.815457
0.814908
0.814542
0.814359
0.997084
0.991254
0.985432
0.979625
0.973839
0.968078
0.962348
0.956656
0.951006
0.945405
0.939858
0.93437
0.928947
0.923594
0.918316
0.913119
0.908008
0.902988
0.898063
0.893239
0.888521
0.883912
0.879418
0.875044
0.870792
0.866668
0.862675
0.858818
0.855101
0.851526
0.848098
0.84482
0.841695
0.838726
0.835916
0.833268
0.830785
0.828469
0.826322
0.824346
0.822544
0.820916
0.819466
0.818194
0.817101
0.816188
0.815457
0.814908
0.814542
0.814359
0.997084
0.991254
0.985432
0.979625
0.973839
0.968078
0.962348
0.956656
0.951006
0.945405
0.939858
0.93437
0.928947
0.923594
0.918316
0.913119
0.908008
0.902988
0.898063
0.893239
0.888521
0.883912
0.879418
0.875044
0.870792
0.866668
0.862675
0.858818
0.855101
0.851526
0.848098
0.84482
0.841695
0.838726
0.835916
0.833268
0.830785
0.828469
0.826322
0.824346
0.822544
0.820916
0.819466
0.818194
0.817101
0.816188
0.815457
0.814908
0.814542
0.814359
0.997084
0.991254
0.985432
0.979625
0.973839
0.968078
0.962348
0.956656
0.951006
0.945405
0.939858
0.93437
0.928947
0.923594
0.918316
0.913119
0.908008
0.902988
0.898063
0.893239
0.888521
0.883912
0.879418
0.875044
0.870792
0.866668
0.862675
0.858818
0.855101
0.851526
0.848098
0.84482
0.841695
0.838726
0.835916
0.833268
0.830785
0.828469
0.826322
0.824346
0.822544
0.820916
0.819466
0.818194
0.817101
0.816188
0.815457
0.814908
0.814542
0.814359
)
;

boundaryField
{
    inlet
    {
        type            fixedValue;
        value           uniform 1;
    }
    outlet
    {
        type            zeroGradient;
    }
    lowerWall
    {
        type            zeroGradient;
    }
    upperWall
    {
        type            zeroGradient;
    }
    frontAndBack
    {
        type            empty;
    }
}


// ************************************************************************* //
