/*--------------------------------*- C++ -*----------------------------------*\
  =========                 |
  \\      /  F ield         | OpenFOAM: The Open Source CFD Toolbox
   \\    /   O peration     | Website:  https://openfoam.org
    \\  /    A nd           | Version:  12
     \\/     M anipulation  |
\*---------------------------------------------------------------------------*/
FoamFile
{
    format      ascii;
    class       volScalarField;
    location    "47";
    object      T;
}
// * * * * * * * * * * * * * * * * * * * * * * * * * * * * * * * * * * * * * //

dimensions      [0 0 0 1 0 0 0];

internalField   nonuniform List<scalar> 
1250
(
0.993637
0.980917
0.968215
0.955546
0.94292
0.93035
0.91785
0.905431
0.893105
0.880885
0.868783
0.85681
0.84498
0.833302
0.821789
0.810453
0.799304
0.788353
0.777612
0.76709
0.756798
0.746747
0.736946
0.727405
0.718133
0.70914
0.700433
0.692023
0.683917
0.676122
0.668648
0.6615
0.654687
0.648214
0.642088
0.636316
0.630903
0.625853
0.621173
0.616866
0.612938
0.609391
0.606229
0.603456
0.601074
0.599085
0.597492
0.596295
0.595497
0.595098
0.993637
0.980917
0.968215
0.955546
0.94292
0.93035
0.91785
0.905431
0.893105
0.880885
0.868783
0.85681
0.84498
0.833302
0.821789
0.810453
0.799304
0.788353
0.777612
0.76709
0.756798
0.746747
0.736946
0.727405
0.718133
0.70914
0.700433
0.692023
0.683917
0.676122
0.668648
0.6615
0.654687
0.648214
0.642089
0.636316
0.630903
0.625853
0.621173
0.616866
0.612938
0.609391
0.606229
0.603456
0.601074
0.599085
0.597492
0.596295
0.595497
0.595098
0.993637
0.980917
0.968215
0.955546
0.94292
0.93035
0.91785
0.905431
0.893105
0.880885
0.868783
0.85681
0.84498
0.833302
0.821789
0.810453
0.799304
0.788353
0.777612
0.76709
0.756798
0.746747
0.736946
0.727405
0.718133
0.70914
0.700433
0.692023
0.683917
0.676122
0.668648
0.6615
0.654687
0.648214
0.642088
0.636316
0.630903
0.625853
0.621173
0.616866
0.612937
0.609391
0.606229
0.603456
0.601074
0.599085
0.597492
0.596295
0.595497
0.595098
0.993637
0.980917
0.968215
0.955546
0.94292
0.93035
0.91785
0.905431
0.893105
0.880885
0.868783
0.85681
0.84498
0.833302
0.821789
0.810453
0.799304
0.788353
0.777612
0.76709
0.756798
0.746747
0.736946
0.727405
0.718133
0.70914
0.700433
0.692023
0.683917
0.676122
0.668648
0.6615
0.654687
0.648214
0.642088
0.636316
0.630903
0.625853
0.621173
0.616866
0.612937
0.609391
0.606229
0.603456
0.601073
0.599085
0.597491
0.596295
0.595497
0.595098
0.993637
0.980917
0.968215
0.955546
0.94292
0.93035
0.91785
0.905431
0.893105
0.880885
0.868783
0.85681
0.84498
0.833302
0.821789
0.810453
0.799304
0.788353
0.777612
0.76709
0.756798
0.746747
0.736946
0.727405
0.718133
0.70914
0.700433
0.692023
0.683917
0.676122
0.668648
0.6615
0.654687
0.648214
0.642088
0.636316
0.630902
0.625853
0.621173
0.616866
0.612937
0.60939
0.606229
0.603456
0.601073
0.599085
0.597491
0.596295
0.595497
0.595097
0.993637
0.980917
0.968215
0.955546
0.94292
0.93035
0.91785
0.905431
0.893105
0.880885
0.868783
0.85681
0.84498
0.833302
0.821789
0.810453
0.799304
0.788353
0.777612
0.76709
0.756798
0.746747
0.736946
0.727405
0.718133
0.70914
0.700433
0.692023
0.683917
0.676122
0.668648
0.6615
0.654687
0.648214
0.642088
0.636316
0.630902
0.625853
0.621173
0.616866
0.612937
0.60939
0.606229
0.603456
0.601073
0.599085
0.597491
0.596295
0.595497
0.595097
0.993637
0.980917
0.968215
0.955546
0.94292
0.93035
0.91785
0.905431
0.893105
0.880885
0.868783
0.85681
0.84498
0.833302
0.821789
0.810453
0.799304
0.788353
0.777612
0.76709
0.756798
0.746747
0.736946
0.727405
0.718133
0.70914
0.700433
0.692023
0.683917
0.676122
0.668648
0.6615
0.654687
0.648214
0.642088
0.636316
0.630902
0.625853
0.621173
0.616866
0.612937
0.60939
0.606229
0.603455
0.601073
0.599085
0.597491
0.596295
0.595497
0.595097
0.993637
0.980917
0.968215
0.955546
0.94292
0.93035
0.91785
0.905431
0.893105
0.880885
0.868783
0.85681
0.84498
0.833302
0.821789
0.810453
0.799304
0.788353
0.777612
0.76709
0.756798
0.746747
0.736946
0.727405
0.718133
0.70914
0.700433
0.692023
0.683917
0.676122
0.668648
0.6615
0.654687
0.648214
0.642088
0.636316
0.630902
0.625853
0.621173
0.616866
0.612937
0.60939
0.606229
0.603455
0.601073
0.599084
0.597491
0.596295
0.595496
0.595097
0.993637
0.980917
0.968215
0.955546
0.94292
0.93035
0.91785
0.905431
0.893105
0.880885
0.868783
0.85681
0.84498
0.833302
0.821789
0.810453
0.799304
0.788353
0.777612
0.76709
0.756798
0.746747
0.736946
0.727405
0.718133
0.70914
0.700433
0.692023
0.683917
0.676122
0.668648
0.6615
0.654687
0.648214
0.642088
0.636316
0.630902
0.625853
0.621172
0.616866
0.612937
0.60939
0.606228
0.603455
0.601073
0.599084
0.597491
0.596295
0.595496
0.595097
0.993637
0.980917
0.968215
0.955546
0.94292
0.93035
0.91785
0.905431
0.893105
0.880885
0.868783
0.85681
0.84498
0.833302
0.821789
0.810453
0.799304
0.788353
0.777612
0.76709
0.756798
0.746747
0.736946
0.727405
0.718133
0.70914
0.700433
0.692023
0.683916
0.676122
0.668648
0.6615
0.654687
0.648214
0.642088
0.636316
0.630902
0.625853
0.621172
0.616866
0.612937
0.60939
0.606228
0.603455
0.601073
0.599084
0.597491
0.596294
0.595496
0.595097
0.993637
0.980917
0.968215
0.955546
0.94292
0.93035
0.91785
0.905431
0.893105
0.880885
0.868783
0.85681
0.84498
0.833302
0.821789
0.810453
0.799304
0.788353
0.777612
0.76709
0.756798
0.746747
0.736946
0.727405
0.718133
0.70914
0.700433
0.692023
0.683916
0.676122
0.668648
0.6615
0.654686
0.648214
0.642088
0.636316
0.630902
0.625853
0.621172
0.616866
0.612937
0.60939
0.606228
0.603455
0.601073
0.599084
0.597491
0.596294
0.595496
0.595097
0.993637
0.980917
0.968215
0.955546
0.94292
0.93035
0.91785
0.905431
0.893105
0.880885
0.868783
0.85681
0.84498
0.833302
0.821789
0.810453
0.799304
0.788353
0.777612
0.76709
0.756798
0.746747
0.736946
0.727405
0.718133
0.70914
0.700433
0.692023
0.683916
0.676122
0.668647
0.6615
0.654686
0.648214
0.642088
0.636316
0.630902
0.625853
0.621172
0.616865
0.612937
0.60939
0.606228
0.603455
0.601073
0.599084
0.597491
0.596294
0.595496
0.595097
0.993637
0.980917
0.968215
0.955546
0.94292
0.93035
0.91785
0.905431
0.893105
0.880885
0.868783
0.85681
0.84498
0.833302
0.821789
0.810453
0.799304
0.788353
0.777612
0.76709
0.756798
0.746747
0.736946
0.727405
0.718133
0.70914
0.700433
0.692023
0.683916
0.676122
0.668647
0.6615
0.654686
0.648214
0.642088
0.636316
0.630902
0.625852
0.621172
0.616865
0.612937
0.60939
0.606228
0.603455
0.601072
0.599084
0.59749
0.596294
0.595496
0.595096
0.993637
0.980917
0.968215
0.955546
0.94292
0.93035
0.91785
0.905431
0.893105
0.880885
0.868783
0.85681
0.84498
0.833302
0.821789
0.810453
0.799304
0.788353
0.777612
0.76709
0.756798
0.746747
0.736946
0.727405
0.718133
0.70914
0.700433
0.692023
0.683916
0.676122
0.668647
0.6615
0.654686
0.648214
0.642088
0.636315
0.630902
0.625852
0.621172
0.616865
0.612936
0.60939
0.606228
0.603455
0.601072
0.599084
0.59749
0.596294
0.595496
0.595096
0.993637
0.980917
0.968215
0.955546
0.94292
0.93035
0.91785
0.905431
0.893105
0.880885
0.868783
0.85681
0.84498
0.833302
0.821789
0.810453
0.799304
0.788353
0.777612
0.76709
0.756798
0.746747
0.736946
0.727405
0.718133
0.709139
0.700433
0.692023
0.683916
0.676122
0.668647
0.6615
0.654686
0.648213
0.642088
0.636315
0.630902
0.625852
0.621172
0.616865
0.612936
0.609389
0.606228
0.603454
0.601072
0.599083
0.59749
0.596294
0.595496
0.595096
0.993637
0.980917
0.968215
0.955546
0.94292
0.93035
0.91785
0.905431
0.893105
0.880885
0.868783
0.85681
0.84498
0.833302
0.821789
0.810453
0.799304
0.788353
0.777612
0.76709
0.756798
0.746747
0.736946
0.727405
0.718133
0.709139
0.700433
0.692023
0.683916
0.676122
0.668647
0.6615
0.654686
0.648213
0.642088
0.636315
0.630902
0.625852
0.621172
0.616865
0.612936
0.609389
0.606228
0.603454
0.601072
0.599083
0.59749
0.596294
0.595495
0.595096
0.993637
0.980917
0.968215
0.955546
0.94292
0.93035
0.91785
0.905431
0.893105
0.880885
0.868783
0.85681
0.84498
0.833302
0.821789
0.810453
0.799304
0.788353
0.777612
0.76709
0.756798
0.746747
0.736946
0.727405
0.718133
0.709139
0.700433
0.692023
0.683916
0.676122
0.668647
0.6615
0.654686
0.648213
0.642088
0.636315
0.630902
0.625852
0.621172
0.616865
0.612936
0.609389
0.606227
0.603454
0.601072
0.599083
0.59749
0.596294
0.595495
0.595096
0.993637
0.980917
0.968215
0.955546
0.94292
0.93035
0.91785
0.905431
0.893105
0.880885
0.868783
0.85681
0.84498
0.833302
0.821789
0.810453
0.799304
0.788353
0.777612
0.76709
0.756798
0.746747
0.736946
0.727405
0.718133
0.709139
0.700433
0.692023
0.683916
0.676122
0.668647
0.6615
0.654686
0.648213
0.642088
0.636315
0.630901
0.625852
0.621172
0.616865
0.612936
0.609389
0.606227
0.603454
0.601072
0.599083
0.59749
0.596293
0.595495
0.595096
0.993637
0.980917
0.968215
0.955546
0.94292
0.93035
0.91785
0.905431
0.893105
0.880885
0.868783
0.85681
0.84498
0.833302
0.82179
0.810453
0.799304
0.788353
0.777612
0.76709
0.756798
0.746747
0.736946
0.727405
0.718133
0.709139
0.700433
0.692023
0.683916
0.676122
0.668647
0.6615
0.654686
0.648213
0.642088
0.636315
0.630901
0.625852
0.621171
0.616865
0.612936
0.609389
0.606227
0.603454
0.601072
0.599083
0.59749
0.596293
0.595495
0.595096
0.993637
0.980917
0.968215
0.955546
0.94292
0.93035
0.91785
0.905431
0.893105
0.880885
0.868783
0.856811
0.84498
0.833302
0.82179
0.810453
0.799304
0.788353
0.777612
0.76709
0.756798
0.746747
0.736946
0.727405
0.718133
0.709139
0.700433
0.692023
0.683916
0.676122
0.668647
0.661499
0.654686
0.648213
0.642087
0.636315
0.630901
0.625852
0.621171
0.616865
0.612936
0.609389
0.606227
0.603454
0.601072
0.599083
0.59749
0.596293
0.595495
0.595096
0.993637
0.980917
0.968215
0.955546
0.94292
0.93035
0.91785
0.905431
0.893105
0.880885
0.868783
0.856811
0.84498
0.833302
0.82179
0.810453
0.799304
0.788353
0.777612
0.76709
0.756798
0.746747
0.736946
0.727405
0.718133
0.709139
0.700433
0.692023
0.683916
0.676122
0.668647
0.661499
0.654686
0.648213
0.642087
0.636315
0.630901
0.625852
0.621171
0.616865
0.612936
0.609389
0.606227
0.603454
0.601072
0.599083
0.59749
0.596293
0.595495
0.595096
0.993637
0.980917
0.968215
0.955546
0.94292
0.93035
0.91785
0.905431
0.893105
0.880885
0.868783
0.856811
0.84498
0.833302
0.82179
0.810453
0.799304
0.788353
0.777612
0.76709
0.756798
0.746747
0.736946
0.727405
0.718133
0.709139
0.700433
0.692023
0.683916
0.676122
0.668647
0.661499
0.654686
0.648213
0.642087
0.636315
0.630901
0.625852
0.621171
0.616865
0.612936
0.609389
0.606227
0.603454
0.601072
0.599083
0.59749
0.596293
0.595495
0.595096
0.993637
0.980917
0.968215
0.955546
0.94292
0.93035
0.91785
0.905431
0.893105
0.880885
0.868783
0.856811
0.84498
0.833302
0.82179
0.810453
0.799304
0.788353
0.777612
0.76709
0.756798
0.746747
0.736946
0.727405
0.718133
0.709139
0.700433
0.692023
0.683916
0.676122
0.668647
0.661499
0.654686
0.648213
0.642087
0.636315
0.630901
0.625852
0.621171
0.616864
0.612936
0.609389
0.606227
0.603454
0.601072
0.599083
0.597489
0.596293
0.595495
0.595096
0.993637
0.980917
0.968215
0.955546
0.94292
0.93035
0.91785
0.905431
0.893105
0.880885
0.868783
0.856811
0.84498
0.833302
0.82179
0.810453
0.799304
0.788353
0.777612
0.76709
0.756798
0.746747
0.736946
0.727405
0.718133
0.709139
0.700433
0.692023
0.683916
0.676122
0.668647
0.661499
0.654686
0.648213
0.642087
0.636315
0.630901
0.625852
0.621171
0.616864
0.612936
0.609389
0.606227
0.603454
0.601072
0.599083
0.597489
0.596293
0.595495
0.595096
0.993637
0.980917
0.968215
0.955546
0.94292
0.93035
0.91785
0.905431
0.893105
0.880885
0.868783
0.856811
0.84498
0.833302
0.82179
0.810453
0.799304
0.788353
0.777612
0.76709
0.756799
0.746747
0.736946
0.727405
0.718133
0.709139
0.700433
0.692023
0.683916
0.676122
0.668647
0.661499
0.654686
0.648213
0.642087
0.636315
0.630901
0.625852
0.621171
0.616864
0.612936
0.609389
0.606227
0.603454
0.601072
0.599083
0.597489
0.596293
0.595495
0.595096
)
;

boundaryField
{
    inlet
    {
        type            fixedValue;
        value           uniform 1;
    }
    outlet
    {
        type            zeroGradient;
    }
    lowerWall
    {
        type            zeroGradient;
    }
    upperWall
    {
        type            zeroGradient;
    }
    frontAndBack
    {
        type            empty;
    }
}


// ************************************************************************* //
