/*--------------------------------*- C++ -*----------------------------------*\
  =========                 |
  \\      /  F ield         | OpenFOAM: The Open Source CFD Toolbox
   \\    /   O peration     | Website:  https://openfoam.org
    \\  /    A nd           | Version:  12
     \\/     M anipulation  |
\*---------------------------------------------------------------------------*/
FoamFile
{
    format      ascii;
    class       volScalarField;
    location    "69";
    object      T;
}
// * * * * * * * * * * * * * * * * * * * * * * * * * * * * * * * * * * * * * //

dimensions      [0 0 0 1 0 0 0];

internalField   nonuniform List<scalar> 
1250
(
0.996279
0.98884
0.981412
0.974002
0.966618
0.959267
0.951956
0.944693
0.937484
0.930337
0.923258
0.916256
0.909336
0.902506
0.895772
0.88914
0.882619
0.876213
0.869929
0.863774
0.857753
0.851873
0.846138
0.840556
0.835131
0.829869
0.824775
0.819853
0.81511
0.810548
0.806174
0.801991
0.798004
0.794216
0.790631
0.787252
0.784084
0.781128
0.778389
0.775868
0.773568
0.771492
0.769641
0.768018
0.766623
0.765459
0.764526
0.763826
0.763359
0.763125
0.996279
0.98884
0.981412
0.974002
0.966618
0.959267
0.951956
0.944693
0.937484
0.930337
0.923258
0.916256
0.909336
0.902506
0.895772
0.88914
0.882619
0.876213
0.869929
0.863774
0.857753
0.851873
0.846138
0.840556
0.835131
0.829869
0.824775
0.819853
0.81511
0.810548
0.806174
0.801991
0.798004
0.794216
0.790631
0.787252
0.784084
0.781128
0.778389
0.775868
0.773568
0.771492
0.769641
0.768018
0.766623
0.765459
0.764526
0.763826
0.763359
0.763125
0.996279
0.98884
0.981412
0.974002
0.966618
0.959267
0.951956
0.944693
0.937484
0.930337
0.923258
0.916256
0.909336
0.902506
0.895772
0.88914
0.882619
0.876213
0.869929
0.863774
0.857753
0.851873
0.846138
0.840556
0.835131
0.829869
0.824775
0.819853
0.81511
0.810548
0.806174
0.801991
0.798004
0.794216
0.790631
0.787252
0.784084
0.781128
0.778389
0.775868
0.773568
0.771492
0.769641
0.768018
0.766623
0.765459
0.764526
0.763826
0.763359
0.763125
0.996279
0.98884
0.981412
0.974002
0.966618
0.959267
0.951956
0.944693
0.937484
0.930337
0.923258
0.916256
0.909336
0.902506
0.895772
0.88914
0.882619
0.876213
0.869929
0.863774
0.857753
0.851873
0.846138
0.840556
0.835131
0.829869
0.824775
0.819853
0.81511
0.810548
0.806174
0.801991
0.798004
0.794216
0.790631
0.787252
0.784084
0.781128
0.778388
0.775868
0.773568
0.771492
0.769641
0.768018
0.766623
0.765459
0.764526
0.763826
0.763359
0.763125
0.996279
0.98884
0.981412
0.974002
0.966618
0.959267
0.951956
0.944693
0.937484
0.930337
0.923258
0.916256
0.909336
0.902506
0.895772
0.88914
0.882619
0.876213
0.869929
0.863774
0.857753
0.851873
0.846138
0.840556
0.835131
0.829869
0.824775
0.819853
0.81511
0.810548
0.806174
0.801991
0.798004
0.794216
0.790631
0.787252
0.784084
0.781128
0.778388
0.775868
0.773568
0.771492
0.769641
0.768018
0.766623
0.765459
0.764526
0.763826
0.763359
0.763125
0.996279
0.98884
0.981412
0.974002
0.966618
0.959267
0.951956
0.944693
0.937484
0.930337
0.923258
0.916256
0.909336
0.902506
0.895772
0.88914
0.882619
0.876213
0.869929
0.863774
0.857753
0.851873
0.846138
0.840556
0.835131
0.829869
0.824775
0.819853
0.81511
0.810548
0.806174
0.801991
0.798004
0.794216
0.790631
0.787252
0.784083
0.781128
0.778388
0.775868
0.773568
0.771492
0.769641
0.768018
0.766623
0.765459
0.764526
0.763826
0.763358
0.763125
0.996279
0.98884
0.981412
0.974002
0.966618
0.959267
0.951956
0.944693
0.937484
0.930337
0.923258
0.916256
0.909336
0.902506
0.895772
0.88914
0.882619
0.876213
0.869929
0.863774
0.857753
0.851873
0.846138
0.840556
0.835131
0.829869
0.824775
0.819853
0.81511
0.810548
0.806174
0.801991
0.798004
0.794216
0.790631
0.787252
0.784083
0.781128
0.778388
0.775868
0.773568
0.771492
0.769641
0.768017
0.766623
0.765459
0.764526
0.763826
0.763358
0.763125
0.996279
0.98884
0.981412
0.974002
0.966618
0.959267
0.951956
0.944693
0.937484
0.930337
0.923258
0.916256
0.909336
0.902506
0.895772
0.88914
0.882619
0.876213
0.869929
0.863774
0.857753
0.851873
0.846138
0.840556
0.835131
0.829869
0.824775
0.819853
0.81511
0.810548
0.806174
0.801991
0.798004
0.794216
0.790631
0.787252
0.784083
0.781128
0.778388
0.775867
0.773568
0.771492
0.769641
0.768017
0.766623
0.765459
0.764526
0.763826
0.763358
0.763125
0.996279
0.98884
0.981412
0.974002
0.966618
0.959267
0.951956
0.944693
0.937484
0.930337
0.923258
0.916256
0.909336
0.902506
0.895772
0.88914
0.882619
0.876213
0.869929
0.863774
0.857753
0.851873
0.846138
0.840556
0.835131
0.829869
0.824775
0.819853
0.81511
0.810548
0.806174
0.801991
0.798004
0.794216
0.79063
0.787252
0.784083
0.781128
0.778388
0.775867
0.773568
0.771492
0.769641
0.768017
0.766623
0.765459
0.764526
0.763826
0.763358
0.763124
0.996279
0.98884
0.981412
0.974002
0.966618
0.959267
0.951956
0.944693
0.937484
0.930337
0.923258
0.916256
0.909336
0.902506
0.895772
0.88914
0.882619
0.876213
0.869929
0.863774
0.857753
0.851873
0.846138
0.840556
0.835131
0.829869
0.824775
0.819853
0.81511
0.810548
0.806174
0.801991
0.798004
0.794216
0.79063
0.787252
0.784083
0.781128
0.778388
0.775867
0.773568
0.771491
0.769641
0.768017
0.766623
0.765459
0.764526
0.763825
0.763358
0.763124
0.996279
0.98884
0.981412
0.974002
0.966618
0.959267
0.951956
0.944693
0.937484
0.930337
0.923258
0.916256
0.909336
0.902506
0.895772
0.88914
0.882619
0.876213
0.869929
0.863774
0.857753
0.851873
0.846138
0.840556
0.835131
0.829869
0.824775
0.819853
0.81511
0.810548
0.806174
0.801991
0.798004
0.794216
0.79063
0.787252
0.784083
0.781128
0.778388
0.775867
0.773568
0.771491
0.769641
0.768017
0.766623
0.765458
0.764526
0.763825
0.763358
0.763124
0.996279
0.98884
0.981412
0.974002
0.966618
0.959267
0.951956
0.944693
0.937484
0.930337
0.923258
0.916256
0.909336
0.902506
0.895772
0.88914
0.882619
0.876213
0.869929
0.863774
0.857753
0.851873
0.846138
0.840556
0.835131
0.829869
0.824775
0.819853
0.81511
0.810548
0.806174
0.801991
0.798004
0.794216
0.79063
0.787252
0.784083
0.781128
0.778388
0.775867
0.773568
0.771491
0.769641
0.768017
0.766623
0.765458
0.764526
0.763825
0.763358
0.763124
0.996279
0.98884
0.981412
0.974002
0.966618
0.959267
0.951956
0.944693
0.937484
0.930337
0.923258
0.916256
0.909336
0.902506
0.895772
0.88914
0.882619
0.876213
0.869929
0.863774
0.857753
0.851873
0.846138
0.840556
0.835131
0.829869
0.824775
0.819853
0.81511
0.810548
0.806174
0.801991
0.798004
0.794215
0.79063
0.787252
0.784083
0.781128
0.778388
0.775867
0.773567
0.771491
0.76964
0.768017
0.766623
0.765458
0.764526
0.763825
0.763358
0.763124
0.996279
0.98884
0.981412
0.974002
0.966618
0.959267
0.951956
0.944693
0.937484
0.930337
0.923258
0.916256
0.909336
0.902506
0.895772
0.88914
0.882619
0.876213
0.869929
0.863774
0.857753
0.851873
0.846138
0.840556
0.835131
0.829869
0.824775
0.819853
0.815109
0.810548
0.806174
0.801991
0.798004
0.794215
0.79063
0.787252
0.784083
0.781128
0.778388
0.775867
0.773567
0.771491
0.76964
0.768017
0.766622
0.765458
0.764526
0.763825
0.763358
0.763124
0.996279
0.98884
0.981412
0.974002
0.966618
0.959267
0.951956
0.944693
0.937484
0.930337
0.923258
0.916256
0.909336
0.902506
0.895772
0.88914
0.882619
0.876213
0.869929
0.863774
0.857753
0.851873
0.846138
0.840556
0.835131
0.829869
0.824774
0.819853
0.815109
0.810548
0.806174
0.801991
0.798004
0.794215
0.79063
0.787252
0.784083
0.781127
0.778388
0.775867
0.773567
0.771491
0.76964
0.768017
0.766622
0.765458
0.764525
0.763825
0.763358
0.763124
0.996279
0.98884
0.981412
0.974002
0.966618
0.959267
0.951956
0.944693
0.937484
0.930337
0.923258
0.916256
0.909336
0.902506
0.895772
0.88914
0.882619
0.876213
0.869929
0.863774
0.857753
0.851873
0.846138
0.840556
0.835131
0.829869
0.824774
0.819853
0.815109
0.810548
0.806174
0.801991
0.798004
0.794215
0.79063
0.787252
0.784083
0.781127
0.778388
0.775867
0.773567
0.771491
0.76964
0.768017
0.766622
0.765458
0.764525
0.763825
0.763358
0.763124
0.996279
0.98884
0.981412
0.974002
0.966618
0.959267
0.951956
0.944693
0.937484
0.930337
0.923258
0.916256
0.909336
0.902506
0.895772
0.88914
0.882619
0.876213
0.869929
0.863774
0.857753
0.851873
0.846138
0.840556
0.835131
0.829869
0.824774
0.819853
0.815109
0.810548
0.806174
0.801991
0.798004
0.794215
0.79063
0.787252
0.784083
0.781127
0.778388
0.775867
0.773567
0.771491
0.76964
0.768017
0.766622
0.765458
0.764525
0.763825
0.763358
0.763124
0.996279
0.98884
0.981412
0.974002
0.966618
0.959267
0.951956
0.944693
0.937484
0.930337
0.923259
0.916256
0.909336
0.902506
0.895772
0.88914
0.882619
0.876213
0.869929
0.863774
0.857753
0.851873
0.846138
0.840556
0.835131
0.829869
0.824774
0.819853
0.815109
0.810548
0.806174
0.801991
0.798003
0.794215
0.79063
0.787252
0.784083
0.781127
0.778388
0.775867
0.773567
0.771491
0.76964
0.768017
0.766622
0.765458
0.764525
0.763825
0.763358
0.763124
0.996279
0.98884
0.981412
0.974002
0.966618
0.959267
0.951956
0.944693
0.937484
0.930337
0.923259
0.916256
0.909336
0.902506
0.895772
0.88914
0.882619
0.876213
0.869929
0.863774
0.857753
0.851873
0.846138
0.840556
0.835131
0.829869
0.824774
0.819853
0.815109
0.810548
0.806174
0.801991
0.798003
0.794215
0.79063
0.787251
0.784083
0.781127
0.778388
0.775867
0.773567
0.771491
0.76964
0.768017
0.766622
0.765458
0.764525
0.763825
0.763358
0.763124
0.996279
0.98884
0.981412
0.974002
0.966618
0.959267
0.951956
0.944693
0.937484
0.930337
0.923259
0.916256
0.909336
0.902506
0.895772
0.88914
0.882619
0.876213
0.869929
0.863774
0.857753
0.851873
0.846138
0.840556
0.835131
0.829869
0.824774
0.819853
0.815109
0.810548
0.806174
0.801991
0.798003
0.794215
0.79063
0.787251
0.784083
0.781127
0.778388
0.775867
0.773567
0.771491
0.76964
0.768017
0.766622
0.765458
0.764525
0.763825
0.763357
0.763124
0.996279
0.98884
0.981412
0.974002
0.966618
0.959267
0.951956
0.944693
0.937484
0.930337
0.923259
0.916256
0.909336
0.902506
0.895772
0.88914
0.882619
0.876213
0.869929
0.863774
0.857753
0.851873
0.846138
0.840556
0.835131
0.829869
0.824774
0.819853
0.815109
0.810548
0.806174
0.801991
0.798003
0.794215
0.79063
0.787251
0.784083
0.781127
0.778388
0.775867
0.773567
0.771491
0.76964
0.768017
0.766622
0.765458
0.764525
0.763825
0.763357
0.763124
0.996279
0.98884
0.981412
0.974002
0.966618
0.959267
0.951956
0.944693
0.937484
0.930337
0.923259
0.916256
0.909336
0.902506
0.895772
0.88914
0.882619
0.876213
0.869929
0.863774
0.857753
0.851873
0.846138
0.840556
0.835131
0.829869
0.824774
0.819853
0.815109
0.810548
0.806174
0.801991
0.798003
0.794215
0.79063
0.787251
0.784083
0.781127
0.778388
0.775867
0.773567
0.771491
0.76964
0.768016
0.766622
0.765458
0.764525
0.763825
0.763357
0.763124
0.996279
0.98884
0.981412
0.974002
0.966618
0.959267
0.951956
0.944693
0.937484
0.930337
0.923259
0.916256
0.909336
0.902506
0.895772
0.889141
0.882619
0.876213
0.869929
0.863774
0.857753
0.851873
0.846138
0.840556
0.835131
0.829869
0.824774
0.819853
0.815109
0.810548
0.806174
0.801991
0.798003
0.794215
0.79063
0.787251
0.784083
0.781127
0.778388
0.775867
0.773567
0.771491
0.76964
0.768016
0.766622
0.765458
0.764525
0.763825
0.763357
0.763124
0.996279
0.98884
0.981412
0.974002
0.966618
0.959267
0.951956
0.944693
0.937484
0.930337
0.923259
0.916256
0.909336
0.902506
0.895772
0.889141
0.882619
0.876213
0.869929
0.863774
0.857753
0.851873
0.846138
0.840556
0.835131
0.829869
0.824774
0.819853
0.815109
0.810548
0.806174
0.801991
0.798003
0.794215
0.79063
0.787251
0.784083
0.781127
0.778388
0.775867
0.773567
0.771491
0.76964
0.768016
0.766622
0.765458
0.764525
0.763825
0.763357
0.763124
0.996279
0.98884
0.981412
0.974002
0.966618
0.959267
0.951956
0.944693
0.937484
0.930337
0.923259
0.916256
0.909336
0.902506
0.895772
0.889141
0.882619
0.876213
0.869929
0.863774
0.857753
0.851873
0.846138
0.840556
0.835131
0.829869
0.824774
0.819853
0.815109
0.810548
0.806174
0.801991
0.798003
0.794215
0.79063
0.787251
0.784083
0.781127
0.778388
0.775867
0.773567
0.771491
0.76964
0.768016
0.766622
0.765458
0.764525
0.763825
0.763357
0.763124
)
;

boundaryField
{
    inlet
    {
        type            fixedValue;
        value           uniform 1;
    }
    outlet
    {
        type            zeroGradient;
    }
    lowerWall
    {
        type            zeroGradient;
    }
    upperWall
    {
        type            zeroGradient;
    }
    frontAndBack
    {
        type            empty;
    }
}


// ************************************************************************* //
