/*--------------------------------*- C++ -*----------------------------------*\
  =========                 |
  \\      /  F ield         | OpenFOAM: The Open Source CFD Toolbox
   \\    /   O peration     | Website:  https://openfoam.org
    \\  /    A nd           | Version:  12
     \\/     M anipulation  |
\*---------------------------------------------------------------------------*/
FoamFile
{
    format      ascii;
    class       volScalarField;
    location    "83";
    object      T;
}
// * * * * * * * * * * * * * * * * * * * * * * * * * * * * * * * * * * * * * //

dimensions      [0 0 0 1 0 0 0];

internalField   nonuniform List<scalar> 
1250
(
0.997354
0.992066
0.986785
0.981518
0.976269
0.971043
0.965845
0.960682
0.955557
0.950476
0.945444
0.940466
0.935547
0.930691
0.925904
0.92119
0.916553
0.911999
0.907532
0.903156
0.898876
0.894696
0.890619
0.886651
0.882794
0.879053
0.875431
0.871933
0.86856
0.865318
0.862208
0.859235
0.8564
0.853707
0.851158
0.848756
0.846504
0.844403
0.842455
0.840663
0.839028
0.837552
0.836236
0.835082
0.834091
0.833263
0.8326
0.832102
0.83177
0.831604
0.997354
0.992066
0.986785
0.981518
0.976269
0.971043
0.965845
0.960682
0.955557
0.950476
0.945444
0.940466
0.935547
0.930691
0.925904
0.92119
0.916553
0.911999
0.907532
0.903156
0.898876
0.894696
0.890619
0.886651
0.882794
0.879053
0.875431
0.871933
0.868561
0.865318
0.862208
0.859235
0.8564
0.853707
0.851158
0.848756
0.846504
0.844403
0.842455
0.840663
0.839028
0.837552
0.836236
0.835082
0.834091
0.833263
0.8326
0.832102
0.83177
0.831604
0.997354
0.992066
0.986785
0.981518
0.976269
0.971043
0.965845
0.960682
0.955557
0.950476
0.945444
0.940466
0.935547
0.930691
0.925904
0.92119
0.916553
0.911999
0.907532
0.903156
0.898876
0.894696
0.890619
0.886651
0.882794
0.879053
0.875431
0.871933
0.868561
0.865318
0.862208
0.859235
0.8564
0.853707
0.851158
0.848756
0.846504
0.844403
0.842455
0.840663
0.839028
0.837552
0.836236
0.835082
0.834091
0.833263
0.8326
0.832102
0.83177
0.831604
0.997354
0.992066
0.986785
0.981518
0.976269
0.971043
0.965845
0.960682
0.955557
0.950476
0.945444
0.940466
0.935547
0.930691
0.925904
0.92119
0.916553
0.911999
0.907532
0.903156
0.898876
0.894696
0.890619
0.886651
0.882794
0.879053
0.875431
0.871933
0.868561
0.865318
0.862208
0.859235
0.8564
0.853707
0.851158
0.848756
0.846504
0.844403
0.842455
0.840663
0.839028
0.837552
0.836236
0.835082
0.834091
0.833263
0.8326
0.832102
0.83177
0.831604
0.997354
0.992066
0.986785
0.981518
0.976269
0.971043
0.965845
0.960682
0.955557
0.950476
0.945444
0.940466
0.935547
0.930691
0.925904
0.92119
0.916553
0.911999
0.907532
0.903156
0.898876
0.894696
0.890619
0.886651
0.882794
0.879053
0.875431
0.871933
0.86856
0.865318
0.862208
0.859235
0.8564
0.853707
0.851158
0.848756
0.846504
0.844403
0.842455
0.840663
0.839028
0.837552
0.836236
0.835082
0.834091
0.833263
0.8326
0.832102
0.83177
0.831604
0.997354
0.992066
0.986785
0.981518
0.976269
0.971043
0.965845
0.960682
0.955557
0.950476
0.945444
0.940466
0.935547
0.930691
0.925904
0.92119
0.916553
0.911999
0.907532
0.903156
0.898876
0.894696
0.890619
0.886651
0.882794
0.879053
0.875431
0.871933
0.86856
0.865318
0.862208
0.859235
0.8564
0.853707
0.851158
0.848756
0.846504
0.844403
0.842455
0.840663
0.839028
0.837552
0.836236
0.835082
0.834091
0.833263
0.8326
0.832102
0.83177
0.831604
0.997354
0.992066
0.986785
0.981518
0.976269
0.971043
0.965845
0.960682
0.955557
0.950476
0.945444
0.940466
0.935547
0.930691
0.925904
0.92119
0.916553
0.911999
0.907532
0.903156
0.898876
0.894696
0.890619
0.886651
0.882794
0.879053
0.875431
0.871933
0.86856
0.865318
0.862208
0.859235
0.8564
0.853707
0.851158
0.848756
0.846504
0.844403
0.842455
0.840663
0.839028
0.837552
0.836236
0.835082
0.834091
0.833263
0.8326
0.832102
0.83177
0.831604
0.997354
0.992066
0.986785
0.981518
0.976269
0.971043
0.965845
0.960682
0.955557
0.950476
0.945444
0.940466
0.935547
0.930691
0.925904
0.92119
0.916553
0.911999
0.907532
0.903156
0.898876
0.894696
0.890619
0.886651
0.882794
0.879053
0.875431
0.871933
0.86856
0.865318
0.862208
0.859235
0.8564
0.853707
0.851158
0.848756
0.846504
0.844402
0.842455
0.840663
0.839028
0.837552
0.836236
0.835082
0.834091
0.833263
0.8326
0.832102
0.83177
0.831604
0.997354
0.992066
0.986785
0.981518
0.976269
0.971043
0.965845
0.960682
0.955557
0.950476
0.945444
0.940466
0.935547
0.930691
0.925904
0.92119
0.916553
0.911999
0.907532
0.903156
0.898876
0.894696
0.890619
0.886651
0.882794
0.879053
0.875431
0.871933
0.86856
0.865318
0.862208
0.859235
0.8564
0.853707
0.851158
0.848756
0.846504
0.844402
0.842455
0.840663
0.839028
0.837552
0.836236
0.835082
0.834091
0.833263
0.8326
0.832102
0.83177
0.831604
0.997354
0.992066
0.986785
0.981518
0.976269
0.971043
0.965845
0.960682
0.955557
0.950476
0.945444
0.940466
0.935547
0.930691
0.925904
0.92119
0.916553
0.911999
0.907532
0.903156
0.898876
0.894696
0.890619
0.886651
0.882794
0.879053
0.875431
0.871933
0.86856
0.865318
0.862208
0.859235
0.8564
0.853707
0.851158
0.848756
0.846504
0.844402
0.842455
0.840663
0.839028
0.837552
0.836236
0.835082
0.834091
0.833263
0.8326
0.832102
0.83177
0.831604
0.997354
0.992066
0.986785
0.981518
0.976269
0.971043
0.965845
0.960682
0.955557
0.950476
0.945444
0.940466
0.935547
0.930691
0.925904
0.92119
0.916553
0.911999
0.907532
0.903156
0.898876
0.894696
0.890619
0.886651
0.882794
0.879053
0.875431
0.871933
0.86856
0.865318
0.862208
0.859235
0.8564
0.853707
0.851158
0.848756
0.846503
0.844402
0.842455
0.840663
0.839028
0.837552
0.836236
0.835082
0.834091
0.833263
0.8326
0.832102
0.83177
0.831603
0.997354
0.992066
0.986785
0.981518
0.976269
0.971043
0.965845
0.960682
0.955557
0.950476
0.945444
0.940466
0.935547
0.930691
0.925904
0.92119
0.916553
0.911999
0.907532
0.903156
0.898876
0.894696
0.890619
0.886651
0.882794
0.879053
0.875431
0.871933
0.86856
0.865318
0.862208
0.859235
0.8564
0.853707
0.851158
0.848756
0.846503
0.844402
0.842455
0.840663
0.839028
0.837552
0.836236
0.835082
0.83409
0.833263
0.8326
0.832102
0.83177
0.831603
0.997354
0.992066
0.986785
0.981518
0.976269
0.971043
0.965845
0.960682
0.955557
0.950476
0.945444
0.940466
0.935547
0.930691
0.925904
0.92119
0.916553
0.911999
0.907532
0.903156
0.898876
0.894696
0.890619
0.886651
0.882794
0.879053
0.875431
0.871933
0.86856
0.865318
0.862208
0.859234
0.8564
0.853707
0.851158
0.848756
0.846503
0.844402
0.842455
0.840663
0.839028
0.837552
0.836236
0.835082
0.83409
0.833263
0.8326
0.832102
0.83177
0.831603
0.997354
0.992066
0.986785
0.981518
0.976269
0.971043
0.965845
0.960682
0.955557
0.950476
0.945444
0.940466
0.935547
0.930691
0.925904
0.92119
0.916553
0.911999
0.907532
0.903156
0.898876
0.894696
0.890619
0.886651
0.882794
0.879053
0.875431
0.871933
0.86856
0.865318
0.862208
0.859234
0.8564
0.853707
0.851158
0.848756
0.846503
0.844402
0.842455
0.840663
0.839028
0.837552
0.836236
0.835082
0.83409
0.833263
0.8326
0.832102
0.83177
0.831603
0.997354
0.992066
0.986785
0.981518
0.976269
0.971043
0.965845
0.960682
0.955557
0.950476
0.945444
0.940466
0.935547
0.930691
0.925904
0.92119
0.916553
0.911999
0.907532
0.903156
0.898876
0.894696
0.890619
0.886651
0.882794
0.879053
0.875431
0.871933
0.86856
0.865318
0.862208
0.859234
0.8564
0.853707
0.851158
0.848756
0.846503
0.844402
0.842455
0.840662
0.839028
0.837552
0.836236
0.835082
0.83409
0.833263
0.8326
0.832102
0.831769
0.831603
0.997354
0.992066
0.986785
0.981518
0.976269
0.971043
0.965845
0.960682
0.955557
0.950476
0.945444
0.940466
0.935547
0.930691
0.925904
0.92119
0.916553
0.911999
0.907532
0.903156
0.898876
0.894696
0.890619
0.886651
0.882794
0.879053
0.875431
0.871933
0.86856
0.865318
0.862208
0.859234
0.8564
0.853707
0.851158
0.848756
0.846503
0.844402
0.842455
0.840662
0.839028
0.837551
0.836236
0.835082
0.83409
0.833263
0.832599
0.832102
0.831769
0.831603
0.997354
0.992066
0.986785
0.981518
0.976269
0.971043
0.965845
0.960682
0.955557
0.950476
0.945444
0.940466
0.935547
0.930691
0.925904
0.92119
0.916553
0.911999
0.907532
0.903156
0.898876
0.894696
0.890619
0.886651
0.882794
0.879053
0.875431
0.871933
0.86856
0.865318
0.862208
0.859234
0.8564
0.853706
0.851158
0.848756
0.846503
0.844402
0.842455
0.840662
0.839027
0.837551
0.836236
0.835082
0.83409
0.833263
0.832599
0.832102
0.831769
0.831603
0.997354
0.992066
0.986785
0.981518
0.976269
0.971043
0.965845
0.960682
0.955557
0.950476
0.945444
0.940466
0.935547
0.930691
0.925904
0.92119
0.916553
0.911999
0.907532
0.903156
0.898876
0.894696
0.890619
0.886651
0.882794
0.879053
0.875431
0.871933
0.86856
0.865318
0.862208
0.859234
0.8564
0.853706
0.851158
0.848756
0.846503
0.844402
0.842454
0.840662
0.839027
0.837551
0.836236
0.835082
0.83409
0.833263
0.832599
0.832102
0.831769
0.831603
0.997354
0.992066
0.986785
0.981518
0.976269
0.971043
0.965845
0.960682
0.955557
0.950476
0.945444
0.940466
0.935547
0.930691
0.925904
0.92119
0.916553
0.911999
0.907532
0.903156
0.898876
0.894696
0.890619
0.886651
0.882794
0.879053
0.875431
0.871933
0.86856
0.865318
0.862208
0.859234
0.8564
0.853706
0.851158
0.848756
0.846503
0.844402
0.842454
0.840662
0.839027
0.837551
0.836236
0.835081
0.83409
0.833262
0.832599
0.832101
0.831769
0.831603
0.997354
0.992066
0.986785
0.981518
0.976269
0.971043
0.965845
0.960682
0.955557
0.950476
0.945444
0.940466
0.935547
0.930691
0.925904
0.92119
0.916553
0.911999
0.907532
0.903156
0.898876
0.894696
0.890619
0.886651
0.882794
0.879053
0.875431
0.871933
0.86856
0.865318
0.862208
0.859234
0.8564
0.853706
0.851158
0.848756
0.846503
0.844402
0.842454
0.840662
0.839027
0.837551
0.836236
0.835081
0.83409
0.833262
0.832599
0.832101
0.831769
0.831603
0.997354
0.992066
0.986785
0.981518
0.976269
0.971043
0.965845
0.960682
0.955557
0.950476
0.945444
0.940466
0.935547
0.930691
0.925904
0.92119
0.916553
0.911999
0.907532
0.903156
0.898876
0.894696
0.890619
0.886651
0.882794
0.879053
0.875431
0.871933
0.86856
0.865318
0.862208
0.859234
0.8564
0.853706
0.851158
0.848756
0.846503
0.844402
0.842454
0.840662
0.839027
0.837551
0.836236
0.835081
0.83409
0.833262
0.832599
0.832101
0.831769
0.831603
0.997354
0.992066
0.986785
0.981518
0.976269
0.971043
0.965845
0.960682
0.955557
0.950476
0.945444
0.940466
0.935547
0.930691
0.925904
0.92119
0.916553
0.911999
0.907532
0.903156
0.898876
0.894696
0.890619
0.886651
0.882794
0.879053
0.875431
0.871933
0.86856
0.865318
0.862208
0.859234
0.856399
0.853706
0.851158
0.848756
0.846503
0.844402
0.842454
0.840662
0.839027
0.837551
0.836236
0.835081
0.83409
0.833262
0.832599
0.832101
0.831769
0.831603
0.997354
0.992066
0.986785
0.981518
0.976269
0.971043
0.965845
0.960682
0.955557
0.950476
0.945444
0.940466
0.935547
0.930691
0.925904
0.92119
0.916553
0.911999
0.907532
0.903156
0.898876
0.894696
0.890619
0.886651
0.882794
0.879053
0.875431
0.871933
0.86856
0.865318
0.862208
0.859234
0.856399
0.853706
0.851158
0.848756
0.846503
0.844402
0.842454
0.840662
0.839027
0.837551
0.836236
0.835081
0.83409
0.833262
0.832599
0.832101
0.831769
0.831603
0.997354
0.992066
0.986785
0.981518
0.976269
0.971043
0.965845
0.960682
0.955557
0.950476
0.945444
0.940466
0.935547
0.930691
0.925904
0.92119
0.916553
0.911999
0.907532
0.903156
0.898876
0.894696
0.890619
0.886651
0.882794
0.879053
0.875431
0.871933
0.86856
0.865318
0.862208
0.859234
0.856399
0.853706
0.851158
0.848756
0.846503
0.844402
0.842454
0.840662
0.839027
0.837551
0.836236
0.835081
0.83409
0.833262
0.832599
0.832101
0.831769
0.831603
0.997354
0.992066
0.986785
0.981518
0.976269
0.971043
0.965845
0.960682
0.955557
0.950476
0.945444
0.940466
0.935547
0.930691
0.925904
0.92119
0.916553
0.911999
0.907532
0.903156
0.898876
0.894696
0.890619
0.886651
0.882794
0.879053
0.875431
0.871933
0.86856
0.865318
0.862208
0.859234
0.856399
0.853706
0.851158
0.848756
0.846503
0.844402
0.842454
0.840662
0.839027
0.837551
0.836235
0.835081
0.83409
0.833262
0.832599
0.832101
0.831769
0.831603
)
;

boundaryField
{
    inlet
    {
        type            fixedValue;
        value           uniform 1;
    }
    outlet
    {
        type            zeroGradient;
    }
    lowerWall
    {
        type            zeroGradient;
    }
    upperWall
    {
        type            zeroGradient;
    }
    frontAndBack
    {
        type            empty;
    }
}


// ************************************************************************* //
