/*--------------------------------*- C++ -*----------------------------------*\
  =========                 |
  \\      /  F ield         | OpenFOAM: The Open Source CFD Toolbox
   \\    /   O peration     | Website:  https://openfoam.org
    \\  /    A nd           | Version:  12
     \\/     M anipulation  |
\*---------------------------------------------------------------------------*/
FoamFile
{
    format      ascii;
    class       volScalarField;
    location    "35";
    object      T;
}
// * * * * * * * * * * * * * * * * * * * * * * * * * * * * * * * * * * * * * //

dimensions      [0 0 0 1 0 0 0];

internalField   nonuniform List<scalar> 
1250
(
0.991459
0.974386
0.957339
0.940334
0.92339
0.906522
0.889748
0.873085
0.856549
0.840156
0.823924
0.807868
0.792004
0.776349
0.760917
0.745724
0.730786
0.716115
0.701729
0.687639
0.673861
0.660408
0.647292
0.634527
0.622125
0.610099
0.598459
0.587218
0.576385
0.565972
0.555988
0.546443
0.537346
0.528706
0.52053
0.512828
0.505606
0.498871
0.492629
0.486886
0.481649
0.47692
0.472706
0.46901
0.465836
0.463186
0.461063
0.459469
0.458405
0.457873
0.991459
0.974386
0.957339
0.940334
0.92339
0.906522
0.889748
0.873085
0.856549
0.840156
0.823924
0.807868
0.792004
0.776349
0.760917
0.745724
0.730786
0.716115
0.701729
0.687639
0.673861
0.660408
0.647292
0.634527
0.622125
0.610099
0.598459
0.587218
0.576385
0.565972
0.555988
0.546443
0.537346
0.528706
0.52053
0.512828
0.505606
0.498871
0.492629
0.486886
0.481649
0.47692
0.472706
0.46901
0.465836
0.463186
0.461063
0.459468
0.458405
0.457873
0.991459
0.974386
0.957339
0.940334
0.92339
0.906522
0.889748
0.873085
0.856549
0.840156
0.823924
0.807868
0.792004
0.776349
0.760917
0.745724
0.730786
0.716115
0.701729
0.687639
0.673861
0.660408
0.647292
0.634527
0.622125
0.610099
0.598459
0.587218
0.576385
0.565972
0.555988
0.546443
0.537346
0.528706
0.52053
0.512828
0.505606
0.498871
0.492629
0.486886
0.481649
0.47692
0.472706
0.46901
0.465836
0.463186
0.461063
0.459469
0.458405
0.457873
0.991459
0.974386
0.957339
0.940334
0.92339
0.906522
0.889748
0.873085
0.856549
0.840156
0.823924
0.807868
0.792004
0.776349
0.760917
0.745724
0.730786
0.716115
0.701729
0.687639
0.673861
0.660408
0.647292
0.634527
0.622125
0.610099
0.598459
0.587218
0.576385
0.565972
0.555988
0.546443
0.537346
0.528706
0.52053
0.512828
0.505606
0.498871
0.492629
0.486886
0.481649
0.47692
0.472706
0.46901
0.465835
0.463185
0.461062
0.459468
0.458405
0.457873
0.991459
0.974386
0.957339
0.940334
0.92339
0.906522
0.889748
0.873085
0.856549
0.840156
0.823924
0.807868
0.792004
0.776349
0.760917
0.745724
0.730786
0.716115
0.701729
0.687639
0.673861
0.660408
0.647292
0.634527
0.622125
0.610099
0.598459
0.587218
0.576385
0.565972
0.555988
0.546443
0.537346
0.528706
0.52053
0.512828
0.505606
0.498871
0.492629
0.486886
0.481648
0.47692
0.472706
0.46901
0.465835
0.463185
0.461062
0.459468
0.458405
0.457873
0.991459
0.974386
0.957339
0.940334
0.92339
0.906522
0.889748
0.873085
0.856549
0.840156
0.823924
0.807868
0.792004
0.776349
0.760917
0.745724
0.730786
0.716115
0.701729
0.687639
0.673861
0.660408
0.647292
0.634527
0.622126
0.610099
0.598459
0.587218
0.576385
0.565972
0.555988
0.546443
0.537346
0.528706
0.52053
0.512828
0.505606
0.498871
0.492629
0.486886
0.481648
0.47692
0.472706
0.46901
0.465835
0.463185
0.461062
0.459468
0.458405
0.457873
0.991459
0.974386
0.957339
0.940334
0.92339
0.906522
0.889748
0.873085
0.856549
0.840156
0.823924
0.807868
0.792004
0.776349
0.760917
0.745724
0.730786
0.716116
0.701729
0.687639
0.673861
0.660408
0.647292
0.634527
0.622126
0.610099
0.598459
0.587218
0.576385
0.565972
0.555988
0.546443
0.537346
0.528706
0.52053
0.512828
0.505606
0.498871
0.492629
0.486886
0.481648
0.47692
0.472706
0.46901
0.465835
0.463185
0.461062
0.459468
0.458405
0.457873
0.991459
0.974386
0.957339
0.940334
0.92339
0.906522
0.889748
0.873085
0.856549
0.840156
0.823924
0.807868
0.792004
0.776349
0.760917
0.745724
0.730786
0.716116
0.701729
0.687639
0.673861
0.660408
0.647292
0.634527
0.622126
0.610099
0.598459
0.587218
0.576385
0.565972
0.555988
0.546443
0.537346
0.528706
0.52053
0.512828
0.505606
0.498871
0.492629
0.486886
0.481648
0.47692
0.472706
0.46901
0.465835
0.463185
0.461062
0.459468
0.458405
0.457873
0.991459
0.974386
0.957339
0.940334
0.92339
0.906522
0.889748
0.873085
0.856549
0.840156
0.823924
0.807868
0.792004
0.776349
0.760917
0.745724
0.730786
0.716116
0.701729
0.687639
0.673861
0.660408
0.647292
0.634527
0.622126
0.610099
0.598459
0.587218
0.576385
0.565972
0.555988
0.546443
0.537346
0.528705
0.52053
0.512828
0.505606
0.498871
0.492629
0.486886
0.481648
0.47692
0.472706
0.46901
0.465835
0.463185
0.461062
0.459468
0.458404
0.457872
0.991459
0.974386
0.957339
0.940334
0.92339
0.906522
0.889748
0.873085
0.856549
0.840156
0.823924
0.807868
0.792005
0.776349
0.760917
0.745724
0.730786
0.716116
0.701729
0.687639
0.673861
0.660408
0.647292
0.634527
0.622126
0.610099
0.598459
0.587218
0.576385
0.565972
0.555988
0.546443
0.537346
0.528705
0.52053
0.512828
0.505606
0.49887
0.492629
0.486886
0.481648
0.47692
0.472706
0.469009
0.465835
0.463185
0.461062
0.459468
0.458404
0.457872
0.991459
0.974386
0.957339
0.940334
0.92339
0.906522
0.889748
0.873085
0.856549
0.840156
0.823924
0.807868
0.792005
0.776349
0.760917
0.745724
0.730786
0.716116
0.701729
0.687639
0.673861
0.660408
0.647292
0.634527
0.622126
0.610099
0.598459
0.587218
0.576385
0.565972
0.555988
0.546443
0.537346
0.528705
0.52053
0.512828
0.505606
0.49887
0.492628
0.486886
0.481648
0.47692
0.472705
0.469009
0.465835
0.463185
0.461062
0.459468
0.458404
0.457872
0.991459
0.974386
0.957339
0.940334
0.92339
0.906522
0.889748
0.873085
0.856549
0.840156
0.823924
0.807868
0.792005
0.776349
0.760917
0.745725
0.730786
0.716116
0.701729
0.687639
0.673861
0.660408
0.647292
0.634527
0.622126
0.610099
0.598459
0.587218
0.576385
0.565972
0.555988
0.546443
0.537346
0.528705
0.52053
0.512828
0.505606
0.49887
0.492628
0.486886
0.481648
0.476919
0.472705
0.469009
0.465835
0.463185
0.461062
0.459467
0.458404
0.457872
0.991459
0.974386
0.957339
0.940334
0.92339
0.906522
0.889748
0.873085
0.856549
0.840156
0.823924
0.807868
0.792005
0.776349
0.760917
0.745725
0.730786
0.716116
0.701729
0.687639
0.673861
0.660408
0.647292
0.634527
0.622126
0.610099
0.598459
0.587218
0.576385
0.565972
0.555988
0.546442
0.537345
0.528705
0.52053
0.512828
0.505605
0.49887
0.492628
0.486886
0.481648
0.476919
0.472705
0.469009
0.465834
0.463184
0.461061
0.459467
0.458404
0.457872
0.991459
0.974386
0.957339
0.940334
0.92339
0.906522
0.889748
0.873085
0.856549
0.840156
0.823924
0.807868
0.792005
0.776349
0.760917
0.745725
0.730786
0.716116
0.701729
0.687639
0.673861
0.660408
0.647292
0.634527
0.622126
0.610099
0.598459
0.587218
0.576385
0.565972
0.555988
0.546442
0.537345
0.528705
0.52053
0.512828
0.505605
0.49887
0.492628
0.486885
0.481648
0.476919
0.472705
0.469009
0.465834
0.463184
0.461061
0.459467
0.458404
0.457872
0.991459
0.974386
0.957339
0.940334
0.92339
0.906522
0.889748
0.873085
0.856549
0.840156
0.823924
0.807868
0.792005
0.776349
0.760917
0.745725
0.730786
0.716116
0.701729
0.68764
0.673861
0.660408
0.647292
0.634527
0.622126
0.610099
0.598459
0.587218
0.576385
0.565972
0.555987
0.546442
0.537345
0.528705
0.52053
0.512828
0.505605
0.49887
0.492628
0.486885
0.481647
0.476919
0.472705
0.469009
0.465834
0.463184
0.461061
0.459467
0.458404
0.457872
0.991459
0.974386
0.957339
0.940334
0.92339
0.906522
0.889748
0.873085
0.856549
0.840156
0.823924
0.807868
0.792005
0.776349
0.760917
0.745725
0.730786
0.716116
0.701729
0.68764
0.673861
0.660408
0.647292
0.634527
0.622126
0.610099
0.598459
0.587218
0.576385
0.565971
0.555987
0.546442
0.537345
0.528705
0.52053
0.512827
0.505605
0.49887
0.492628
0.486885
0.481647
0.476919
0.472705
0.469009
0.465834
0.463184
0.461061
0.459467
0.458403
0.457871
0.991459
0.974386
0.957339
0.940335
0.92339
0.906522
0.889748
0.873085
0.856549
0.840156
0.823924
0.807868
0.792005
0.776349
0.760918
0.745725
0.730786
0.716116
0.701729
0.68764
0.673861
0.660408
0.647292
0.634528
0.622126
0.610099
0.598459
0.587218
0.576385
0.565971
0.555987
0.546442
0.537345
0.528705
0.52053
0.512827
0.505605
0.49887
0.492628
0.486885
0.481647
0.476919
0.472705
0.469009
0.465834
0.463184
0.461061
0.459467
0.458403
0.457871
0.991459
0.974386
0.957339
0.940335
0.92339
0.906522
0.889748
0.873085
0.856549
0.840156
0.823924
0.807868
0.792005
0.776349
0.760918
0.745725
0.730786
0.716116
0.701729
0.68764
0.673861
0.660408
0.647292
0.634528
0.622126
0.610099
0.598459
0.587218
0.576385
0.565971
0.555987
0.546442
0.537345
0.528705
0.52053
0.512827
0.505605
0.49887
0.492628
0.486885
0.481647
0.476919
0.472705
0.469008
0.465834
0.463184
0.461061
0.459467
0.458403
0.457871
0.991459
0.974386
0.957339
0.940335
0.92339
0.906522
0.889748
0.873085
0.856549
0.840156
0.823924
0.807868
0.792005
0.776349
0.760918
0.745725
0.730786
0.716116
0.701729
0.68764
0.673861
0.660408
0.647292
0.634528
0.622126
0.610099
0.598459
0.587218
0.576385
0.565971
0.555987
0.546442
0.537345
0.528705
0.52053
0.512827
0.505605
0.49887
0.492628
0.486885
0.481647
0.476919
0.472704
0.469008
0.465834
0.463184
0.461061
0.459467
0.458403
0.457871
0.991459
0.974386
0.957339
0.940335
0.92339
0.906522
0.889748
0.873085
0.856549
0.840156
0.823924
0.807868
0.792005
0.776349
0.760918
0.745725
0.730786
0.716116
0.701729
0.68764
0.673862
0.660408
0.647292
0.634528
0.622126
0.610099
0.598459
0.587218
0.576385
0.565971
0.555987
0.546442
0.537345
0.528705
0.52053
0.512827
0.505605
0.49887
0.492628
0.486885
0.481647
0.476919
0.472704
0.469008
0.465834
0.463184
0.461061
0.459467
0.458403
0.457871
0.991459
0.974386
0.957339
0.940335
0.92339
0.906522
0.889748
0.873085
0.856549
0.840157
0.823924
0.807868
0.792005
0.776349
0.760918
0.745725
0.730786
0.716116
0.701729
0.68764
0.673862
0.660408
0.647293
0.634528
0.622126
0.610099
0.598459
0.587218
0.576385
0.565971
0.555987
0.546442
0.537345
0.528705
0.52053
0.512827
0.505605
0.498869
0.492628
0.486885
0.481647
0.476919
0.472704
0.469008
0.465834
0.463184
0.46106
0.459466
0.458403
0.457871
0.991459
0.974386
0.957339
0.940335
0.92339
0.906522
0.889748
0.873085
0.856549
0.840157
0.823924
0.807868
0.792005
0.77635
0.760918
0.745725
0.730786
0.716116
0.701729
0.68764
0.673862
0.660408
0.647293
0.634528
0.622126
0.610099
0.598459
0.587218
0.576385
0.565971
0.555987
0.546442
0.537345
0.528705
0.52053
0.512827
0.505605
0.498869
0.492627
0.486885
0.481647
0.476918
0.472704
0.469008
0.465834
0.463183
0.46106
0.459466
0.458403
0.457871
0.991459
0.974386
0.957339
0.940335
0.92339
0.906522
0.889748
0.873085
0.856549
0.840157
0.823924
0.807869
0.792005
0.77635
0.760918
0.745725
0.730786
0.716116
0.701729
0.68764
0.673862
0.660408
0.647293
0.634528
0.622126
0.610099
0.598459
0.587218
0.576385
0.565971
0.555987
0.546442
0.537345
0.528705
0.520529
0.512827
0.505605
0.498869
0.492627
0.486885
0.481647
0.476918
0.472704
0.469008
0.465833
0.463183
0.46106
0.459466
0.458403
0.457871
0.991459
0.974386
0.957339
0.940335
0.92339
0.906522
0.889748
0.873085
0.856549
0.840157
0.823924
0.807869
0.792005
0.77635
0.760918
0.745725
0.730786
0.716116
0.701729
0.68764
0.673862
0.660408
0.647293
0.634528
0.622126
0.610099
0.598459
0.587218
0.576385
0.565971
0.555987
0.546442
0.537345
0.528705
0.520529
0.512827
0.505605
0.498869
0.492627
0.486885
0.481647
0.476918
0.472704
0.469008
0.465833
0.463183
0.46106
0.459466
0.458403
0.457871
0.991459
0.974386
0.957339
0.940335
0.92339
0.906522
0.889748
0.873085
0.856549
0.840157
0.823924
0.807869
0.792005
0.77635
0.760918
0.745725
0.730786
0.716116
0.701729
0.68764
0.673862
0.660408
0.647293
0.634528
0.622126
0.610099
0.598459
0.587218
0.576385
0.565971
0.555987
0.546442
0.537345
0.528705
0.520529
0.512827
0.505605
0.498869
0.492627
0.486885
0.481647
0.476918
0.472704
0.469008
0.465833
0.463183
0.46106
0.459466
0.458403
0.457871
)
;

boundaryField
{
    inlet
    {
        type            fixedValue;
        value           uniform 1;
    }
    outlet
    {
        type            zeroGradient;
    }
    lowerWall
    {
        type            zeroGradient;
    }
    upperWall
    {
        type            zeroGradient;
    }
    frontAndBack
    {
        type            empty;
    }
}


// ************************************************************************* //
