/*--------------------------------*- C++ -*----------------------------------*\
  =========                 |
  \\      /  F ield         | OpenFOAM: The Open Source CFD Toolbox
   \\    /   O peration     | Website:  https://openfoam.org
    \\  /    A nd           | Version:  12
     \\/     M anipulation  |
\*---------------------------------------------------------------------------*/
FoamFile
{
    format      ascii;
    class       volScalarField;
    location    "52";
    object      T;
}
// * * * * * * * * * * * * * * * * * * * * * * * * * * * * * * * * * * * * * //

dimensions      [0 0 0 1 0 0 0];

internalField   nonuniform List<scalar> 
1250
(
0.994368
0.983109
0.971866
0.960652
0.949476
0.93835
0.927285
0.916292
0.905382
0.894565
0.883852
0.873254
0.862782
0.852444
0.842253
0.832217
0.822348
0.812653
0.803144
0.793829
0.784718
0.775819
0.767142
0.758694
0.750485
0.742522
0.734813
0.727366
0.720189
0.713287
0.706668
0.700339
0.694306
0.688574
0.68315
0.678038
0.673244
0.668772
0.664627
0.660813
0.657334
0.654193
0.651393
0.648937
0.646827
0.645066
0.643654
0.642595
0.641888
0.641534
0.994368
0.983109
0.971866
0.960652
0.949476
0.93835
0.927285
0.916292
0.905382
0.894565
0.883852
0.873254
0.862782
0.852444
0.842253
0.832217
0.822348
0.812653
0.803144
0.793829
0.784718
0.775819
0.767142
0.758694
0.750485
0.742522
0.734813
0.727366
0.720189
0.713287
0.706668
0.700339
0.694306
0.688574
0.68315
0.678038
0.673244
0.668772
0.664627
0.660813
0.657334
0.654193
0.651393
0.648937
0.646827
0.645066
0.643654
0.642595
0.641888
0.641534
0.994368
0.983109
0.971866
0.960652
0.949476
0.93835
0.927285
0.916292
0.905382
0.894565
0.883852
0.873254
0.862782
0.852444
0.842253
0.832217
0.822348
0.812653
0.803144
0.793829
0.784718
0.775819
0.767142
0.758694
0.750485
0.742522
0.734813
0.727366
0.720189
0.713287
0.706668
0.700339
0.694306
0.688574
0.68315
0.678038
0.673244
0.668772
0.664627
0.660813
0.657334
0.654193
0.651393
0.648937
0.646827
0.645066
0.643654
0.642595
0.641888
0.641534
0.994368
0.983109
0.971866
0.960652
0.949476
0.93835
0.927285
0.916292
0.905382
0.894565
0.883852
0.873254
0.862782
0.852444
0.842253
0.832217
0.822348
0.812653
0.803144
0.793829
0.784718
0.775819
0.767142
0.758694
0.750485
0.742522
0.734813
0.727366
0.720189
0.713287
0.706668
0.700339
0.694306
0.688574
0.68315
0.678038
0.673244
0.668772
0.664627
0.660813
0.657334
0.654193
0.651393
0.648937
0.646827
0.645066
0.643654
0.642595
0.641888
0.641534
0.994368
0.983109
0.971866
0.960652
0.949476
0.93835
0.927285
0.916292
0.905382
0.894565
0.883852
0.873254
0.862782
0.852444
0.842253
0.832217
0.822348
0.812653
0.803144
0.793829
0.784718
0.775819
0.767142
0.758694
0.750485
0.742522
0.734813
0.727366
0.720189
0.713287
0.706668
0.700339
0.694306
0.688574
0.68315
0.678038
0.673244
0.668772
0.664627
0.660813
0.657334
0.654193
0.651393
0.648937
0.646827
0.645065
0.643654
0.642595
0.641888
0.641534
0.994368
0.983109
0.971866
0.960652
0.949476
0.93835
0.927285
0.916292
0.905382
0.894565
0.883852
0.873254
0.862782
0.852444
0.842253
0.832217
0.822348
0.812653
0.803144
0.793829
0.784718
0.775819
0.767142
0.758694
0.750485
0.742522
0.734813
0.727366
0.720189
0.713287
0.706668
0.700339
0.694306
0.688574
0.68315
0.678038
0.673244
0.668772
0.664627
0.660813
0.657334
0.654193
0.651393
0.648936
0.646827
0.645065
0.643654
0.642595
0.641888
0.641534
0.994368
0.983109
0.971866
0.960652
0.949476
0.93835
0.927285
0.916292
0.905382
0.894565
0.883852
0.873254
0.862782
0.852444
0.842253
0.832217
0.822348
0.812653
0.803144
0.793829
0.784718
0.775819
0.767142
0.758694
0.750485
0.742522
0.734813
0.727366
0.720189
0.713287
0.706668
0.700339
0.694306
0.688574
0.68315
0.678038
0.673244
0.668772
0.664627
0.660813
0.657334
0.654193
0.651393
0.648936
0.646827
0.645065
0.643654
0.642595
0.641888
0.641534
0.994368
0.983109
0.971866
0.960652
0.949476
0.93835
0.927285
0.916292
0.905382
0.894565
0.883852
0.873254
0.862782
0.852444
0.842253
0.832217
0.822348
0.812653
0.803144
0.793829
0.784718
0.775819
0.767142
0.758694
0.750485
0.742522
0.734813
0.727366
0.720189
0.713287
0.706668
0.700339
0.694306
0.688574
0.68315
0.678038
0.673244
0.668772
0.664627
0.660813
0.657334
0.654192
0.651392
0.648936
0.646827
0.645065
0.643654
0.642594
0.641888
0.641534
0.994368
0.983109
0.971866
0.960652
0.949476
0.93835
0.927285
0.916292
0.905382
0.894565
0.883852
0.873254
0.862782
0.852444
0.842253
0.832217
0.822348
0.812653
0.803144
0.793829
0.784718
0.775819
0.767142
0.758694
0.750485
0.742522
0.734813
0.727366
0.720189
0.713287
0.706668
0.700339
0.694306
0.688574
0.68315
0.678038
0.673244
0.668772
0.664627
0.660813
0.657334
0.654192
0.651392
0.648936
0.646826
0.645065
0.643654
0.642594
0.641887
0.641534
0.994368
0.983109
0.971866
0.960652
0.949476
0.93835
0.927285
0.916292
0.905382
0.894565
0.883852
0.873254
0.862782
0.852444
0.842253
0.832217
0.822348
0.812653
0.803144
0.793829
0.784718
0.775819
0.767142
0.758694
0.750485
0.742522
0.734813
0.727366
0.720189
0.713287
0.706668
0.700339
0.694306
0.688574
0.683149
0.678038
0.673244
0.668772
0.664627
0.660813
0.657334
0.654192
0.651392
0.648936
0.646826
0.645065
0.643654
0.642594
0.641887
0.641534
0.994368
0.983109
0.971866
0.960652
0.949476
0.93835
0.927285
0.916292
0.905382
0.894565
0.883852
0.873254
0.862782
0.852444
0.842253
0.832217
0.822348
0.812653
0.803144
0.793829
0.784718
0.775819
0.767142
0.758694
0.750485
0.742522
0.734813
0.727366
0.720189
0.713287
0.706668
0.700339
0.694306
0.688574
0.683149
0.678038
0.673243
0.668772
0.664627
0.660813
0.657333
0.654192
0.651392
0.648936
0.646826
0.645065
0.643654
0.642594
0.641887
0.641534
0.994368
0.983109
0.971866
0.960652
0.949476
0.93835
0.927285
0.916292
0.905382
0.894565
0.883852
0.873254
0.862782
0.852444
0.842253
0.832217
0.822348
0.812653
0.803144
0.793829
0.784718
0.775819
0.767142
0.758694
0.750485
0.742522
0.734813
0.727366
0.720189
0.713287
0.706668
0.700339
0.694306
0.688574
0.683149
0.678038
0.673243
0.668772
0.664627
0.660813
0.657333
0.654192
0.651392
0.648936
0.646826
0.645065
0.643654
0.642594
0.641887
0.641533
0.994368
0.983109
0.971866
0.960652
0.949476
0.93835
0.927285
0.916292
0.905382
0.894565
0.883852
0.873254
0.862782
0.852444
0.842253
0.832217
0.822348
0.812653
0.803144
0.793829
0.784718
0.775819
0.767142
0.758694
0.750485
0.742522
0.734813
0.727366
0.720189
0.713287
0.706668
0.700339
0.694306
0.688574
0.683149
0.678037
0.673243
0.668772
0.664627
0.660813
0.657333
0.654192
0.651392
0.648936
0.646826
0.645065
0.643653
0.642594
0.641887
0.641533
0.994368
0.983109
0.971866
0.960652
0.949476
0.93835
0.927285
0.916292
0.905382
0.894565
0.883852
0.873254
0.862782
0.852444
0.842253
0.832217
0.822348
0.812653
0.803144
0.793829
0.784718
0.775819
0.767142
0.758694
0.750485
0.742522
0.734813
0.727366
0.720189
0.713287
0.706668
0.700339
0.694306
0.688574
0.683149
0.678037
0.673243
0.668771
0.664627
0.660812
0.657333
0.654192
0.651392
0.648936
0.646826
0.645065
0.643653
0.642594
0.641887
0.641533
0.994368
0.983109
0.971866
0.960652
0.949476
0.93835
0.927285
0.916292
0.905382
0.894565
0.883852
0.873254
0.862782
0.852444
0.842253
0.832217
0.822348
0.812653
0.803144
0.793829
0.784718
0.775819
0.767142
0.758694
0.750485
0.742522
0.734813
0.727366
0.720189
0.713287
0.706668
0.700339
0.694305
0.688574
0.683149
0.678037
0.673243
0.668771
0.664626
0.660812
0.657333
0.654192
0.651392
0.648936
0.646826
0.645064
0.643653
0.642594
0.641887
0.641533
0.994368
0.983109
0.971866
0.960652
0.949476
0.93835
0.927285
0.916292
0.905382
0.894565
0.883852
0.873254
0.862782
0.852445
0.842253
0.832218
0.822348
0.812653
0.803144
0.793829
0.784718
0.775819
0.767142
0.758694
0.750485
0.742522
0.734813
0.727366
0.720188
0.713287
0.706668
0.700339
0.694305
0.688574
0.683149
0.678037
0.673243
0.668771
0.664626
0.660812
0.657333
0.654192
0.651392
0.648935
0.646826
0.645064
0.643653
0.642594
0.641887
0.641533
0.994368
0.983109
0.971866
0.960652
0.949476
0.93835
0.927285
0.916292
0.905382
0.894565
0.883852
0.873254
0.862782
0.852445
0.842253
0.832218
0.822348
0.812653
0.803144
0.793829
0.784718
0.775819
0.767142
0.758694
0.750485
0.742522
0.734813
0.727366
0.720188
0.713287
0.706668
0.700339
0.694305
0.688574
0.683149
0.678037
0.673243
0.668771
0.664626
0.660812
0.657333
0.654192
0.651391
0.648935
0.646826
0.645064
0.643653
0.642593
0.641887
0.641533
0.994368
0.983109
0.971866
0.960652
0.949476
0.93835
0.927285
0.916292
0.905382
0.894565
0.883852
0.873254
0.862782
0.852445
0.842253
0.832218
0.822348
0.812653
0.803144
0.793829
0.784718
0.775819
0.767142
0.758694
0.750485
0.742522
0.734813
0.727366
0.720188
0.713287
0.706668
0.700339
0.694305
0.688573
0.683149
0.678037
0.673243
0.668771
0.664626
0.660812
0.657333
0.654191
0.651391
0.648935
0.646825
0.645064
0.643653
0.642593
0.641886
0.641533
0.994368
0.983109
0.971866
0.960652
0.949476
0.93835
0.927285
0.916292
0.905382
0.894565
0.883852
0.873254
0.862782
0.852445
0.842253
0.832218
0.822348
0.812653
0.803144
0.793829
0.784718
0.775819
0.767142
0.758694
0.750485
0.742522
0.734813
0.727366
0.720188
0.713287
0.706668
0.700339
0.694305
0.688573
0.683149
0.678037
0.673243
0.668771
0.664626
0.660812
0.657333
0.654191
0.651391
0.648935
0.646825
0.645064
0.643653
0.642593
0.641886
0.641533
0.994368
0.983109
0.971866
0.960652
0.949476
0.93835
0.927285
0.916292
0.905382
0.894565
0.883852
0.873254
0.862782
0.852445
0.842253
0.832218
0.822348
0.812653
0.803144
0.793829
0.784718
0.775819
0.767142
0.758694
0.750485
0.742522
0.734813
0.727366
0.720188
0.713287
0.706668
0.700339
0.694305
0.688573
0.683149
0.678037
0.673243
0.668771
0.664626
0.660812
0.657333
0.654191
0.651391
0.648935
0.646825
0.645064
0.643653
0.642593
0.641886
0.641533
0.994368
0.983109
0.971866
0.960652
0.949476
0.93835
0.927285
0.916292
0.905382
0.894565
0.883852
0.873255
0.862782
0.852445
0.842253
0.832218
0.822348
0.812653
0.803144
0.793829
0.784718
0.775819
0.767142
0.758694
0.750485
0.742522
0.734813
0.727366
0.720188
0.713287
0.706668
0.700339
0.694305
0.688573
0.683149
0.678037
0.673243
0.668771
0.664626
0.660812
0.657333
0.654191
0.651391
0.648935
0.646825
0.645064
0.643653
0.642593
0.641886
0.641533
0.994368
0.983109
0.971866
0.960652
0.949476
0.93835
0.927285
0.916292
0.905382
0.894565
0.883852
0.873255
0.862782
0.852445
0.842253
0.832218
0.822348
0.812653
0.803144
0.793829
0.784718
0.775819
0.767142
0.758694
0.750485
0.742522
0.734813
0.727366
0.720188
0.713287
0.706668
0.700339
0.694305
0.688573
0.683149
0.678037
0.673243
0.668771
0.664626
0.660812
0.657333
0.654191
0.651391
0.648935
0.646825
0.645064
0.643653
0.642593
0.641886
0.641533
0.994368
0.983109
0.971866
0.960652
0.949476
0.93835
0.927285
0.916292
0.905382
0.894565
0.883852
0.873255
0.862782
0.852445
0.842253
0.832218
0.822348
0.812653
0.803144
0.793829
0.784718
0.775819
0.767142
0.758694
0.750485
0.742522
0.734813
0.727366
0.720188
0.713287
0.706668
0.700339
0.694305
0.688573
0.683149
0.678037
0.673243
0.668771
0.664626
0.660812
0.657332
0.654191
0.651391
0.648935
0.646825
0.645064
0.643653
0.642593
0.641886
0.641532
0.994368
0.983109
0.971866
0.960652
0.949476
0.93835
0.927285
0.916292
0.905382
0.894565
0.883853
0.873255
0.862782
0.852445
0.842253
0.832218
0.822348
0.812653
0.803144
0.793829
0.784718
0.775819
0.767142
0.758694
0.750485
0.742522
0.734813
0.727366
0.720188
0.713287
0.706668
0.700339
0.694305
0.688573
0.683149
0.678037
0.673243
0.668771
0.664626
0.660812
0.657332
0.654191
0.651391
0.648935
0.646825
0.645064
0.643653
0.642593
0.641886
0.641532
0.994368
0.983109
0.971866
0.960652
0.949476
0.93835
0.927285
0.916292
0.905382
0.894565
0.883853
0.873255
0.862782
0.852445
0.842253
0.832218
0.822348
0.812653
0.803144
0.793829
0.784718
0.775819
0.767142
0.758694
0.750485
0.742522
0.734813
0.727366
0.720188
0.713287
0.706668
0.700339
0.694305
0.688573
0.683149
0.678037
0.673243
0.668771
0.664626
0.660812
0.657332
0.654191
0.651391
0.648935
0.646825
0.645064
0.643653
0.642593
0.641886
0.641532
)
;

boundaryField
{
    inlet
    {
        type            fixedValue;
        value           uniform 1;
    }
    outlet
    {
        type            zeroGradient;
    }
    lowerWall
    {
        type            zeroGradient;
    }
    upperWall
    {
        type            zeroGradient;
    }
    frontAndBack
    {
        type            empty;
    }
}


// ************************************************************************* //
