/*--------------------------------*- C++ -*----------------------------------*\
  =========                 |
  \\      /  F ield         | OpenFOAM: The Open Source CFD Toolbox
   \\    /   O peration     | Website:  https://openfoam.org
    \\  /    A nd           | Version:  12
     \\/     M anipulation  |
\*---------------------------------------------------------------------------*/
FoamFile
{
    format      ascii;
    class       volScalarField;
    location    "57";
    object      T;
}
// * * * * * * * * * * * * * * * * * * * * * * * * * * * * * * * * * * * * * //

dimensions      [0 0 0 1 0 0 0];

internalField   nonuniform List<scalar> 
1250
(
0.995014
0.985047
0.975096
0.965168
0.955275
0.945426
0.935632
0.9259
0.916242
0.906667
0.897183
0.887802
0.878531
0.86938
0.860358
0.851474
0.842736
0.834154
0.825736
0.817489
0.809423
0.801545
0.793863
0.786384
0.779117
0.772067
0.765242
0.758649
0.752294
0.746184
0.740324
0.734721
0.729379
0.724304
0.719501
0.714975
0.710731
0.706772
0.703102
0.699725
0.696644
0.693863
0.691384
0.689209
0.687341
0.685781
0.684532
0.683594
0.682968
0.682655
0.995014
0.985047
0.975096
0.965168
0.955275
0.945426
0.935632
0.9259
0.916242
0.906667
0.897183
0.887802
0.878531
0.86938
0.860358
0.851474
0.842736
0.834154
0.825736
0.817489
0.809423
0.801545
0.793863
0.786384
0.779117
0.772067
0.765242
0.758649
0.752294
0.746184
0.740324
0.734721
0.729379
0.724304
0.719501
0.714975
0.710731
0.706772
0.703102
0.699725
0.696644
0.693863
0.691384
0.689209
0.687341
0.685781
0.684532
0.683594
0.682968
0.682655
0.995014
0.985047
0.975096
0.965168
0.955275
0.945426
0.935632
0.9259
0.916242
0.906667
0.897183
0.887802
0.878531
0.86938
0.860358
0.851474
0.842736
0.834154
0.825736
0.817489
0.809423
0.801545
0.793863
0.786384
0.779117
0.772067
0.765242
0.758649
0.752294
0.746184
0.740324
0.734721
0.729379
0.724304
0.719501
0.714975
0.710731
0.706772
0.703102
0.699725
0.696644
0.693863
0.691384
0.689209
0.687341
0.685781
0.684532
0.683594
0.682968
0.682655
0.995014
0.985047
0.975096
0.965168
0.955275
0.945426
0.935632
0.9259
0.916242
0.906667
0.897183
0.887802
0.878531
0.86938
0.860358
0.851474
0.842736
0.834154
0.825736
0.817489
0.809423
0.801545
0.793863
0.786384
0.779117
0.772067
0.765242
0.758649
0.752294
0.746184
0.740324
0.734721
0.729379
0.724304
0.719501
0.714975
0.710731
0.706771
0.703102
0.699725
0.696644
0.693863
0.691384
0.689209
0.687341
0.685781
0.684532
0.683594
0.682968
0.682654
0.995014
0.985047
0.975096
0.965168
0.955275
0.945426
0.935632
0.9259
0.916242
0.906667
0.897183
0.887802
0.878531
0.86938
0.860358
0.851474
0.842736
0.834154
0.825736
0.817489
0.809423
0.801545
0.793863
0.786384
0.779117
0.772067
0.765242
0.758649
0.752294
0.746184
0.740324
0.734721
0.729379
0.724304
0.719501
0.714975
0.710731
0.706771
0.703102
0.699725
0.696644
0.693863
0.691383
0.689209
0.687341
0.685781
0.684532
0.683594
0.682968
0.682654
0.995014
0.985047
0.975096
0.965168
0.955275
0.945426
0.935632
0.9259
0.916242
0.906667
0.897183
0.887802
0.878531
0.86938
0.860358
0.851474
0.842736
0.834154
0.825736
0.817489
0.809423
0.801545
0.793863
0.786384
0.779117
0.772067
0.765242
0.758649
0.752294
0.746184
0.740324
0.734721
0.729379
0.724304
0.719501
0.714975
0.710731
0.706771
0.703102
0.699725
0.696644
0.693863
0.691383
0.689209
0.687341
0.685781
0.684532
0.683593
0.682968
0.682654
0.995014
0.985047
0.975096
0.965168
0.955275
0.945426
0.935632
0.9259
0.916242
0.906667
0.897183
0.887802
0.878531
0.86938
0.860358
0.851474
0.842736
0.834154
0.825736
0.817489
0.809423
0.801545
0.793863
0.786384
0.779117
0.772067
0.765242
0.758649
0.752294
0.746184
0.740324
0.734721
0.729379
0.724304
0.719501
0.714975
0.710731
0.706771
0.703101
0.699725
0.696644
0.693863
0.691383
0.689209
0.687341
0.685781
0.684532
0.683593
0.682967
0.682654
0.995014
0.985047
0.975096
0.965168
0.955275
0.945426
0.935632
0.9259
0.916242
0.906667
0.897183
0.887802
0.878531
0.86938
0.860358
0.851474
0.842736
0.834154
0.825736
0.817489
0.809423
0.801545
0.793863
0.786384
0.779117
0.772067
0.765242
0.758649
0.752294
0.746184
0.740324
0.734721
0.729379
0.724304
0.719501
0.714975
0.710731
0.706771
0.703101
0.699724
0.696644
0.693862
0.691383
0.689209
0.68734
0.685781
0.684532
0.683593
0.682967
0.682654
0.995014
0.985047
0.975096
0.965168
0.955275
0.945426
0.935632
0.9259
0.916242
0.906667
0.897183
0.887802
0.878531
0.86938
0.860358
0.851474
0.842736
0.834154
0.825736
0.817489
0.809423
0.801545
0.793863
0.786384
0.779117
0.772067
0.765242
0.758649
0.752294
0.746184
0.740324
0.73472
0.729379
0.724304
0.719501
0.714975
0.710731
0.706771
0.703101
0.699724
0.696644
0.693862
0.691383
0.689208
0.68734
0.685781
0.684531
0.683593
0.682967
0.682654
0.995014
0.985047
0.975096
0.965168
0.955275
0.945426
0.935632
0.9259
0.916242
0.906667
0.897183
0.887802
0.878531
0.86938
0.860358
0.851474
0.842736
0.834154
0.825736
0.817489
0.809423
0.801545
0.793863
0.786384
0.779117
0.772067
0.765242
0.758649
0.752294
0.746184
0.740324
0.73472
0.729379
0.724304
0.719501
0.714975
0.71073
0.706771
0.703101
0.699724
0.696644
0.693862
0.691383
0.689208
0.68734
0.685781
0.684531
0.683593
0.682967
0.682654
0.995014
0.985047
0.975096
0.965168
0.955275
0.945426
0.935632
0.9259
0.916242
0.906667
0.897183
0.887802
0.878531
0.86938
0.860358
0.851474
0.842736
0.834154
0.825736
0.817489
0.809423
0.801545
0.793863
0.786384
0.779117
0.772067
0.765242
0.758649
0.752294
0.746184
0.740324
0.73472
0.729379
0.724304
0.719501
0.714975
0.71073
0.706771
0.703101
0.699724
0.696644
0.693862
0.691383
0.689208
0.68734
0.685781
0.684531
0.683593
0.682967
0.682654
0.995014
0.985047
0.975096
0.965168
0.955275
0.945426
0.935632
0.9259
0.916242
0.906667
0.897183
0.887802
0.878531
0.86938
0.860358
0.851474
0.842736
0.834154
0.825736
0.817489
0.809423
0.801545
0.793863
0.786384
0.779117
0.772067
0.765242
0.758649
0.752294
0.746184
0.740324
0.73472
0.729379
0.724304
0.719501
0.714975
0.71073
0.706771
0.703101
0.699724
0.696643
0.693862
0.691383
0.689208
0.68734
0.685781
0.684531
0.683593
0.682967
0.682654
0.995014
0.985047
0.975096
0.965168
0.955275
0.945426
0.935632
0.9259
0.916242
0.906667
0.897183
0.887802
0.878531
0.86938
0.860358
0.851474
0.842736
0.834154
0.825736
0.817489
0.809423
0.801545
0.793863
0.786384
0.779117
0.772067
0.765242
0.758649
0.752294
0.746184
0.740324
0.73472
0.729378
0.724304
0.719501
0.714975
0.71073
0.706771
0.703101
0.699724
0.696643
0.693862
0.691383
0.689208
0.68734
0.68578
0.684531
0.683593
0.682967
0.682654
0.995014
0.985047
0.975096
0.965168
0.955275
0.945426
0.935632
0.9259
0.916242
0.906667
0.897183
0.887802
0.878531
0.86938
0.860358
0.851474
0.842736
0.834154
0.825736
0.817489
0.809423
0.801545
0.793863
0.786384
0.779117
0.772067
0.765242
0.758649
0.752294
0.746184
0.740324
0.73472
0.729378
0.724304
0.719501
0.714975
0.71073
0.706771
0.703101
0.699724
0.696643
0.693862
0.691383
0.689208
0.68734
0.68578
0.684531
0.683593
0.682967
0.682654
0.995014
0.985047
0.975096
0.965168
0.955275
0.945426
0.935632
0.9259
0.916242
0.906667
0.897183
0.887802
0.878531
0.86938
0.860358
0.851474
0.842736
0.834154
0.825736
0.817489
0.809423
0.801545
0.793863
0.786384
0.779117
0.772067
0.765242
0.758649
0.752294
0.746184
0.740324
0.73472
0.729378
0.724304
0.719501
0.714975
0.71073
0.706771
0.703101
0.699724
0.696643
0.693862
0.691383
0.689208
0.68734
0.68578
0.684531
0.683593
0.682967
0.682653
0.995014
0.985047
0.975096
0.965168
0.955275
0.945426
0.935632
0.9259
0.916242
0.906667
0.897183
0.887802
0.878531
0.86938
0.860358
0.851474
0.842736
0.834154
0.825736
0.817489
0.809423
0.801545
0.793863
0.786384
0.779117
0.772067
0.765242
0.758649
0.752294
0.746184
0.740324
0.73472
0.729378
0.724303
0.719501
0.714975
0.71073
0.706771
0.703101
0.699724
0.696643
0.693862
0.691382
0.689208
0.68734
0.68578
0.684531
0.683592
0.682966
0.682653
0.995014
0.985047
0.975096
0.965168
0.955275
0.945426
0.935632
0.9259
0.916242
0.906667
0.897183
0.887802
0.878531
0.86938
0.860358
0.851474
0.842736
0.834154
0.825736
0.817489
0.809423
0.801545
0.793863
0.786384
0.779117
0.772067
0.765242
0.758649
0.752294
0.746184
0.740324
0.73472
0.729378
0.724303
0.719501
0.714975
0.71073
0.706771
0.703101
0.699724
0.696643
0.693862
0.691382
0.689208
0.68734
0.68578
0.684531
0.683592
0.682966
0.682653
0.995014
0.985047
0.975096
0.965168
0.955275
0.945426
0.935632
0.9259
0.916242
0.906667
0.897183
0.887802
0.878531
0.86938
0.860358
0.851474
0.842736
0.834154
0.825736
0.817489
0.809423
0.801545
0.793863
0.786384
0.779117
0.772067
0.765242
0.758649
0.752294
0.746184
0.740324
0.73472
0.729378
0.724303
0.719501
0.714975
0.71073
0.706771
0.703101
0.699724
0.696643
0.693862
0.691382
0.689208
0.68734
0.68578
0.68453
0.683592
0.682966
0.682653
0.995014
0.985047
0.975096
0.965168
0.955275
0.945426
0.935632
0.9259
0.916242
0.906667
0.897183
0.887802
0.878531
0.86938
0.860358
0.851474
0.842736
0.834154
0.825736
0.817489
0.809423
0.801545
0.793863
0.786384
0.779117
0.772067
0.765242
0.758649
0.752294
0.746184
0.740324
0.73472
0.729378
0.724303
0.719501
0.714975
0.71073
0.70677
0.703101
0.699724
0.696643
0.693861
0.691382
0.689207
0.687339
0.68578
0.68453
0.683592
0.682966
0.682653
0.995014
0.985047
0.975096
0.965168
0.955275
0.945426
0.935632
0.9259
0.916242
0.906667
0.897183
0.887802
0.878531
0.86938
0.860358
0.851474
0.842736
0.834154
0.825736
0.817489
0.809423
0.801545
0.793863
0.786384
0.779117
0.772067
0.765242
0.758649
0.752294
0.746184
0.740324
0.73472
0.729378
0.724303
0.719501
0.714974
0.71073
0.70677
0.7031
0.699723
0.696643
0.693861
0.691382
0.689207
0.687339
0.68578
0.68453
0.683592
0.682966
0.682653
0.995014
0.985047
0.975096
0.965168
0.955275
0.945427
0.935632
0.9259
0.916242
0.906667
0.897184
0.887802
0.878531
0.86938
0.860358
0.851474
0.842736
0.834154
0.825736
0.817489
0.809423
0.801545
0.793863
0.786384
0.779117
0.772067
0.765242
0.758649
0.752294
0.746184
0.740324
0.73472
0.729378
0.724303
0.7195
0.714974
0.71073
0.70677
0.7031
0.699723
0.696643
0.693861
0.691382
0.689207
0.687339
0.68578
0.68453
0.683592
0.682966
0.682653
0.995014
0.985047
0.975096
0.965168
0.955275
0.945427
0.935632
0.9259
0.916242
0.906667
0.897184
0.887802
0.878531
0.86938
0.860358
0.851474
0.842736
0.834154
0.825736
0.817489
0.809423
0.801545
0.793863
0.786384
0.779117
0.772067
0.765242
0.758649
0.752294
0.746184
0.740324
0.73472
0.729378
0.724303
0.7195
0.714974
0.71073
0.70677
0.7031
0.699723
0.696643
0.693861
0.691382
0.689207
0.687339
0.68578
0.68453
0.683592
0.682966
0.682653
0.995014
0.985047
0.975096
0.965168
0.955275
0.945427
0.935632
0.9259
0.916242
0.906667
0.897184
0.887802
0.878531
0.86938
0.860358
0.851474
0.842736
0.834154
0.825736
0.817489
0.809423
0.801545
0.793863
0.786384
0.779117
0.772067
0.765242
0.758649
0.752294
0.746184
0.740324
0.73472
0.729378
0.724303
0.7195
0.714974
0.71073
0.70677
0.7031
0.699723
0.696643
0.693861
0.691382
0.689207
0.687339
0.68578
0.68453
0.683592
0.682966
0.682653
0.995014
0.985047
0.975096
0.965168
0.955275
0.945427
0.935632
0.9259
0.916242
0.906667
0.897184
0.887802
0.878531
0.86938
0.860358
0.851474
0.842736
0.834154
0.825736
0.817489
0.809423
0.801545
0.793863
0.786384
0.779117
0.772067
0.765242
0.758649
0.752294
0.746184
0.740324
0.73472
0.729378
0.724303
0.7195
0.714974
0.71073
0.70677
0.7031
0.699723
0.696643
0.693861
0.691382
0.689207
0.687339
0.68578
0.68453
0.683592
0.682966
0.682653
0.995014
0.985047
0.975096
0.965168
0.955275
0.945427
0.935632
0.9259
0.916242
0.906667
0.897184
0.887802
0.878531
0.86938
0.860358
0.851474
0.842736
0.834154
0.825736
0.817489
0.809423
0.801545
0.793863
0.786384
0.779117
0.772067
0.765242
0.758649
0.752294
0.746184
0.740324
0.73472
0.729378
0.724303
0.7195
0.714974
0.71073
0.70677
0.7031
0.699723
0.696643
0.693861
0.691382
0.689207
0.687339
0.68578
0.68453
0.683592
0.682966
0.682653
)
;

boundaryField
{
    inlet
    {
        type            fixedValue;
        value           uniform 1;
    }
    outlet
    {
        type            zeroGradient;
    }
    lowerWall
    {
        type            zeroGradient;
    }
    upperWall
    {
        type            zeroGradient;
    }
    frontAndBack
    {
        type            empty;
    }
}


// ************************************************************************* //
