/*--------------------------------*- C++ -*----------------------------------*\
  =========                 |
  \\      /  F ield         | OpenFOAM: The Open Source CFD Toolbox
   \\    /   O peration     | Website:  https://openfoam.org
    \\  /    A nd           | Version:  12
     \\/     M anipulation  |
\*---------------------------------------------------------------------------*/
FoamFile
{
    format      ascii;
    class       volScalarField;
    location    "58";
    object      T;
}
// * * * * * * * * * * * * * * * * * * * * * * * * * * * * * * * * * * * * * //

dimensions      [0 0 0 1 0 0 0];

internalField   nonuniform List<scalar> 
1250
(
0.995134
0.985408
0.975695
0.966007
0.956352
0.946741
0.937182
0.927685
0.918259
0.908915
0.89966
0.890504
0.881456
0.872526
0.863721
0.855051
0.846524
0.838148
0.829932
0.821884
0.814013
0.806324
0.798827
0.791528
0.784436
0.777556
0.770895
0.764461
0.758259
0.752296
0.746577
0.741108
0.735895
0.730942
0.726255
0.721838
0.717696
0.713832
0.71025
0.706954
0.703948
0.701233
0.698814
0.696691
0.694868
0.693346
0.692127
0.691211
0.6906
0.690295
0.995134
0.985408
0.975695
0.966007
0.956352
0.946741
0.937182
0.927685
0.918259
0.908915
0.89966
0.890504
0.881456
0.872526
0.863721
0.855051
0.846524
0.838148
0.829932
0.821884
0.814012
0.806324
0.798827
0.791528
0.784436
0.777556
0.770895
0.764461
0.758259
0.752296
0.746577
0.741108
0.735895
0.730942
0.726255
0.721838
0.717696
0.713832
0.71025
0.706954
0.703948
0.701233
0.698814
0.696691
0.694868
0.693346
0.692127
0.691211
0.6906
0.690295
0.995134
0.985408
0.975695
0.966007
0.956352
0.946741
0.937182
0.927685
0.918259
0.908915
0.89966
0.890504
0.881456
0.872526
0.863721
0.855051
0.846524
0.838148
0.829932
0.821884
0.814012
0.806324
0.798827
0.791528
0.784436
0.777556
0.770895
0.764461
0.758259
0.752296
0.746577
0.741108
0.735895
0.730942
0.726255
0.721838
0.717695
0.713832
0.71025
0.706954
0.703948
0.701233
0.698814
0.696691
0.694868
0.693346
0.692127
0.691211
0.6906
0.690295
0.995134
0.985408
0.975695
0.966007
0.956352
0.946741
0.937182
0.927685
0.918259
0.908915
0.89966
0.890504
0.881456
0.872526
0.863721
0.855051
0.846524
0.838148
0.829932
0.821884
0.814012
0.806324
0.798827
0.791528
0.784436
0.777556
0.770895
0.764461
0.758259
0.752296
0.746577
0.741108
0.735895
0.730942
0.726255
0.721838
0.717695
0.713832
0.71025
0.706954
0.703948
0.701233
0.698814
0.696691
0.694868
0.693346
0.692127
0.691211
0.6906
0.690295
0.995134
0.985408
0.975695
0.966007
0.956352
0.946741
0.937182
0.927685
0.918259
0.908915
0.89966
0.890504
0.881456
0.872526
0.863721
0.855051
0.846524
0.838148
0.829932
0.821884
0.814012
0.806324
0.798827
0.791528
0.784436
0.777556
0.770895
0.764461
0.758259
0.752296
0.746577
0.741108
0.735895
0.730942
0.726255
0.721838
0.717695
0.713831
0.71025
0.706954
0.703948
0.701233
0.698814
0.696691
0.694868
0.693346
0.692127
0.691211
0.6906
0.690295
0.995134
0.985408
0.975695
0.966007
0.956352
0.946741
0.937182
0.927685
0.918259
0.908914
0.89966
0.890504
0.881456
0.872526
0.863721
0.855051
0.846524
0.838148
0.829932
0.821884
0.814012
0.806324
0.798827
0.791528
0.784436
0.777556
0.770895
0.764461
0.758259
0.752296
0.746577
0.741108
0.735895
0.730942
0.726255
0.721838
0.717695
0.713831
0.71025
0.706954
0.703948
0.701233
0.698814
0.696691
0.694868
0.693346
0.692127
0.691211
0.6906
0.690295
0.995134
0.985408
0.975695
0.966007
0.956352
0.946741
0.937182
0.927685
0.918259
0.908914
0.89966
0.890504
0.881456
0.872526
0.863721
0.855051
0.846524
0.838148
0.829932
0.821884
0.814012
0.806324
0.798827
0.791528
0.784436
0.777556
0.770895
0.764461
0.758259
0.752296
0.746577
0.741108
0.735895
0.730942
0.726255
0.721838
0.717695
0.713831
0.71025
0.706954
0.703948
0.701233
0.698814
0.696691
0.694868
0.693346
0.692127
0.691211
0.6906
0.690295
0.995134
0.985408
0.975695
0.966007
0.956352
0.946741
0.937182
0.927685
0.918259
0.908915
0.89966
0.890504
0.881456
0.872526
0.863721
0.855051
0.846524
0.838148
0.829932
0.821884
0.814012
0.806324
0.798827
0.791528
0.784436
0.777556
0.770895
0.764461
0.758259
0.752296
0.746577
0.741108
0.735895
0.730942
0.726255
0.721838
0.717695
0.713831
0.71025
0.706954
0.703948
0.701233
0.698814
0.696691
0.694868
0.693346
0.692127
0.691211
0.6906
0.690294
0.995134
0.985408
0.975695
0.966007
0.956352
0.946741
0.937182
0.927685
0.918259
0.908915
0.89966
0.890504
0.881456
0.872526
0.863721
0.855051
0.846524
0.838148
0.829932
0.821884
0.814012
0.806324
0.798827
0.791528
0.784436
0.777556
0.770895
0.764461
0.758259
0.752296
0.746577
0.741108
0.735895
0.730942
0.726255
0.721838
0.717695
0.713831
0.71025
0.706954
0.703947
0.701233
0.698813
0.696691
0.694868
0.693346
0.692127
0.691211
0.6906
0.690294
0.995134
0.985408
0.975695
0.966007
0.956352
0.946741
0.937182
0.927685
0.918259
0.908915
0.89966
0.890504
0.881456
0.872526
0.863721
0.855051
0.846524
0.838148
0.829932
0.821884
0.814012
0.806324
0.798827
0.791528
0.784436
0.777556
0.770895
0.764461
0.758259
0.752296
0.746577
0.741108
0.735895
0.730942
0.726255
0.721838
0.717695
0.713831
0.71025
0.706954
0.703947
0.701233
0.698813
0.696691
0.694868
0.693346
0.692126
0.691211
0.6906
0.690294
0.995134
0.985408
0.975695
0.966007
0.956352
0.946741
0.937182
0.927685
0.918259
0.908915
0.89966
0.890504
0.881456
0.872526
0.863721
0.855051
0.846524
0.838148
0.829932
0.821884
0.814012
0.806324
0.798827
0.791528
0.784436
0.777556
0.770895
0.764461
0.758259
0.752296
0.746577
0.741108
0.735895
0.730942
0.726255
0.721838
0.717695
0.713831
0.71025
0.706954
0.703947
0.701233
0.698813
0.696691
0.694868
0.693346
0.692126
0.691211
0.6906
0.690294
0.995134
0.985408
0.975695
0.966007
0.956352
0.946741
0.937182
0.927685
0.918259
0.908915
0.89966
0.890504
0.881456
0.872526
0.863721
0.855051
0.846524
0.838148
0.829932
0.821884
0.814012
0.806324
0.798827
0.791528
0.784436
0.777556
0.770895
0.764461
0.758259
0.752296
0.746577
0.741108
0.735895
0.730942
0.726255
0.721838
0.717695
0.713831
0.710249
0.706954
0.703947
0.701233
0.698813
0.696691
0.694868
0.693346
0.692126
0.691211
0.6906
0.690294
0.995134
0.985408
0.975695
0.966007
0.956352
0.946741
0.937182
0.927685
0.918259
0.908915
0.89966
0.890504
0.881456
0.872526
0.863721
0.855051
0.846524
0.838148
0.829932
0.821884
0.814013
0.806324
0.798827
0.791528
0.784436
0.777556
0.770895
0.764461
0.758259
0.752295
0.746577
0.741108
0.735895
0.730942
0.726255
0.721838
0.717695
0.713831
0.710249
0.706954
0.703947
0.701233
0.698813
0.696691
0.694868
0.693346
0.692126
0.69121
0.6906
0.690294
0.995134
0.985408
0.975695
0.966007
0.956352
0.946741
0.937182
0.927685
0.918259
0.908915
0.89966
0.890504
0.881456
0.872526
0.863721
0.855051
0.846524
0.838148
0.829932
0.821884
0.814013
0.806324
0.798827
0.791528
0.784436
0.777556
0.770895
0.764461
0.758259
0.752295
0.746577
0.741108
0.735894
0.730942
0.726255
0.721838
0.717695
0.713831
0.710249
0.706954
0.703947
0.701233
0.698813
0.696691
0.694867
0.693345
0.692126
0.69121
0.690599
0.690294
0.995134
0.985408
0.975695
0.966007
0.956352
0.946741
0.937182
0.927685
0.918259
0.908915
0.89966
0.890504
0.881456
0.872526
0.863721
0.855051
0.846524
0.838148
0.829932
0.821884
0.814013
0.806324
0.798827
0.791528
0.784436
0.777556
0.770895
0.764461
0.758259
0.752295
0.746577
0.741108
0.735894
0.730942
0.726255
0.721837
0.717695
0.713831
0.710249
0.706953
0.703947
0.701232
0.698813
0.69669
0.694867
0.693345
0.692126
0.69121
0.690599
0.690294
0.995134
0.985408
0.975695
0.966007
0.956352
0.946741
0.937182
0.927685
0.918259
0.908915
0.89966
0.890504
0.881456
0.872526
0.863721
0.855051
0.846524
0.838148
0.829932
0.821885
0.814013
0.806324
0.798827
0.791528
0.784436
0.777556
0.770895
0.764461
0.758259
0.752295
0.746576
0.741108
0.735894
0.730942
0.726254
0.721837
0.717695
0.713831
0.710249
0.706953
0.703947
0.701232
0.698813
0.69669
0.694867
0.693345
0.692126
0.69121
0.690599
0.690294
0.995134
0.985408
0.975695
0.966007
0.956352
0.946741
0.937182
0.927685
0.918259
0.908915
0.89966
0.890504
0.881456
0.872526
0.863721
0.855051
0.846524
0.838148
0.829932
0.821885
0.814013
0.806324
0.798827
0.791528
0.784436
0.777556
0.770895
0.764461
0.758259
0.752295
0.746576
0.741108
0.735894
0.730942
0.726254
0.721837
0.717695
0.713831
0.710249
0.706953
0.703947
0.701232
0.698813
0.69669
0.694867
0.693345
0.692126
0.69121
0.690599
0.690294
0.995134
0.985408
0.975695
0.966007
0.956352
0.946741
0.937182
0.927685
0.918259
0.908915
0.89966
0.890504
0.881456
0.872526
0.863721
0.855051
0.846524
0.838148
0.829932
0.821885
0.814013
0.806324
0.798827
0.791528
0.784436
0.777555
0.770895
0.764461
0.758259
0.752295
0.746576
0.741108
0.735894
0.730942
0.726254
0.721837
0.717695
0.713831
0.710249
0.706953
0.703947
0.701232
0.698813
0.69669
0.694867
0.693345
0.692126
0.69121
0.690599
0.690294
0.995134
0.985408
0.975695
0.966007
0.956352
0.946741
0.937182
0.927685
0.918259
0.908915
0.89966
0.890504
0.881456
0.872526
0.863721
0.855051
0.846524
0.838148
0.829932
0.821885
0.814013
0.806324
0.798827
0.791528
0.784436
0.777555
0.770895
0.764461
0.758259
0.752295
0.746576
0.741108
0.735894
0.730942
0.726254
0.721837
0.717695
0.713831
0.710249
0.706953
0.703947
0.701232
0.698813
0.69669
0.694867
0.693345
0.692126
0.69121
0.690599
0.690293
0.995134
0.985408
0.975695
0.966007
0.956352
0.946741
0.937182
0.927685
0.918259
0.908915
0.89966
0.890504
0.881456
0.872526
0.863721
0.855051
0.846524
0.838148
0.829932
0.821885
0.814013
0.806324
0.798827
0.791528
0.784436
0.777555
0.770895
0.764461
0.758259
0.752295
0.746576
0.741108
0.735894
0.730941
0.726254
0.721837
0.717695
0.713831
0.710249
0.706953
0.703947
0.701232
0.698812
0.69669
0.694867
0.693345
0.692126
0.69121
0.690599
0.690293
0.995134
0.985408
0.975695
0.966007
0.956352
0.946741
0.937182
0.927685
0.918259
0.908915
0.89966
0.890504
0.881456
0.872526
0.863721
0.855051
0.846524
0.838148
0.829932
0.821885
0.814013
0.806324
0.798827
0.791528
0.784436
0.777555
0.770895
0.764461
0.758259
0.752295
0.746576
0.741108
0.735894
0.730941
0.726254
0.721837
0.717694
0.71383
0.710249
0.706953
0.703946
0.701232
0.698812
0.69669
0.694867
0.693345
0.692125
0.69121
0.690599
0.690293
0.995134
0.985408
0.975695
0.966007
0.956352
0.946741
0.937182
0.927685
0.918259
0.908915
0.89966
0.890504
0.881456
0.872526
0.863721
0.855051
0.846524
0.838148
0.829932
0.821885
0.814013
0.806324
0.798827
0.791528
0.784436
0.777555
0.770895
0.764461
0.758259
0.752295
0.746576
0.741107
0.735894
0.730941
0.726254
0.721837
0.717694
0.71383
0.710249
0.706953
0.703946
0.701232
0.698812
0.69669
0.694867
0.693345
0.692125
0.69121
0.690599
0.690293
0.995134
0.985408
0.975695
0.966007
0.956352
0.946741
0.937182
0.927685
0.918259
0.908915
0.89966
0.890504
0.881456
0.872526
0.863721
0.855051
0.846524
0.838148
0.829932
0.821885
0.814013
0.806324
0.798827
0.791528
0.784436
0.777555
0.770895
0.764461
0.758259
0.752295
0.746576
0.741107
0.735894
0.730941
0.726254
0.721837
0.717694
0.71383
0.710249
0.706953
0.703946
0.701232
0.698812
0.69669
0.694867
0.693345
0.692125
0.69121
0.690599
0.690293
0.995134
0.985408
0.975695
0.966007
0.956352
0.946741
0.937182
0.927685
0.918259
0.908915
0.89966
0.890504
0.881456
0.872526
0.863721
0.855051
0.846524
0.838148
0.829932
0.821885
0.814013
0.806324
0.798827
0.791528
0.784436
0.777555
0.770895
0.764461
0.758259
0.752295
0.746576
0.741107
0.735894
0.730941
0.726254
0.721837
0.717694
0.71383
0.710249
0.706953
0.703946
0.701232
0.698812
0.69669
0.694867
0.693345
0.692125
0.69121
0.690599
0.690293
0.995134
0.985408
0.975695
0.966007
0.956353
0.946741
0.937182
0.927685
0.91826
0.908915
0.89966
0.890504
0.881456
0.872526
0.863721
0.855051
0.846524
0.838148
0.829932
0.821885
0.814013
0.806324
0.798827
0.791528
0.784436
0.777555
0.770895
0.764461
0.758259
0.752295
0.746576
0.741107
0.735894
0.730941
0.726254
0.721837
0.717694
0.71383
0.710249
0.706953
0.703946
0.701232
0.698812
0.69669
0.694867
0.693345
0.692125
0.69121
0.690599
0.690293
)
;

boundaryField
{
    inlet
    {
        type            fixedValue;
        value           uniform 1;
    }
    outlet
    {
        type            zeroGradient;
    }
    lowerWall
    {
        type            zeroGradient;
    }
    upperWall
    {
        type            zeroGradient;
    }
    frontAndBack
    {
        type            empty;
    }
}


// ************************************************************************* //
