/*--------------------------------*- C++ -*----------------------------------*\
  =========                 |
  \\      /  F ield         | OpenFOAM: The Open Source CFD Toolbox
   \\    /   O peration     | Website:  https://openfoam.org
    \\  /    A nd           | Version:  12
     \\/     M anipulation  |
\*---------------------------------------------------------------------------*/
FoamFile
{
    format      ascii;
    class       volScalarField;
    location    "25";
    object      T;
}
// * * * * * * * * * * * * * * * * * * * * * * * * * * * * * * * * * * * * * //

dimensions      [0 0 0 1 0 0 0];

internalField   nonuniform List<scalar> 
1250
(
0.988992
0.966987
0.945018
0.923109
0.901282
0.879563
0.857973
0.836536
0.815276
0.794213
0.773371
0.752772
0.732436
0.712385
0.69264
0.673219
0.654144
0.635432
0.617102
0.599172
0.581659
0.56458
0.547951
0.531787
0.516103
0.500913
0.486231
0.472069
0.458439
0.445354
0.432824
0.42086
0.409471
0.398666
0.388455
0.378844
0.369842
0.361455
0.35369
0.346552
0.340047
0.334179
0.328952
0.324371
0.320438
0.317157
0.314529
0.312557
0.311241
0.310583
0.988992
0.966987
0.945018
0.923109
0.901282
0.879563
0.857973
0.836536
0.815276
0.794213
0.773371
0.752772
0.732436
0.712385
0.69264
0.673219
0.654144
0.635432
0.617102
0.599172
0.581659
0.56458
0.547951
0.531787
0.516103
0.500913
0.486231
0.472069
0.458439
0.445354
0.432824
0.42086
0.409471
0.398666
0.388455
0.378844
0.369842
0.361455
0.35369
0.346552
0.340047
0.334179
0.328952
0.324371
0.320439
0.317157
0.314529
0.312557
0.311241
0.310583
0.988992
0.966987
0.945018
0.923109
0.901282
0.879563
0.857973
0.836536
0.815276
0.794213
0.773371
0.752772
0.732436
0.712385
0.69264
0.673219
0.654144
0.635432
0.617102
0.599172
0.581659
0.56458
0.547951
0.531787
0.516103
0.500913
0.486231
0.472069
0.458439
0.445354
0.432824
0.42086
0.409471
0.398666
0.388455
0.378844
0.369842
0.361455
0.35369
0.346552
0.340047
0.334179
0.328952
0.324371
0.320439
0.317157
0.314529
0.312557
0.311241
0.310583
0.988992
0.966987
0.945018
0.923109
0.901282
0.879563
0.857973
0.836536
0.815276
0.794213
0.773371
0.752772
0.732436
0.712385
0.69264
0.673219
0.654144
0.635432
0.617102
0.599172
0.581659
0.56458
0.547951
0.531787
0.516103
0.500913
0.486231
0.472069
0.458439
0.445354
0.432824
0.42086
0.409471
0.398666
0.388455
0.378844
0.369842
0.361455
0.35369
0.346552
0.340047
0.334179
0.328952
0.324371
0.320439
0.317157
0.314529
0.312557
0.311241
0.310583
0.988992
0.966987
0.945018
0.923109
0.901282
0.879563
0.857973
0.836536
0.815276
0.794213
0.773371
0.752772
0.732436
0.712385
0.69264
0.673219
0.654144
0.635432
0.617102
0.599172
0.581659
0.56458
0.547951
0.531787
0.516103
0.500913
0.486231
0.472069
0.458439
0.445354
0.432824
0.42086
0.409471
0.398667
0.388455
0.378844
0.369842
0.361456
0.35369
0.346552
0.340047
0.334179
0.328953
0.324371
0.320439
0.317157
0.314529
0.312557
0.311241
0.310583
0.988992
0.966987
0.945018
0.923109
0.901282
0.879563
0.857973
0.836536
0.815276
0.794213
0.773371
0.752772
0.732436
0.712385
0.69264
0.673219
0.654144
0.635432
0.617102
0.599172
0.581659
0.56458
0.547951
0.531787
0.516103
0.500913
0.486231
0.472069
0.45844
0.445355
0.432825
0.42086
0.409471
0.398667
0.388455
0.378845
0.369843
0.361456
0.35369
0.346552
0.340047
0.334179
0.328953
0.324371
0.320439
0.317157
0.314529
0.312557
0.311241
0.310583
0.988992
0.966987
0.945018
0.923109
0.901282
0.879563
0.857973
0.836537
0.815276
0.794213
0.773372
0.752772
0.732436
0.712386
0.69264
0.673219
0.654144
0.635432
0.617102
0.599172
0.58166
0.564581
0.547951
0.531787
0.516103
0.500914
0.486231
0.472069
0.45844
0.445355
0.432825
0.42086
0.409471
0.398667
0.388455
0.378845
0.369843
0.361456
0.353691
0.346553
0.340047
0.334179
0.328953
0.324372
0.320439
0.317157
0.314529
0.312557
0.311241
0.310583
0.988992
0.966987
0.945018
0.923109
0.901283
0.879563
0.857973
0.836537
0.815276
0.794213
0.773372
0.752772
0.732437
0.712386
0.69264
0.67322
0.654144
0.635432
0.617102
0.599172
0.58166
0.564581
0.547952
0.531788
0.516104
0.500914
0.486231
0.472069
0.45844
0.445355
0.432825
0.420861
0.409472
0.398667
0.388455
0.378845
0.369843
0.361456
0.353691
0.346553
0.340047
0.334179
0.328953
0.324372
0.320439
0.317157
0.31453
0.312557
0.311241
0.310583
0.988992
0.966987
0.945018
0.923109
0.901283
0.879563
0.857973
0.836537
0.815276
0.794213
0.773372
0.752772
0.732437
0.712386
0.69264
0.67322
0.654144
0.635432
0.617102
0.599173
0.58166
0.564581
0.547952
0.531788
0.516104
0.500914
0.486231
0.47207
0.45844
0.445355
0.432825
0.420861
0.409472
0.398667
0.388456
0.378845
0.369843
0.361456
0.353691
0.346553
0.340048
0.334179
0.328953
0.324372
0.320439
0.317158
0.31453
0.312557
0.311241
0.310583
0.988992
0.966987
0.945018
0.923109
0.901283
0.879563
0.857973
0.836537
0.815276
0.794214
0.773372
0.752772
0.732437
0.712386
0.69264
0.67322
0.654144
0.635432
0.617103
0.599173
0.58166
0.564581
0.547952
0.531788
0.516104
0.500914
0.486232
0.47207
0.45844
0.445355
0.432825
0.420861
0.409472
0.398667
0.388456
0.378845
0.369843
0.361456
0.353691
0.346553
0.340048
0.33418
0.328953
0.324372
0.320439
0.317158
0.31453
0.312557
0.311242
0.310583
0.988992
0.966987
0.945018
0.923109
0.901283
0.879563
0.857973
0.836537
0.815276
0.794214
0.773372
0.752772
0.732437
0.712386
0.69264
0.67322
0.654144
0.635432
0.617103
0.599173
0.58166
0.564581
0.547952
0.531788
0.516104
0.500914
0.486232
0.47207
0.458441
0.445355
0.432826
0.420861
0.409472
0.398668
0.388456
0.378845
0.369843
0.361456
0.353691
0.346553
0.340048
0.33418
0.328953
0.324372
0.320439
0.317158
0.31453
0.312557
0.311242
0.310583
0.988992
0.966987
0.945018
0.923109
0.901283
0.879563
0.857973
0.836537
0.815276
0.794214
0.773372
0.752773
0.732437
0.712386
0.69264
0.67322
0.654144
0.635433
0.617103
0.599173
0.58166
0.564581
0.547952
0.531788
0.516104
0.500914
0.486232
0.47207
0.458441
0.445356
0.432826
0.420861
0.409472
0.398668
0.388456
0.378846
0.369843
0.361457
0.353691
0.346553
0.340048
0.33418
0.328953
0.324372
0.320439
0.317158
0.31453
0.312558
0.311242
0.310584
0.988992
0.966987
0.945018
0.923109
0.901283
0.879563
0.857973
0.836537
0.815276
0.794214
0.773372
0.752773
0.732437
0.712386
0.692641
0.67322
0.654145
0.635433
0.617103
0.599173
0.58166
0.564582
0.547952
0.531789
0.516105
0.500915
0.486232
0.47207
0.458441
0.445356
0.432826
0.420862
0.409473
0.398668
0.388456
0.378846
0.369844
0.361457
0.353691
0.346553
0.340048
0.33418
0.328953
0.324372
0.32044
0.317158
0.31453
0.312558
0.311242
0.310584
0.988992
0.966987
0.945018
0.923109
0.901283
0.879563
0.857974
0.836537
0.815276
0.794214
0.773372
0.752773
0.732437
0.712386
0.692641
0.67322
0.654145
0.635433
0.617103
0.599173
0.581661
0.564582
0.547953
0.531789
0.516105
0.500915
0.486232
0.472071
0.458441
0.445356
0.432826
0.420862
0.409473
0.398668
0.388457
0.378846
0.369844
0.361457
0.353692
0.346554
0.340048
0.33418
0.328954
0.324372
0.32044
0.317158
0.31453
0.312558
0.311242
0.310584
0.988992
0.966987
0.945018
0.923109
0.901283
0.879563
0.857974
0.836537
0.815276
0.794214
0.773372
0.752773
0.732437
0.712386
0.692641
0.673221
0.654145
0.635433
0.617103
0.599173
0.581661
0.564582
0.547953
0.531789
0.516105
0.500915
0.486233
0.472071
0.458441
0.445356
0.432826
0.420862
0.409473
0.398668
0.388457
0.378846
0.369844
0.361457
0.353692
0.346554
0.340048
0.33418
0.328954
0.324372
0.32044
0.317158
0.31453
0.312558
0.311242
0.310584
0.988992
0.966987
0.945018
0.923109
0.901283
0.879563
0.857974
0.836537
0.815276
0.794214
0.773372
0.752773
0.732437
0.712387
0.692641
0.673221
0.654145
0.635433
0.617103
0.599174
0.581661
0.564582
0.547953
0.531789
0.516105
0.500915
0.486233
0.472071
0.458442
0.445356
0.432826
0.420862
0.409473
0.398668
0.388457
0.378846
0.369844
0.361457
0.353692
0.346554
0.340048
0.33418
0.328954
0.324373
0.32044
0.317158
0.31453
0.312558
0.311242
0.310584
0.988992
0.966987
0.945018
0.923109
0.901283
0.879563
0.857974
0.836537
0.815276
0.794214
0.773372
0.752773
0.732437
0.712387
0.692641
0.673221
0.654145
0.635433
0.617104
0.599174
0.581661
0.564582
0.547953
0.531789
0.516105
0.500915
0.486233
0.472071
0.458442
0.445357
0.432827
0.420862
0.409473
0.398669
0.388457
0.378846
0.369844
0.361457
0.353692
0.346554
0.340049
0.33418
0.328954
0.324373
0.32044
0.317158
0.314531
0.312558
0.311242
0.310584
0.988992
0.966987
0.945018
0.923109
0.901283
0.879563
0.857974
0.836537
0.815277
0.794214
0.773373
0.752773
0.732438
0.712387
0.692641
0.673221
0.654145
0.635433
0.617104
0.599174
0.581661
0.564582
0.547953
0.531789
0.516105
0.500916
0.486233
0.472071
0.458442
0.445357
0.432827
0.420862
0.409473
0.398669
0.388457
0.378846
0.369844
0.361457
0.353692
0.346554
0.340049
0.334181
0.328954
0.324373
0.32044
0.317159
0.314531
0.312558
0.311242
0.310584
0.988992
0.966987
0.945018
0.923109
0.901283
0.879563
0.857974
0.836537
0.815277
0.794214
0.773373
0.752773
0.732438
0.712387
0.692641
0.673221
0.654145
0.635434
0.617104
0.599174
0.581661
0.564583
0.547953
0.53179
0.516106
0.500916
0.486233
0.472071
0.458442
0.445357
0.432827
0.420862
0.409473
0.398669
0.388457
0.378847
0.369844
0.361457
0.353692
0.346554
0.340049
0.334181
0.328954
0.324373
0.32044
0.317159
0.314531
0.312558
0.311242
0.310584
0.988992
0.966987
0.945018
0.923109
0.901283
0.879563
0.857974
0.836537
0.815277
0.794214
0.773373
0.752773
0.732438
0.712387
0.692641
0.673221
0.654146
0.635434
0.617104
0.599174
0.581662
0.564583
0.547954
0.53179
0.516106
0.500916
0.486233
0.472071
0.458442
0.445357
0.432827
0.420863
0.409473
0.398669
0.388457
0.378847
0.369844
0.361458
0.353692
0.346554
0.340049
0.334181
0.328954
0.324373
0.32044
0.317159
0.314531
0.312558
0.311242
0.310584
0.988992
0.966987
0.945018
0.923109
0.901283
0.879563
0.857974
0.836537
0.815277
0.794214
0.773373
0.752773
0.732438
0.712387
0.692641
0.673221
0.654146
0.635434
0.617104
0.599174
0.581662
0.564583
0.547954
0.53179
0.516106
0.500916
0.486234
0.472072
0.458442
0.445357
0.432827
0.420863
0.409474
0.398669
0.388457
0.378847
0.369844
0.361458
0.353692
0.346554
0.340049
0.334181
0.328954
0.324373
0.32044
0.317159
0.314531
0.312558
0.311243
0.310584
0.988992
0.966987
0.945018
0.923109
0.901283
0.879563
0.857974
0.836537
0.815277
0.794214
0.773373
0.752773
0.732438
0.712387
0.692642
0.673221
0.654146
0.635434
0.617104
0.599174
0.581662
0.564583
0.547954
0.53179
0.516106
0.500916
0.486234
0.472072
0.458442
0.445357
0.432827
0.420863
0.409474
0.398669
0.388457
0.378847
0.369845
0.361458
0.353692
0.346554
0.340049
0.334181
0.328954
0.324373
0.32044
0.317159
0.314531
0.312558
0.311243
0.310584
0.988992
0.966987
0.945018
0.923109
0.901283
0.879564
0.857974
0.836537
0.815277
0.794215
0.773373
0.752774
0.732438
0.712387
0.692642
0.673221
0.654146
0.635434
0.617104
0.599174
0.581662
0.564583
0.547954
0.53179
0.516106
0.500916
0.486234
0.472072
0.458442
0.445357
0.432827
0.420863
0.409474
0.398669
0.388457
0.378847
0.369845
0.361458
0.353692
0.346554
0.340049
0.334181
0.328954
0.324373
0.32044
0.317159
0.314531
0.312558
0.311243
0.310584
0.988992
0.966987
0.945018
0.923109
0.901283
0.879564
0.857974
0.836537
0.815277
0.794215
0.773373
0.752774
0.732438
0.712387
0.692642
0.673221
0.654146
0.635434
0.617104
0.599175
0.581662
0.564583
0.547954
0.53179
0.516106
0.500916
0.486234
0.472072
0.458442
0.445357
0.432827
0.420863
0.409474
0.398669
0.388457
0.378847
0.369845
0.361458
0.353692
0.346554
0.340049
0.334181
0.328954
0.324373
0.32044
0.317159
0.314531
0.312558
0.311243
0.310584
0.988992
0.966987
0.945018
0.923109
0.901283
0.879564
0.857974
0.836537
0.815277
0.794215
0.773373
0.752774
0.732438
0.712387
0.692642
0.673221
0.654146
0.635434
0.617104
0.599175
0.581662
0.564583
0.547954
0.53179
0.516106
0.500916
0.486234
0.472072
0.458442
0.445357
0.432827
0.420863
0.409474
0.398669
0.388457
0.378847
0.369845
0.361458
0.353692
0.346554
0.340049
0.334181
0.328954
0.324373
0.32044
0.317159
0.314531
0.312558
0.311243
0.310584
)
;

boundaryField
{
    inlet
    {
        type            fixedValue;
        value           uniform 1;
    }
    outlet
    {
        type            zeroGradient;
    }
    lowerWall
    {
        type            zeroGradient;
    }
    upperWall
    {
        type            zeroGradient;
    }
    frontAndBack
    {
        type            empty;
    }
}


// ************************************************************************* //
