/*--------------------------------*- C++ -*----------------------------------*\
  =========                 |
  \\      /  F ield         | OpenFOAM: The Open Source CFD Toolbox
   \\    /   O peration     | Website:  https://openfoam.org
    \\  /    A nd           | Version:  12
     \\/     M anipulation  |
\*---------------------------------------------------------------------------*/
FoamFile
{
    format      ascii;
    class       volScalarField;
    location    "85";
    object      T;
}
// * * * * * * * * * * * * * * * * * * * * * * * * * * * * * * * * * * * * * //

dimensions      [0 0 0 1 0 0 0];

internalField   nonuniform List<scalar> 
1250
(
0.997541
0.992625
0.987717
0.982821
0.977942
0.973084
0.968254
0.963454
0.958691
0.953968
0.949291
0.944664
0.940091
0.935578
0.931128
0.926746
0.922437
0.918204
0.914052
0.909985
0.906006
0.90212
0.898331
0.894643
0.891058
0.887581
0.884215
0.880963
0.877828
0.874814
0.871924
0.86916
0.866525
0.864022
0.861653
0.85942
0.857326
0.855374
0.853563
0.851898
0.850378
0.849006
0.847783
0.84671
0.845789
0.84502
0.844403
0.84394
0.843632
0.843477
0.997541
0.992625
0.987717
0.982821
0.977942
0.973084
0.968254
0.963454
0.958691
0.953968
0.949291
0.944664
0.940091
0.935578
0.931128
0.926746
0.922437
0.918204
0.914052
0.909985
0.906006
0.90212
0.898331
0.894643
0.891058
0.887581
0.884215
0.880963
0.877828
0.874814
0.871924
0.86916
0.866525
0.864022
0.861653
0.85942
0.857326
0.855374
0.853563
0.851898
0.850378
0.849006
0.847783
0.84671
0.845789
0.84502
0.844403
0.84394
0.843632
0.843477
0.997541
0.992625
0.987717
0.982821
0.977942
0.973084
0.968254
0.963454
0.958691
0.953968
0.949291
0.944664
0.940091
0.935578
0.931128
0.926746
0.922437
0.918204
0.914052
0.909985
0.906006
0.90212
0.898331
0.894643
0.891058
0.887581
0.884215
0.880963
0.877828
0.874814
0.871924
0.86916
0.866525
0.864022
0.861653
0.85942
0.857326
0.855374
0.853563
0.851898
0.850378
0.849006
0.847783
0.84671
0.845789
0.84502
0.844403
0.84394
0.843632
0.843477
0.997541
0.992625
0.987717
0.982821
0.977942
0.973084
0.968254
0.963454
0.958691
0.953968
0.949291
0.944664
0.940091
0.935578
0.931128
0.926746
0.922437
0.918204
0.914052
0.909985
0.906006
0.90212
0.898331
0.894643
0.891058
0.887581
0.884215
0.880963
0.877828
0.874814
0.871924
0.86916
0.866525
0.864022
0.861653
0.85942
0.857326
0.855373
0.853563
0.851898
0.850378
0.849006
0.847783
0.84671
0.845789
0.84502
0.844403
0.84394
0.843632
0.843477
0.997541
0.992625
0.987717
0.982821
0.977942
0.973084
0.968254
0.963454
0.958691
0.953968
0.949291
0.944664
0.940091
0.935578
0.931128
0.926746
0.922437
0.918204
0.914052
0.909985
0.906006
0.90212
0.898331
0.894643
0.891058
0.887581
0.884215
0.880963
0.877828
0.874814
0.871924
0.86916
0.866525
0.864022
0.861653
0.85942
0.857326
0.855373
0.853563
0.851897
0.850378
0.849006
0.847783
0.84671
0.845789
0.84502
0.844403
0.84394
0.843632
0.843477
0.997541
0.992625
0.987717
0.982821
0.977942
0.973084
0.968254
0.963454
0.958691
0.953968
0.949291
0.944664
0.940091
0.935578
0.931128
0.926746
0.922437
0.918204
0.914052
0.909985
0.906006
0.90212
0.898331
0.894643
0.891058
0.887581
0.884215
0.880963
0.877828
0.874814
0.871924
0.86916
0.866525
0.864022
0.861653
0.85942
0.857326
0.855373
0.853563
0.851897
0.850378
0.849006
0.847783
0.84671
0.845789
0.845019
0.844403
0.84394
0.843632
0.843477
0.997541
0.992625
0.987717
0.982821
0.977942
0.973084
0.968254
0.963454
0.958691
0.953968
0.949291
0.944664
0.940091
0.935578
0.931128
0.926746
0.922437
0.918204
0.914052
0.909985
0.906006
0.90212
0.898331
0.894643
0.891058
0.887581
0.884215
0.880963
0.877828
0.874814
0.871924
0.86916
0.866525
0.864022
0.861653
0.85942
0.857326
0.855373
0.853563
0.851897
0.850378
0.849006
0.847783
0.84671
0.845789
0.845019
0.844403
0.84394
0.843632
0.843477
0.997541
0.992625
0.987717
0.982821
0.977942
0.973084
0.968254
0.963454
0.958691
0.953968
0.949291
0.944664
0.940091
0.935578
0.931128
0.926746
0.922437
0.918204
0.914052
0.909985
0.906006
0.90212
0.898331
0.894643
0.891058
0.887581
0.884215
0.880963
0.877828
0.874814
0.871924
0.86916
0.866525
0.864022
0.861653
0.85942
0.857326
0.855373
0.853563
0.851897
0.850378
0.849006
0.847783
0.84671
0.845789
0.845019
0.844403
0.84394
0.843631
0.843477
0.997541
0.992625
0.987717
0.982821
0.977942
0.973084
0.968254
0.963454
0.958691
0.953968
0.949291
0.944664
0.940091
0.935578
0.931128
0.926746
0.922437
0.918204
0.914052
0.909985
0.906006
0.90212
0.898331
0.894643
0.891058
0.887581
0.884215
0.880963
0.877828
0.874814
0.871924
0.86916
0.866525
0.864022
0.861653
0.85942
0.857326
0.855373
0.853563
0.851897
0.850378
0.849006
0.847783
0.84671
0.845789
0.845019
0.844403
0.84394
0.843631
0.843477
0.997541
0.992625
0.987717
0.982821
0.977942
0.973084
0.968254
0.963454
0.958691
0.953968
0.949291
0.944664
0.940091
0.935578
0.931128
0.926746
0.922437
0.918204
0.914052
0.909985
0.906006
0.90212
0.898331
0.894643
0.891058
0.887581
0.884215
0.880963
0.877828
0.874814
0.871924
0.86916
0.866525
0.864022
0.861653
0.85942
0.857326
0.855373
0.853563
0.851897
0.850378
0.849006
0.847783
0.84671
0.845789
0.845019
0.844403
0.84394
0.843631
0.843477
0.997541
0.992625
0.987717
0.982821
0.977942
0.973084
0.968254
0.963454
0.958691
0.953968
0.949291
0.944664
0.940091
0.935578
0.931128
0.926746
0.922437
0.918204
0.914052
0.909985
0.906006
0.90212
0.898331
0.894643
0.891058
0.887581
0.884215
0.880963
0.877828
0.874814
0.871924
0.86916
0.866525
0.864022
0.861653
0.85942
0.857326
0.855373
0.853563
0.851897
0.850378
0.849006
0.847783
0.84671
0.845789
0.845019
0.844403
0.84394
0.843631
0.843477
0.997541
0.992625
0.987717
0.982821
0.977942
0.973084
0.968254
0.963454
0.958691
0.953968
0.949291
0.944664
0.940091
0.935578
0.931128
0.926746
0.922437
0.918204
0.914052
0.909985
0.906006
0.90212
0.898331
0.894643
0.891058
0.887581
0.884215
0.880963
0.877828
0.874814
0.871924
0.86916
0.866525
0.864022
0.861653
0.85942
0.857326
0.855373
0.853563
0.851897
0.850378
0.849006
0.847783
0.84671
0.845788
0.845019
0.844403
0.84394
0.843631
0.843477
0.997541
0.992625
0.987717
0.982821
0.977942
0.973084
0.968254
0.963454
0.958691
0.953968
0.949291
0.944664
0.940091
0.935578
0.931128
0.926746
0.922437
0.918204
0.914052
0.909985
0.906006
0.90212
0.898331
0.894643
0.891058
0.887581
0.884215
0.880963
0.877828
0.874814
0.871924
0.86916
0.866525
0.864022
0.861652
0.85942
0.857326
0.855373
0.853563
0.851897
0.850378
0.849006
0.847783
0.84671
0.845788
0.845019
0.844403
0.84394
0.843631
0.843477
0.997541
0.992625
0.987717
0.982821
0.977942
0.973084
0.968254
0.963454
0.958691
0.953968
0.949291
0.944664
0.940091
0.935578
0.931128
0.926746
0.922437
0.918204
0.914052
0.909985
0.906006
0.90212
0.898331
0.894643
0.891058
0.887581
0.884215
0.880963
0.877828
0.874814
0.871924
0.86916
0.866525
0.864021
0.861652
0.85942
0.857326
0.855373
0.853563
0.851897
0.850378
0.849006
0.847783
0.84671
0.845788
0.845019
0.844403
0.84394
0.843631
0.843477
0.997541
0.992625
0.987717
0.982821
0.977942
0.973084
0.968254
0.963454
0.958691
0.953968
0.949291
0.944664
0.940091
0.935578
0.931128
0.926746
0.922437
0.918204
0.914052
0.909985
0.906006
0.90212
0.898331
0.894643
0.891058
0.887581
0.884215
0.880963
0.877828
0.874814
0.871924
0.86916
0.866525
0.864021
0.861652
0.85942
0.857326
0.855373
0.853563
0.851897
0.850377
0.849006
0.847783
0.84671
0.845788
0.845019
0.844403
0.84394
0.843631
0.843477
0.997541
0.992625
0.987717
0.982821
0.977942
0.973084
0.968254
0.963454
0.958691
0.953968
0.949291
0.944664
0.940091
0.935578
0.931128
0.926746
0.922437
0.918204
0.914052
0.909985
0.906006
0.90212
0.898331
0.894643
0.891058
0.887581
0.884215
0.880963
0.877828
0.874814
0.871924
0.86916
0.866525
0.864021
0.861652
0.85942
0.857326
0.855373
0.853563
0.851897
0.850377
0.849005
0.847783
0.84671
0.845788
0.845019
0.844403
0.84394
0.843631
0.843477
0.997541
0.992625
0.987717
0.982821
0.977942
0.973084
0.968254
0.963454
0.958691
0.953968
0.949291
0.944664
0.940091
0.935578
0.931128
0.926746
0.922437
0.918204
0.914052
0.909985
0.906006
0.90212
0.898331
0.894643
0.891058
0.887581
0.884215
0.880963
0.877828
0.874814
0.871924
0.86916
0.866525
0.864021
0.861652
0.85942
0.857326
0.855373
0.853563
0.851897
0.850377
0.849005
0.847782
0.84671
0.845788
0.845019
0.844403
0.84394
0.843631
0.843477
0.997541
0.992625
0.987717
0.982821
0.977942
0.973084
0.968254
0.963454
0.958691
0.953968
0.949291
0.944664
0.940091
0.935578
0.931128
0.926746
0.922437
0.918204
0.914052
0.909985
0.906006
0.902121
0.898331
0.894643
0.891058
0.887581
0.884215
0.880963
0.877828
0.874814
0.871924
0.86916
0.866525
0.864021
0.861652
0.85942
0.857326
0.855373
0.853563
0.851897
0.850377
0.849005
0.847782
0.84671
0.845788
0.845019
0.844403
0.84394
0.843631
0.843477
0.997541
0.992625
0.987717
0.982821
0.977942
0.973084
0.968254
0.963454
0.958691
0.953968
0.949291
0.944664
0.940091
0.935578
0.931128
0.926746
0.922437
0.918204
0.914052
0.909985
0.906006
0.902121
0.898331
0.894643
0.891058
0.887581
0.884214
0.880962
0.877828
0.874814
0.871924
0.86916
0.866525
0.864021
0.861652
0.85942
0.857326
0.855373
0.853563
0.851897
0.850377
0.849005
0.847782
0.84671
0.845788
0.845019
0.844403
0.84394
0.843631
0.843476
0.997541
0.992625
0.987717
0.982821
0.977942
0.973084
0.968254
0.963454
0.958691
0.953968
0.949291
0.944664
0.940091
0.935578
0.931128
0.926746
0.922437
0.918204
0.914052
0.909985
0.906006
0.902121
0.898331
0.894643
0.891058
0.887581
0.884214
0.880962
0.877828
0.874814
0.871924
0.869159
0.866525
0.864021
0.861652
0.85942
0.857326
0.855373
0.853563
0.851897
0.850377
0.849005
0.847782
0.84671
0.845788
0.845019
0.844403
0.84394
0.843631
0.843476
0.997541
0.992625
0.987717
0.982821
0.977942
0.973085
0.968254
0.963454
0.958691
0.953968
0.949291
0.944664
0.940091
0.935578
0.931128
0.926746
0.922437
0.918204
0.914052
0.909985
0.906006
0.902121
0.898331
0.894643
0.891058
0.887581
0.884214
0.880962
0.877828
0.874814
0.871924
0.869159
0.866525
0.864021
0.861652
0.85942
0.857326
0.855373
0.853563
0.851897
0.850377
0.849005
0.847782
0.84671
0.845788
0.845019
0.844402
0.84394
0.843631
0.843476
0.997541
0.992625
0.987717
0.982821
0.977942
0.973085
0.968254
0.963454
0.958691
0.953968
0.949291
0.944664
0.940091
0.935578
0.931128
0.926746
0.922437
0.918204
0.914052
0.909985
0.906006
0.902121
0.898331
0.894643
0.891058
0.887581
0.884214
0.880962
0.877828
0.874814
0.871924
0.869159
0.866525
0.864021
0.861652
0.85942
0.857326
0.855373
0.853563
0.851897
0.850377
0.849005
0.847782
0.84671
0.845788
0.845019
0.844402
0.84394
0.843631
0.843476
0.997541
0.992625
0.987717
0.982821
0.977942
0.973085
0.968254
0.963454
0.958691
0.953968
0.949291
0.944664
0.940091
0.935578
0.931128
0.926746
0.922437
0.918204
0.914052
0.909985
0.906006
0.902121
0.898331
0.894643
0.891058
0.887581
0.884214
0.880962
0.877828
0.874814
0.871924
0.869159
0.866525
0.864021
0.861652
0.85942
0.857326
0.855373
0.853563
0.851897
0.850377
0.849005
0.847782
0.84671
0.845788
0.845019
0.844402
0.84394
0.843631
0.843476
0.997541
0.992625
0.987717
0.982821
0.977942
0.973085
0.968254
0.963454
0.958691
0.953968
0.949291
0.944664
0.940091
0.935578
0.931128
0.926746
0.922437
0.918204
0.914052
0.909985
0.906006
0.902121
0.898331
0.894643
0.891058
0.887581
0.884214
0.880962
0.877828
0.874814
0.871924
0.869159
0.866525
0.864021
0.861652
0.85942
0.857326
0.855373
0.853563
0.851897
0.850377
0.849005
0.847782
0.84671
0.845788
0.845019
0.844402
0.84394
0.843631
0.843476
0.997541
0.992625
0.987717
0.982821
0.977942
0.973085
0.968254
0.963454
0.958691
0.953968
0.949291
0.944664
0.940091
0.935578
0.931128
0.926746
0.922437
0.918204
0.914052
0.909985
0.906006
0.902121
0.898331
0.894643
0.891058
0.887581
0.884214
0.880962
0.877828
0.874814
0.871924
0.869159
0.866525
0.864021
0.861652
0.85942
0.857326
0.855373
0.853563
0.851897
0.850377
0.849005
0.847782
0.84671
0.845788
0.845019
0.844402
0.84394
0.843631
0.843476
)
;

boundaryField
{
    inlet
    {
        type            fixedValue;
        value           uniform 1;
    }
    outlet
    {
        type            zeroGradient;
    }
    lowerWall
    {
        type            zeroGradient;
    }
    upperWall
    {
        type            zeroGradient;
    }
    frontAndBack
    {
        type            empty;
    }
}


// ************************************************************************* //
