/*--------------------------------*- C++ -*----------------------------------*\
  =========                 |
  \\      /  F ield         | OpenFOAM: The Open Source CFD Toolbox
   \\    /   O peration     | Website:  https://openfoam.org
    \\  /    A nd           | Version:  12
     \\/     M anipulation  |
\*---------------------------------------------------------------------------*/
FoamFile
{
    format      ascii;
    class       volScalarField;
    location    "26";
    object      T;
}
// * * * * * * * * * * * * * * * * * * * * * * * * * * * * * * * * * * * * * //

dimensions      [0 0 0 1 0 0 0];

internalField   nonuniform List<scalar> 
1250
(
0.989278
0.967845
0.946446
0.925105
0.903843
0.882684
0.861649
0.840762
0.820044
0.799516
0.779201
0.759119
0.73929
0.719736
0.700477
0.68153
0.662916
0.644654
0.62676
0.609253
0.592148
0.575464
0.559215
0.543417
0.528083
0.513229
0.498868
0.485013
0.471675
0.458866
0.446598
0.434881
0.423724
0.413138
0.403131
0.39371
0.384884
0.37666
0.369044
0.362042
0.355659
0.349901
0.344772
0.340275
0.336415
0.333193
0.330613
0.328677
0.327385
0.326739
0.989278
0.967845
0.946446
0.925105
0.903843
0.882684
0.861649
0.840762
0.820044
0.799516
0.779201
0.759119
0.73929
0.719736
0.700477
0.68153
0.662916
0.644654
0.62676
0.609253
0.592148
0.575464
0.559215
0.543417
0.528083
0.513229
0.498868
0.485013
0.471675
0.458866
0.446598
0.434881
0.423724
0.413138
0.403131
0.39371
0.384884
0.37666
0.369044
0.362042
0.355659
0.349901
0.344772
0.340275
0.336415
0.333194
0.330613
0.328677
0.327385
0.326739
0.989278
0.967845
0.946446
0.925105
0.903843
0.882684
0.861649
0.840762
0.820044
0.799516
0.779201
0.759119
0.73929
0.719736
0.700477
0.68153
0.662916
0.644654
0.62676
0.609253
0.592148
0.575464
0.559215
0.543417
0.528083
0.51323
0.498868
0.485013
0.471675
0.458866
0.446598
0.434881
0.423724
0.413138
0.403131
0.39371
0.384884
0.37666
0.369044
0.362042
0.355659
0.349901
0.344772
0.340275
0.336415
0.333194
0.330614
0.328677
0.327385
0.326739
0.989278
0.967845
0.946446
0.925105
0.903843
0.882684
0.861649
0.840762
0.820044
0.799516
0.779201
0.759119
0.73929
0.719736
0.700477
0.68153
0.662917
0.644654
0.62676
0.609253
0.592149
0.575464
0.559215
0.543417
0.528084
0.51323
0.498868
0.485013
0.471675
0.458866
0.446598
0.434881
0.423725
0.413138
0.403131
0.39371
0.384884
0.37666
0.369044
0.362042
0.355659
0.349901
0.344772
0.340275
0.336415
0.333194
0.330614
0.328677
0.327385
0.326739
0.989278
0.967845
0.946446
0.925105
0.903843
0.882684
0.861649
0.840762
0.820044
0.799516
0.779201
0.759119
0.73929
0.719736
0.700477
0.68153
0.662917
0.644654
0.62676
0.609253
0.592149
0.575464
0.559215
0.543417
0.528084
0.51323
0.498868
0.485013
0.471675
0.458866
0.446598
0.434881
0.423725
0.413138
0.403131
0.39371
0.384884
0.37666
0.369044
0.362042
0.355659
0.349901
0.344772
0.340275
0.336415
0.333194
0.330614
0.328677
0.327385
0.326739
0.989278
0.967845
0.946446
0.925105
0.903843
0.882684
0.861649
0.840762
0.820044
0.799516
0.779201
0.759119
0.73929
0.719737
0.700477
0.68153
0.662917
0.644654
0.62676
0.609253
0.592149
0.575464
0.559215
0.543417
0.528084
0.51323
0.498869
0.485013
0.471675
0.458866
0.446598
0.434881
0.423725
0.413138
0.403131
0.393711
0.384885
0.37666
0.369044
0.362042
0.355659
0.349901
0.344772
0.340276
0.336415
0.333194
0.330614
0.328677
0.327385
0.326739
0.989278
0.967845
0.946446
0.925105
0.903843
0.882684
0.861649
0.840762
0.820044
0.799516
0.779201
0.759119
0.739291
0.719737
0.700477
0.68153
0.662917
0.644654
0.62676
0.609253
0.592149
0.575464
0.559215
0.543417
0.528084
0.51323
0.498869
0.485013
0.471675
0.458867
0.446598
0.434881
0.423725
0.413139
0.403131
0.393711
0.384885
0.37666
0.369044
0.362042
0.35566
0.349901
0.344772
0.340276
0.336415
0.333194
0.330614
0.328677
0.327385
0.326739
0.989278
0.967845
0.946446
0.925105
0.903843
0.882684
0.861649
0.840762
0.820044
0.799516
0.779201
0.759119
0.739291
0.719737
0.700477
0.681531
0.662917
0.644654
0.62676
0.609253
0.592149
0.575464
0.559216
0.543417
0.528084
0.51323
0.498869
0.485013
0.471675
0.458867
0.446599
0.434881
0.423725
0.413139
0.403131
0.393711
0.384885
0.37666
0.369044
0.362042
0.35566
0.349902
0.344772
0.340276
0.336415
0.333194
0.330614
0.328677
0.327385
0.326739
0.989278
0.967845
0.946446
0.925105
0.903843
0.882684
0.861649
0.840762
0.820044
0.799516
0.779201
0.759119
0.739291
0.719737
0.700477
0.681531
0.662917
0.644654
0.62676
0.609253
0.592149
0.575465
0.559216
0.543417
0.528084
0.51323
0.498869
0.485013
0.471675
0.458867
0.446599
0.434882
0.423725
0.413139
0.403131
0.393711
0.384885
0.376661
0.369044
0.362042
0.35566
0.349902
0.344772
0.340276
0.336415
0.333194
0.330614
0.328677
0.327385
0.326739
0.989278
0.967845
0.946446
0.925105
0.903843
0.882684
0.861649
0.840762
0.820044
0.799516
0.779201
0.759119
0.739291
0.719737
0.700477
0.681531
0.662917
0.644654
0.626761
0.609253
0.592149
0.575465
0.559216
0.543417
0.528084
0.51323
0.498869
0.485014
0.471676
0.458867
0.446599
0.434882
0.423725
0.413139
0.403132
0.393711
0.384885
0.376661
0.369045
0.362042
0.35566
0.349902
0.344772
0.340276
0.336415
0.333194
0.330614
0.328677
0.327385
0.326739
0.989278
0.967845
0.946446
0.925105
0.903843
0.882684
0.861649
0.840762
0.820044
0.799516
0.779201
0.759119
0.739291
0.719737
0.700477
0.681531
0.662917
0.644654
0.626761
0.609253
0.592149
0.575465
0.559216
0.543418
0.528084
0.513231
0.498869
0.485014
0.471676
0.458867
0.446599
0.434882
0.423725
0.413139
0.403132
0.393711
0.384885
0.376661
0.369045
0.362042
0.35566
0.349902
0.344772
0.340276
0.336415
0.333194
0.330614
0.328677
0.327385
0.326739
0.989278
0.967845
0.946446
0.925105
0.903843
0.882684
0.861649
0.840762
0.820044
0.799516
0.779201
0.759119
0.739291
0.719737
0.700477
0.681531
0.662917
0.644655
0.626761
0.609254
0.592149
0.575465
0.559216
0.543418
0.528085
0.513231
0.49887
0.485014
0.471676
0.458867
0.446599
0.434882
0.423726
0.413139
0.403132
0.393711
0.384885
0.376661
0.369045
0.362043
0.35566
0.349902
0.344773
0.340276
0.336415
0.333194
0.330614
0.328677
0.327385
0.326739
0.989278
0.967845
0.946446
0.925105
0.903843
0.882684
0.86165
0.840762
0.820044
0.799517
0.779201
0.759119
0.739291
0.719737
0.700477
0.681531
0.662917
0.644655
0.626761
0.609254
0.59215
0.575465
0.559216
0.543418
0.528085
0.513231
0.49887
0.485014
0.471676
0.458867
0.446599
0.434882
0.423726
0.413139
0.403132
0.393711
0.384885
0.376661
0.369045
0.362043
0.35566
0.349902
0.344773
0.340276
0.336416
0.333194
0.330614
0.328677
0.327385
0.326739
0.989278
0.967845
0.946446
0.925105
0.903843
0.882684
0.86165
0.840762
0.820044
0.799517
0.779201
0.759119
0.739291
0.719737
0.700477
0.681531
0.662918
0.644655
0.626761
0.609254
0.59215
0.575465
0.559216
0.543418
0.528085
0.513231
0.49887
0.485014
0.471676
0.458868
0.4466
0.434882
0.423726
0.41314
0.403132
0.393711
0.384886
0.376661
0.369045
0.362043
0.35566
0.349902
0.344773
0.340276
0.336416
0.333194
0.330614
0.328677
0.327385
0.326739
0.989278
0.967845
0.946446
0.925105
0.903843
0.882684
0.86165
0.840762
0.820044
0.799517
0.779201
0.759119
0.739291
0.719737
0.700478
0.681531
0.662918
0.644655
0.626761
0.609254
0.59215
0.575466
0.559217
0.543418
0.528085
0.513231
0.49887
0.485014
0.471676
0.458868
0.4466
0.434882
0.423726
0.41314
0.403132
0.393712
0.384886
0.376661
0.369045
0.362043
0.35566
0.349902
0.344773
0.340276
0.336416
0.333194
0.330614
0.328677
0.327386
0.326739
0.989278
0.967845
0.946446
0.925105
0.903843
0.882684
0.86165
0.840762
0.820044
0.799517
0.779202
0.759119
0.739291
0.719737
0.700478
0.681532
0.662918
0.644655
0.626761
0.609254
0.59215
0.575466
0.559217
0.543418
0.528085
0.513231
0.49887
0.485014
0.471676
0.458868
0.4466
0.434883
0.423726
0.41314
0.403132
0.393712
0.384886
0.376661
0.369045
0.362043
0.35566
0.349902
0.344773
0.340276
0.336416
0.333194
0.330614
0.328678
0.327386
0.326739
0.989278
0.967845
0.946446
0.925105
0.903843
0.882684
0.86165
0.840762
0.820044
0.799517
0.779202
0.75912
0.739291
0.719738
0.700478
0.681532
0.662918
0.644655
0.626762
0.609254
0.59215
0.575466
0.559217
0.543419
0.528085
0.513232
0.49887
0.485015
0.471677
0.458868
0.4466
0.434883
0.423726
0.41314
0.403132
0.393712
0.384886
0.376661
0.369045
0.362043
0.35566
0.349902
0.344773
0.340276
0.336416
0.333194
0.330614
0.328678
0.327386
0.326739
0.989278
0.967845
0.946446
0.925105
0.903843
0.882684
0.86165
0.840763
0.820044
0.799517
0.779202
0.75912
0.739292
0.719738
0.700478
0.681532
0.662918
0.644655
0.626762
0.609254
0.59215
0.575466
0.559217
0.543419
0.528086
0.513232
0.49887
0.485015
0.471677
0.458868
0.4466
0.434883
0.423726
0.41314
0.403132
0.393712
0.384886
0.376661
0.369045
0.362043
0.35566
0.349902
0.344773
0.340276
0.336416
0.333194
0.330614
0.328678
0.327386
0.32674
0.989278
0.967845
0.946446
0.925105
0.903843
0.882684
0.86165
0.840763
0.820044
0.799517
0.779202
0.75912
0.739292
0.719738
0.700478
0.681532
0.662918
0.644655
0.626762
0.609254
0.59215
0.575466
0.559217
0.543419
0.528086
0.513232
0.498871
0.485015
0.471677
0.458868
0.4466
0.434883
0.423726
0.41314
0.403132
0.393712
0.384886
0.376662
0.369045
0.362043
0.35566
0.349902
0.344773
0.340276
0.336416
0.333194
0.330614
0.328678
0.327386
0.32674
0.989278
0.967845
0.946446
0.925105
0.903843
0.882684
0.86165
0.840763
0.820044
0.799517
0.779202
0.75912
0.739292
0.719738
0.700478
0.681532
0.662918
0.644656
0.626762
0.609255
0.592151
0.575466
0.559217
0.543419
0.528086
0.513232
0.498871
0.485015
0.471677
0.458868
0.4466
0.434883
0.423726
0.41314
0.403133
0.393712
0.384886
0.376662
0.369045
0.362043
0.355661
0.349902
0.344773
0.340276
0.336416
0.333194
0.330614
0.328678
0.327386
0.32674
0.989278
0.967845
0.946446
0.925105
0.903843
0.882684
0.86165
0.840763
0.820045
0.799517
0.779202
0.75912
0.739292
0.719738
0.700478
0.681532
0.662918
0.644656
0.626762
0.609255
0.592151
0.575466
0.559217
0.543419
0.528086
0.513232
0.498871
0.485015
0.471677
0.458868
0.4466
0.434883
0.423727
0.41314
0.403133
0.393712
0.384886
0.376662
0.369045
0.362043
0.355661
0.349902
0.344773
0.340276
0.336416
0.333195
0.330614
0.328678
0.327386
0.32674
0.989278
0.967845
0.946446
0.925105
0.903843
0.882684
0.86165
0.840763
0.820045
0.799517
0.779202
0.75912
0.739292
0.719738
0.700478
0.681532
0.662918
0.644656
0.626762
0.609255
0.592151
0.575466
0.559217
0.543419
0.528086
0.513232
0.498871
0.485015
0.471677
0.458868
0.4466
0.434883
0.423727
0.41314
0.403133
0.393712
0.384886
0.376662
0.369045
0.362043
0.355661
0.349902
0.344773
0.340276
0.336416
0.333195
0.330614
0.328678
0.327386
0.32674
0.989278
0.967845
0.946446
0.925105
0.903843
0.882684
0.86165
0.840763
0.820045
0.799517
0.779202
0.75912
0.739292
0.719738
0.700478
0.681532
0.662919
0.644656
0.626762
0.609255
0.592151
0.575466
0.559218
0.543419
0.528086
0.513232
0.498871
0.485015
0.471677
0.458869
0.4466
0.434883
0.423727
0.41314
0.403133
0.393712
0.384886
0.376662
0.369045
0.362043
0.355661
0.349902
0.344773
0.340276
0.336416
0.333195
0.330615
0.328678
0.327386
0.32674
0.989278
0.967845
0.946446
0.925105
0.903843
0.882684
0.86165
0.840763
0.820045
0.799517
0.779202
0.75912
0.739292
0.719738
0.700478
0.681532
0.662919
0.644656
0.626762
0.609255
0.592151
0.575467
0.559218
0.543419
0.528086
0.513232
0.498871
0.485015
0.471677
0.458869
0.4466
0.434883
0.423727
0.41314
0.403133
0.393712
0.384886
0.376662
0.369045
0.362043
0.355661
0.349902
0.344773
0.340276
0.336416
0.333195
0.330615
0.328678
0.327386
0.32674
0.989278
0.967845
0.946446
0.925105
0.903843
0.882684
0.86165
0.840763
0.820045
0.799517
0.779202
0.75912
0.739292
0.719738
0.700478
0.681532
0.662919
0.644656
0.626762
0.609255
0.592151
0.575467
0.559218
0.543419
0.528086
0.513232
0.498871
0.485015
0.471677
0.458869
0.4466
0.434883
0.423727
0.41314
0.403133
0.393712
0.384886
0.376662
0.369045
0.362043
0.355661
0.349902
0.344773
0.340276
0.336416
0.333195
0.330615
0.328678
0.327386
0.32674
)
;

boundaryField
{
    inlet
    {
        type            fixedValue;
        value           uniform 1;
    }
    outlet
    {
        type            zeroGradient;
    }
    lowerWall
    {
        type            zeroGradient;
    }
    upperWall
    {
        type            zeroGradient;
    }
    frontAndBack
    {
        type            empty;
    }
}


// ************************************************************************* //
