/*--------------------------------*- C++ -*----------------------------------*\
  =========                 |
  \\      /  F ield         | OpenFOAM: The Open Source CFD Toolbox
   \\    /   O peration     | Website:  https://openfoam.org
    \\  /    A nd           | Version:  12
     \\/     M anipulation  |
\*---------------------------------------------------------------------------*/
FoamFile
{
    format      ascii;
    class       volScalarField;
    location    "42";
    object      T;
}
// * * * * * * * * * * * * * * * * * * * * * * * * * * * * * * * * * * * * * //

dimensions      [0 0 0 1 0 0 0];

internalField   nonuniform List<scalar> 
1250
(
0.99281
0.978436
0.964083
0.949767
0.9355
0.921297
0.907172
0.893139
0.879212
0.865405
0.851731
0.838205
0.824838
0.811646
0.79864
0.785833
0.773239
0.760869
0.748736
0.736852
0.725228
0.713876
0.702808
0.692033
0.681563
0.671407
0.661577
0.652081
0.642928
0.634129
0.62569
0.617621
0.60993
0.602624
0.595709
0.589194
0.583084
0.577385
0.572103
0.567243
0.562809
0.558806
0.555238
0.552109
0.549421
0.547177
0.545379
0.544029
0.543128
0.542677
0.99281
0.978436
0.964083
0.949767
0.9355
0.921297
0.907172
0.893139
0.879212
0.865405
0.851731
0.838205
0.824838
0.811646
0.79864
0.785833
0.773239
0.760869
0.748736
0.736852
0.725228
0.713876
0.702808
0.692033
0.681563
0.671407
0.661577
0.652081
0.642928
0.634129
0.62569
0.617621
0.60993
0.602624
0.595709
0.589194
0.583084
0.577385
0.572103
0.567243
0.562809
0.558806
0.555238
0.552109
0.549421
0.547177
0.545379
0.544029
0.543128
0.542677
0.99281
0.978436
0.964083
0.949767
0.9355
0.921297
0.907172
0.893139
0.879212
0.865405
0.851731
0.838205
0.824838
0.811646
0.79864
0.785833
0.773239
0.760869
0.748736
0.736852
0.725228
0.713876
0.702808
0.692033
0.681563
0.671407
0.661577
0.652081
0.642928
0.634129
0.62569
0.617621
0.60993
0.602624
0.595709
0.589194
0.583084
0.577385
0.572103
0.567242
0.562809
0.558806
0.555238
0.552109
0.549421
0.547177
0.545379
0.544029
0.543128
0.542677
0.99281
0.978436
0.964083
0.949767
0.9355
0.921297
0.907172
0.893139
0.879212
0.865405
0.851731
0.838205
0.824838
0.811646
0.79864
0.785833
0.773239
0.760869
0.748736
0.736852
0.725228
0.713876
0.702808
0.692033
0.681563
0.671407
0.661577
0.652081
0.642928
0.634129
0.62569
0.617621
0.60993
0.602624
0.595709
0.589194
0.583084
0.577385
0.572103
0.567242
0.562809
0.558806
0.555238
0.552109
0.549421
0.547177
0.545379
0.544029
0.543128
0.542677
0.99281
0.978436
0.964083
0.949767
0.9355
0.921297
0.907172
0.893139
0.879212
0.865405
0.851731
0.838205
0.824838
0.811646
0.79864
0.785833
0.773239
0.760869
0.748736
0.736852
0.725228
0.713876
0.702808
0.692033
0.681563
0.671407
0.661577
0.652081
0.642928
0.634129
0.62569
0.617621
0.60993
0.602624
0.595709
0.589194
0.583084
0.577385
0.572103
0.567242
0.562809
0.558806
0.555238
0.552109
0.549421
0.547176
0.545379
0.544029
0.543128
0.542677
0.99281
0.978436
0.964083
0.949767
0.9355
0.921297
0.907172
0.893139
0.879212
0.865405
0.851731
0.838205
0.824838
0.811646
0.79864
0.785833
0.773239
0.760869
0.748736
0.736852
0.725228
0.713876
0.702808
0.692033
0.681563
0.671407
0.661577
0.652081
0.642928
0.634129
0.62569
0.617621
0.60993
0.602624
0.595709
0.589194
0.583084
0.577385
0.572103
0.567242
0.562809
0.558806
0.555238
0.552109
0.54942
0.547176
0.545378
0.544028
0.543128
0.542677
0.99281
0.978436
0.964083
0.949767
0.9355
0.921297
0.907172
0.893139
0.879212
0.865405
0.851731
0.838205
0.824838
0.811646
0.79864
0.785833
0.773239
0.760869
0.748736
0.736852
0.725228
0.713876
0.702808
0.692033
0.681563
0.671407
0.661577
0.652081
0.642928
0.634129
0.62569
0.617621
0.60993
0.602624
0.595709
0.589194
0.583084
0.577385
0.572103
0.567242
0.562809
0.558806
0.555238
0.552109
0.54942
0.547176
0.545378
0.544028
0.543128
0.542677
0.99281
0.978436
0.964083
0.949767
0.9355
0.921297
0.907172
0.893139
0.879212
0.865405
0.851731
0.838205
0.824838
0.811646
0.79864
0.785833
0.773239
0.760869
0.748736
0.736852
0.725228
0.713876
0.702808
0.692033
0.681563
0.671407
0.661577
0.652081
0.642928
0.634129
0.62569
0.617621
0.60993
0.602624
0.595709
0.589194
0.583084
0.577385
0.572102
0.567242
0.562808
0.558806
0.555238
0.552108
0.54942
0.547176
0.545378
0.544028
0.543128
0.542677
0.99281
0.978436
0.964083
0.949767
0.9355
0.921297
0.907172
0.893139
0.879212
0.865405
0.851731
0.838205
0.824838
0.811646
0.79864
0.785833
0.773239
0.760869
0.748736
0.736852
0.725228
0.713876
0.702808
0.692033
0.681563
0.671407
0.661577
0.652081
0.642928
0.634129
0.62569
0.617621
0.60993
0.602624
0.595709
0.589194
0.583084
0.577385
0.572102
0.567242
0.562808
0.558806
0.555238
0.552108
0.54942
0.547176
0.545378
0.544028
0.543127
0.542677
0.99281
0.978436
0.964083
0.949767
0.9355
0.921297
0.907172
0.893139
0.879212
0.865405
0.851731
0.838205
0.824838
0.811646
0.79864
0.785833
0.773239
0.760869
0.748736
0.736852
0.725228
0.713876
0.702808
0.692033
0.681563
0.671407
0.661577
0.652081
0.642928
0.634128
0.62569
0.617621
0.60993
0.602623
0.595709
0.589194
0.583084
0.577385
0.572102
0.567242
0.562808
0.558806
0.555238
0.552108
0.54942
0.547176
0.545378
0.544028
0.543127
0.542677
0.99281
0.978436
0.964083
0.949767
0.9355
0.921297
0.907172
0.893139
0.879212
0.865405
0.851731
0.838205
0.824838
0.811646
0.79864
0.785833
0.773239
0.760869
0.748736
0.736852
0.725228
0.713876
0.702808
0.692033
0.681563
0.671407
0.661577
0.652081
0.642928
0.634128
0.62569
0.617621
0.60993
0.602623
0.595709
0.589194
0.583083
0.577384
0.572102
0.567242
0.562808
0.558805
0.555238
0.552108
0.54942
0.547176
0.545378
0.544028
0.543127
0.542677
0.99281
0.978436
0.964083
0.949767
0.9355
0.921297
0.907172
0.893139
0.879212
0.865405
0.851731
0.838205
0.824838
0.811646
0.79864
0.785833
0.773239
0.760869
0.748736
0.736852
0.725228
0.713876
0.702808
0.692033
0.681563
0.671407
0.661577
0.652081
0.642928
0.634128
0.62569
0.617621
0.60993
0.602623
0.595709
0.589194
0.583083
0.577384
0.572102
0.567242
0.562808
0.558805
0.555237
0.552108
0.54942
0.547176
0.545378
0.544028
0.543127
0.542676
0.99281
0.978436
0.964083
0.949767
0.9355
0.921297
0.907172
0.893139
0.879212
0.865405
0.851731
0.838205
0.824838
0.811646
0.79864
0.785833
0.773239
0.760869
0.748736
0.736852
0.725228
0.713876
0.702808
0.692033
0.681563
0.671407
0.661577
0.652081
0.642928
0.634128
0.62569
0.617621
0.60993
0.602623
0.595709
0.589193
0.583083
0.577384
0.572102
0.567242
0.562808
0.558805
0.555237
0.552108
0.54942
0.547175
0.545378
0.544028
0.543127
0.542676
0.99281
0.978436
0.964083
0.949767
0.9355
0.921297
0.907172
0.893139
0.879212
0.865405
0.851731
0.838205
0.824838
0.811646
0.79864
0.785833
0.773239
0.760869
0.748736
0.736852
0.725228
0.713876
0.702808
0.692033
0.681563
0.671407
0.661577
0.652081
0.642928
0.634128
0.62569
0.617621
0.60993
0.602623
0.595709
0.589193
0.583083
0.577384
0.572102
0.567241
0.562808
0.558805
0.555237
0.552108
0.549419
0.547175
0.545377
0.544027
0.543127
0.542676
0.99281
0.978436
0.964083
0.949767
0.9355
0.921297
0.907172
0.893139
0.879212
0.865405
0.851731
0.838205
0.824838
0.811646
0.79864
0.785833
0.773239
0.760869
0.748736
0.736852
0.725228
0.713876
0.702808
0.692033
0.681563
0.671407
0.661577
0.652081
0.642928
0.634128
0.62569
0.617621
0.60993
0.602623
0.595709
0.589193
0.583083
0.577384
0.572102
0.567241
0.562808
0.558805
0.555237
0.552107
0.549419
0.547175
0.545377
0.544027
0.543127
0.542676
0.99281
0.978436
0.964083
0.949767
0.9355
0.921297
0.907172
0.893139
0.879212
0.865405
0.851731
0.838205
0.824838
0.811646
0.79864
0.785833
0.773239
0.760869
0.748736
0.736852
0.725228
0.713876
0.702808
0.692033
0.681563
0.671407
0.661577
0.65208
0.642928
0.634128
0.62569
0.617621
0.609929
0.602623
0.595709
0.589193
0.583083
0.577384
0.572102
0.567241
0.562808
0.558805
0.555237
0.552107
0.549419
0.547175
0.545377
0.544027
0.543126
0.542676
0.99281
0.978436
0.964083
0.949767
0.9355
0.921297
0.907172
0.893139
0.879212
0.865405
0.851731
0.838205
0.824838
0.811646
0.79864
0.785833
0.773239
0.760869
0.748736
0.736852
0.725228
0.713877
0.702808
0.692033
0.681563
0.671407
0.661577
0.65208
0.642928
0.634128
0.62569
0.617621
0.609929
0.602623
0.595709
0.589193
0.583083
0.577384
0.572102
0.567241
0.562807
0.558805
0.555237
0.552107
0.549419
0.547175
0.545377
0.544027
0.543126
0.542676
0.99281
0.978436
0.964083
0.949767
0.9355
0.921297
0.907172
0.893139
0.879212
0.865405
0.851731
0.838205
0.824838
0.811646
0.79864
0.785833
0.773239
0.760869
0.748736
0.736852
0.725228
0.713877
0.702808
0.692033
0.681563
0.671407
0.661577
0.65208
0.642928
0.634128
0.62569
0.617621
0.609929
0.602623
0.595709
0.589193
0.583083
0.577384
0.572101
0.567241
0.562807
0.558805
0.555237
0.552107
0.549419
0.547175
0.545377
0.544027
0.543126
0.542676
0.99281
0.978436
0.964083
0.949767
0.9355
0.921297
0.907172
0.893139
0.879212
0.865405
0.851731
0.838205
0.824839
0.811646
0.79864
0.785833
0.773239
0.760869
0.748736
0.736852
0.725228
0.713877
0.702808
0.692033
0.681563
0.671407
0.661577
0.65208
0.642928
0.634128
0.62569
0.617621
0.609929
0.602623
0.595708
0.589193
0.583083
0.577384
0.572101
0.567241
0.562807
0.558804
0.555237
0.552107
0.549419
0.547175
0.545377
0.544027
0.543126
0.542675
0.99281
0.978436
0.964083
0.949767
0.9355
0.921297
0.907172
0.893139
0.879212
0.865405
0.851731
0.838205
0.824839
0.811646
0.79864
0.785833
0.773239
0.760869
0.748736
0.736852
0.725228
0.713877
0.702808
0.692033
0.681563
0.671407
0.661577
0.65208
0.642928
0.634128
0.62569
0.617621
0.609929
0.602623
0.595708
0.589193
0.583083
0.577384
0.572101
0.567241
0.562807
0.558804
0.555236
0.552107
0.549419
0.547175
0.545377
0.544027
0.543126
0.542675
0.99281
0.978436
0.964083
0.949767
0.9355
0.921297
0.907172
0.893139
0.879212
0.865405
0.851731
0.838205
0.824839
0.811646
0.79864
0.785833
0.773239
0.760869
0.748736
0.736852
0.725228
0.713877
0.702808
0.692033
0.681563
0.671407
0.661577
0.65208
0.642928
0.634128
0.62569
0.617621
0.609929
0.602623
0.595708
0.589193
0.583083
0.577384
0.572101
0.567241
0.562807
0.558804
0.555236
0.552107
0.549419
0.547175
0.545377
0.544027
0.543126
0.542675
0.99281
0.978436
0.964083
0.949767
0.9355
0.921297
0.907172
0.893139
0.879212
0.865405
0.851731
0.838205
0.824839
0.811646
0.79864
0.785833
0.773239
0.760869
0.748736
0.736852
0.725228
0.713877
0.702808
0.692033
0.681563
0.671407
0.661577
0.65208
0.642928
0.634128
0.62569
0.617621
0.609929
0.602623
0.595708
0.589193
0.583083
0.577383
0.572101
0.567241
0.562807
0.558804
0.555236
0.552107
0.549419
0.547174
0.545377
0.544027
0.543126
0.542675
0.99281
0.978436
0.964083
0.949767
0.9355
0.921297
0.907172
0.893139
0.879212
0.865405
0.851732
0.838205
0.824839
0.811646
0.79864
0.785834
0.773239
0.760869
0.748736
0.736852
0.725228
0.713877
0.702808
0.692033
0.681563
0.671407
0.661577
0.65208
0.642928
0.634128
0.62569
0.617621
0.609929
0.602623
0.595708
0.589193
0.583082
0.577383
0.572101
0.567241
0.562807
0.558804
0.555236
0.552107
0.549419
0.547174
0.545377
0.544027
0.543126
0.542675
0.99281
0.978436
0.964083
0.949767
0.9355
0.921297
0.907172
0.893139
0.879212
0.865405
0.851732
0.838205
0.824839
0.811646
0.79864
0.785834
0.773239
0.760869
0.748736
0.736852
0.725228
0.713877
0.702808
0.692033
0.681563
0.671407
0.661577
0.65208
0.642928
0.634128
0.62569
0.617621
0.609929
0.602623
0.595708
0.589193
0.583082
0.577383
0.572101
0.567241
0.562807
0.558804
0.555236
0.552107
0.549419
0.547174
0.545376
0.544026
0.543126
0.542675
0.99281
0.978436
0.964083
0.949767
0.9355
0.921297
0.907172
0.893139
0.879212
0.865405
0.851732
0.838205
0.824839
0.811646
0.79864
0.785834
0.773239
0.760869
0.748737
0.736852
0.725229
0.713877
0.702808
0.692033
0.681563
0.671407
0.661577
0.65208
0.642928
0.634128
0.62569
0.617621
0.609929
0.602623
0.595708
0.589193
0.583082
0.577383
0.572101
0.567241
0.562807
0.558804
0.555236
0.552107
0.549419
0.547174
0.545376
0.544026
0.543126
0.542675
)
;

boundaryField
{
    inlet
    {
        type            fixedValue;
        value           uniform 1;
    }
    outlet
    {
        type            zeroGradient;
    }
    lowerWall
    {
        type            zeroGradient;
    }
    upperWall
    {
        type            zeroGradient;
    }
    frontAndBack
    {
        type            empty;
    }
}


// ************************************************************************* //
