/*--------------------------------*- C++ -*----------------------------------*\
  =========                 |
  \\      /  F ield         | OpenFOAM: The Open Source CFD Toolbox
   \\    /   O peration     | Website:  https://openfoam.org
    \\  /    A nd           | Version:  12
     \\/     M anipulation  |
\*---------------------------------------------------------------------------*/
FoamFile
{
    format      ascii;
    class       volScalarField;
    location    "18";
    object      T;
}
// * * * * * * * * * * * * * * * * * * * * * * * * * * * * * * * * * * * * * //

dimensions      [0 0 0 1 0 0 0];

internalField   nonuniform List<scalar> 
1250
(
0.986557
0.959687
0.932871
0.906143
0.879537
0.853088
0.82683
0.800796
0.775018
0.749529
0.724359
0.699538
0.675095
0.651057
0.627452
0.604304
0.581637
0.559474
0.537838
0.516747
0.496221
0.476276
0.45693
0.438197
0.42009
0.402623
0.385805
0.369646
0.354156
0.339343
0.325212
0.31177
0.299022
0.286972
0.275623
0.264978
0.255039
0.245808
0.237286
0.229475
0.222373
0.215983
0.210303
0.205334
0.201076
0.197527
0.194689
0.192561
0.191142
0.190433
0.986557
0.959687
0.932871
0.906143
0.879537
0.853088
0.82683
0.800796
0.775018
0.749529
0.724359
0.699538
0.675095
0.651057
0.627452
0.604304
0.581637
0.559474
0.537838
0.516747
0.496221
0.476276
0.45693
0.438197
0.42009
0.402623
0.385805
0.369646
0.354156
0.339343
0.325212
0.31177
0.299022
0.286972
0.275623
0.264978
0.255039
0.245808
0.237286
0.229475
0.222373
0.215983
0.210303
0.205334
0.201076
0.197527
0.194689
0.192561
0.191142
0.190433
0.986557
0.959687
0.932871
0.906143
0.879537
0.853088
0.82683
0.800796
0.775018
0.749529
0.724359
0.699538
0.675095
0.651057
0.627452
0.604303
0.581637
0.559474
0.537838
0.516747
0.496221
0.476276
0.45693
0.438197
0.42009
0.402623
0.385804
0.369646
0.354156
0.339343
0.325212
0.31177
0.299022
0.286972
0.275622
0.264978
0.255039
0.245808
0.237286
0.229474
0.222373
0.215983
0.210303
0.205334
0.201075
0.197527
0.194689
0.192561
0.191142
0.190433
0.986557
0.959687
0.932871
0.906143
0.879537
0.853088
0.82683
0.800796
0.775018
0.749529
0.724359
0.699538
0.675095
0.651057
0.627452
0.604303
0.581637
0.559474
0.537838
0.516747
0.49622
0.476276
0.45693
0.438197
0.42009
0.402622
0.385804
0.369646
0.354156
0.339343
0.325212
0.31177
0.299022
0.286971
0.275622
0.264977
0.255039
0.245808
0.237286
0.229474
0.222373
0.215983
0.210303
0.205334
0.201075
0.197527
0.194689
0.192561
0.191142
0.190433
0.986557
0.959687
0.932871
0.906143
0.879537
0.853088
0.82683
0.800796
0.775018
0.749529
0.724359
0.699538
0.675095
0.651057
0.627451
0.604303
0.581637
0.559474
0.537838
0.516747
0.49622
0.476276
0.45693
0.438197
0.42009
0.402622
0.385804
0.369646
0.354156
0.339342
0.325212
0.31177
0.299022
0.286971
0.275622
0.264977
0.255039
0.245808
0.237286
0.229474
0.222373
0.215982
0.210303
0.205334
0.201075
0.197527
0.194689
0.192561
0.191142
0.190433
0.986557
0.959687
0.932871
0.906143
0.879537
0.853088
0.82683
0.800796
0.775018
0.749529
0.724359
0.699538
0.675095
0.651057
0.627451
0.604303
0.581637
0.559474
0.537837
0.516747
0.49622
0.476276
0.45693
0.438197
0.42009
0.402622
0.385804
0.369646
0.354156
0.339342
0.325212
0.31177
0.299022
0.286971
0.275622
0.264977
0.255038
0.245808
0.237286
0.229474
0.222373
0.215982
0.210303
0.205334
0.201075
0.197527
0.194689
0.192561
0.191142
0.190432
0.986557
0.959687
0.932871
0.906143
0.879537
0.853088
0.82683
0.800796
0.775018
0.749529
0.724359
0.699538
0.675095
0.651057
0.627451
0.604303
0.581636
0.559474
0.537837
0.516746
0.49622
0.476276
0.45693
0.438197
0.42009
0.402622
0.385804
0.369646
0.354156
0.339342
0.325212
0.31177
0.299021
0.286971
0.275622
0.264977
0.255038
0.245807
0.237286
0.229474
0.222373
0.215982
0.210302
0.205333
0.201075
0.197527
0.194689
0.19256
0.191142
0.190432
0.986557
0.959687
0.932871
0.906143
0.879537
0.853088
0.82683
0.800796
0.775018
0.749529
0.724359
0.699538
0.675094
0.651057
0.627451
0.604303
0.581636
0.559474
0.537837
0.516746
0.49622
0.476276
0.45693
0.438197
0.42009
0.402622
0.385804
0.369646
0.354156
0.339342
0.325211
0.311769
0.299021
0.286971
0.275622
0.264977
0.255038
0.245807
0.237286
0.229474
0.222372
0.215982
0.210302
0.205333
0.201075
0.197527
0.194688
0.19256
0.191141
0.190432
0.986557
0.959687
0.932871
0.906143
0.879537
0.853088
0.82683
0.800795
0.775018
0.749529
0.724359
0.699538
0.675094
0.651057
0.627451
0.604303
0.581636
0.559474
0.537837
0.516746
0.49622
0.476276
0.45693
0.438196
0.42009
0.402622
0.385804
0.369645
0.354156
0.339342
0.325211
0.311769
0.299021
0.286971
0.275622
0.264977
0.255038
0.245807
0.237285
0.229474
0.222372
0.215982
0.210302
0.205333
0.201074
0.197526
0.194688
0.19256
0.191141
0.190432
0.986557
0.959687
0.932871
0.906143
0.879537
0.853088
0.82683
0.800795
0.775018
0.749529
0.724359
0.699537
0.675094
0.651057
0.627451
0.604303
0.581636
0.559474
0.537837
0.516746
0.49622
0.476275
0.456929
0.438196
0.42009
0.402622
0.385804
0.369645
0.354155
0.339342
0.325211
0.311769
0.299021
0.286971
0.275621
0.264976
0.255038
0.245807
0.237285
0.229473
0.222372
0.215981
0.210302
0.205333
0.201074
0.197526
0.194688
0.19256
0.191141
0.190432
0.986557
0.959687
0.932871
0.906142
0.879537
0.853088
0.826829
0.800795
0.775018
0.749529
0.724358
0.699537
0.675094
0.651056
0.627451
0.604303
0.581636
0.559473
0.537837
0.516746
0.496219
0.476275
0.456929
0.438196
0.420089
0.402621
0.385803
0.369645
0.354155
0.339341
0.325211
0.311769
0.299021
0.28697
0.275621
0.264976
0.255037
0.245807
0.237285
0.229473
0.222372
0.215981
0.210301
0.205332
0.201074
0.197526
0.194688
0.192559
0.191141
0.190431
0.986557
0.959687
0.932871
0.906142
0.879536
0.853088
0.826829
0.800795
0.775018
0.749528
0.724358
0.699537
0.675094
0.651056
0.627451
0.604302
0.581636
0.559473
0.537837
0.516746
0.496219
0.476275
0.456929
0.438196
0.420089
0.402621
0.385803
0.369645
0.354155
0.339341
0.325211
0.311769
0.29902
0.28697
0.275621
0.264976
0.255037
0.245806
0.237285
0.229473
0.222372
0.215981
0.210301
0.205332
0.201074
0.197526
0.194688
0.192559
0.19114
0.190431
0.986557
0.959687
0.932871
0.906142
0.879536
0.853087
0.826829
0.800795
0.775018
0.749528
0.724358
0.699537
0.675094
0.651056
0.62745
0.604302
0.581635
0.559473
0.537836
0.516745
0.496219
0.476275
0.456929
0.438196
0.420089
0.402621
0.385803
0.369645
0.354155
0.339341
0.32521
0.311768
0.29902
0.28697
0.275621
0.264976
0.255037
0.245806
0.237284
0.229473
0.222371
0.215981
0.210301
0.205332
0.201074
0.197525
0.194687
0.192559
0.19114
0.190431
0.986557
0.959687
0.932871
0.906142
0.879536
0.853087
0.826829
0.800795
0.775017
0.749528
0.724358
0.699537
0.675094
0.651056
0.62745
0.604302
0.581635
0.559473
0.537836
0.516745
0.496219
0.476275
0.456929
0.438195
0.420089
0.402621
0.385803
0.369644
0.354154
0.339341
0.32521
0.311768
0.29902
0.28697
0.275621
0.264976
0.255037
0.245806
0.237284
0.229472
0.222371
0.21598
0.210301
0.205332
0.201073
0.197525
0.194687
0.192559
0.19114
0.190431
0.986557
0.959687
0.932871
0.906142
0.879536
0.853087
0.826829
0.800795
0.775017
0.749528
0.724358
0.699537
0.675093
0.651056
0.62745
0.604302
0.581635
0.559473
0.537836
0.516745
0.496219
0.476274
0.456928
0.438195
0.420089
0.402621
0.385803
0.369644
0.354154
0.339341
0.32521
0.311768
0.29902
0.286969
0.27562
0.264975
0.255037
0.245806
0.237284
0.229472
0.222371
0.21598
0.210301
0.205332
0.201073
0.197525
0.194687
0.192558
0.19114
0.19043
0.986557
0.959687
0.932871
0.906142
0.879536
0.853087
0.826829
0.800795
0.775017
0.749528
0.724358
0.699537
0.675093
0.651056
0.62745
0.604302
0.581635
0.559472
0.537836
0.516745
0.496218
0.476274
0.456928
0.438195
0.420088
0.40262
0.385802
0.369644
0.354154
0.33934
0.32521
0.311768
0.299019
0.286969
0.27562
0.264975
0.255036
0.245805
0.237284
0.229472
0.222371
0.21598
0.2103
0.205331
0.201073
0.197525
0.194687
0.192558
0.19114
0.19043
0.986557
0.959687
0.932871
0.906142
0.879536
0.853087
0.826829
0.800795
0.775017
0.749528
0.724358
0.699536
0.675093
0.651055
0.62745
0.604302
0.581635
0.559472
0.537836
0.516745
0.496218
0.476274
0.456928
0.438195
0.420088
0.40262
0.385802
0.369644
0.354154
0.33934
0.325209
0.311767
0.299019
0.286969
0.27562
0.264975
0.255036
0.245805
0.237283
0.229472
0.22237
0.21598
0.2103
0.205331
0.201073
0.197525
0.194686
0.192558
0.191139
0.19043
0.986557
0.959687
0.932871
0.906142
0.879536
0.853087
0.826829
0.800795
0.775017
0.749528
0.724358
0.699536
0.675093
0.651055
0.62745
0.604301
0.581635
0.559472
0.537835
0.516744
0.496218
0.476274
0.456928
0.438195
0.420088
0.40262
0.385802
0.369643
0.354154
0.33934
0.325209
0.311767
0.299019
0.286969
0.27562
0.264975
0.255036
0.245805
0.237283
0.229471
0.22237
0.21598
0.2103
0.205331
0.201072
0.197524
0.194686
0.192558
0.191139
0.19043
0.986557
0.959687
0.932871
0.906142
0.879536
0.853087
0.826829
0.800795
0.775017
0.749528
0.724357
0.699536
0.675093
0.651055
0.627449
0.604301
0.581634
0.559472
0.537835
0.516744
0.496218
0.476274
0.456928
0.438194
0.420088
0.40262
0.385802
0.369643
0.354153
0.33934
0.325209
0.311767
0.299019
0.286968
0.275619
0.264974
0.255036
0.245805
0.237283
0.229471
0.22237
0.215979
0.2103
0.205331
0.201072
0.197524
0.194686
0.192558
0.191139
0.19043
0.986557
0.959687
0.932871
0.906142
0.879536
0.853087
0.826829
0.800795
0.775017
0.749528
0.724357
0.699536
0.675093
0.651055
0.627449
0.604301
0.581634
0.559472
0.537835
0.516744
0.496218
0.476274
0.456927
0.438194
0.420088
0.40262
0.385801
0.369643
0.354153
0.33934
0.325209
0.311767
0.299019
0.286968
0.275619
0.264974
0.255035
0.245805
0.237283
0.229471
0.22237
0.215979
0.2103
0.205331
0.201072
0.197524
0.194686
0.192558
0.191139
0.19043
0.986557
0.959687
0.932871
0.906142
0.879536
0.853087
0.826829
0.800794
0.775017
0.749527
0.724357
0.699536
0.675093
0.651055
0.627449
0.604301
0.581634
0.559472
0.537835
0.516744
0.496218
0.476273
0.456927
0.438194
0.420087
0.402619
0.385801
0.369643
0.354153
0.339339
0.325209
0.311767
0.299018
0.286968
0.275619
0.264974
0.255035
0.245804
0.237283
0.229471
0.22237
0.215979
0.210299
0.205331
0.201072
0.197524
0.194686
0.192558
0.191139
0.19043
0.986557
0.959687
0.932871
0.906142
0.879536
0.853087
0.826829
0.800794
0.775017
0.749527
0.724357
0.699536
0.675093
0.651055
0.627449
0.604301
0.581634
0.559472
0.537835
0.516744
0.496218
0.476273
0.456927
0.438194
0.420087
0.402619
0.385801
0.369643
0.354153
0.339339
0.325208
0.311767
0.299018
0.286968
0.275619
0.264974
0.255035
0.245804
0.237283
0.229471
0.22237
0.215979
0.210299
0.20533
0.201072
0.197524
0.194686
0.192558
0.191139
0.190429
0.986557
0.959687
0.932871
0.906142
0.879536
0.853087
0.826829
0.800794
0.775017
0.749527
0.724357
0.699536
0.675093
0.651055
0.627449
0.604301
0.581634
0.559472
0.537835
0.516744
0.496217
0.476273
0.456927
0.438194
0.420087
0.402619
0.385801
0.369643
0.354153
0.339339
0.325208
0.311766
0.299018
0.286968
0.275619
0.264974
0.255035
0.245804
0.237283
0.229471
0.22237
0.215979
0.210299
0.20533
0.201072
0.197524
0.194686
0.192557
0.191139
0.190429
0.986557
0.959687
0.932871
0.906142
0.879536
0.853087
0.826829
0.800794
0.775017
0.749527
0.724357
0.699536
0.675093
0.651055
0.627449
0.604301
0.581634
0.559472
0.537835
0.516744
0.496217
0.476273
0.456927
0.438194
0.420087
0.402619
0.385801
0.369643
0.354153
0.339339
0.325208
0.311766
0.299018
0.286968
0.275619
0.264974
0.255035
0.245804
0.237282
0.229471
0.222369
0.215979
0.210299
0.20533
0.201072
0.197524
0.194686
0.192557
0.191139
0.190429
0.986557
0.959687
0.932871
0.906142
0.879536
0.853087
0.826829
0.800794
0.775017
0.749527
0.724357
0.699536
0.675092
0.651055
0.627449
0.604301
0.581634
0.559471
0.537835
0.516744
0.496217
0.476273
0.456927
0.438194
0.420087
0.402619
0.385801
0.369643
0.354153
0.339339
0.325208
0.311766
0.299018
0.286968
0.275619
0.264974
0.255035
0.245804
0.237282
0.229471
0.222369
0.215979
0.210299
0.20533
0.201072
0.197524
0.194686
0.192557
0.191139
0.190429
)
;

boundaryField
{
    inlet
    {
        type            fixedValue;
        value           uniform 1;
    }
    outlet
    {
        type            zeroGradient;
    }
    lowerWall
    {
        type            zeroGradient;
    }
    upperWall
    {
        type            zeroGradient;
    }
    frontAndBack
    {
        type            empty;
    }
}


// ************************************************************************* //
