/*--------------------------------*- C++ -*----------------------------------*\
  =========                 |
  \\      /  F ield         | OpenFOAM: The Open Source CFD Toolbox
   \\    /   O peration     | Website:  https://openfoam.org
    \\  /    A nd           | Version:  12
     \\/     M anipulation  |
\*---------------------------------------------------------------------------*/
FoamFile
{
    format      ascii;
    class       volScalarField;
    location    "31";
    object      T;
}
// * * * * * * * * * * * * * * * * * * * * * * * * * * * * * * * * * * * * * //

dimensions      [0 0 0 1 0 0 0];

internalField   nonuniform List<scalar> 
1250
(
0.990564
0.971703
0.95287
0.934086
0.915368
0.896737
0.878212
0.85981
0.841551
0.823453
0.805535
0.787814
0.770309
0.753037
0.736015
0.71926
0.702789
0.686618
0.670763
0.655239
0.640063
0.625248
0.610808
0.596759
0.583113
0.569884
0.557083
0.544724
0.532817
0.521375
0.510407
0.499924
0.489935
0.480451
0.471479
0.463028
0.455105
0.447719
0.440874
0.434578
0.428837
0.423655
0.419037
0.414987
0.411509
0.408606
0.40628
0.404535
0.40337
0.402787
0.990564
0.971703
0.95287
0.934086
0.915368
0.896737
0.878212
0.85981
0.841551
0.823453
0.805535
0.787814
0.770309
0.753037
0.736015
0.71926
0.702789
0.686618
0.670763
0.655239
0.640063
0.625248
0.610808
0.596759
0.583113
0.569884
0.557083
0.544724
0.532817
0.521375
0.510407
0.499924
0.489935
0.480451
0.471479
0.463028
0.455105
0.447719
0.440874
0.434578
0.428837
0.423655
0.419037
0.414987
0.411509
0.408606
0.40628
0.404534
0.40337
0.402787
0.990564
0.971703
0.95287
0.934086
0.915368
0.896737
0.878212
0.85981
0.841551
0.823453
0.805535
0.787814
0.770309
0.753037
0.736015
0.71926
0.702789
0.686618
0.670763
0.655239
0.640063
0.625248
0.610808
0.596759
0.583113
0.569884
0.557083
0.544724
0.532817
0.521375
0.510407
0.499924
0.489935
0.480451
0.471479
0.463028
0.455105
0.447719
0.440874
0.434578
0.428837
0.423655
0.419037
0.414987
0.411509
0.408606
0.40628
0.404534
0.40337
0.402787
0.990564
0.971703
0.95287
0.934086
0.915368
0.896737
0.878212
0.85981
0.841551
0.823453
0.805535
0.787814
0.770309
0.753037
0.736015
0.71926
0.702789
0.686618
0.670763
0.655239
0.640063
0.625248
0.610808
0.596759
0.583113
0.569884
0.557083
0.544724
0.532817
0.521375
0.510407
0.499924
0.489935
0.480451
0.471479
0.463028
0.455105
0.447719
0.440874
0.434578
0.428837
0.423655
0.419037
0.414987
0.411509
0.408606
0.40628
0.404534
0.40337
0.402787
0.990564
0.971703
0.95287
0.934086
0.915368
0.896737
0.878212
0.85981
0.841551
0.823453
0.805535
0.787814
0.770309
0.753037
0.736015
0.71926
0.702789
0.686618
0.670763
0.655239
0.640063
0.625248
0.610808
0.596759
0.583113
0.569884
0.557083
0.544724
0.532817
0.521375
0.510407
0.499924
0.489935
0.480451
0.471479
0.463028
0.455105
0.447719
0.440874
0.434578
0.428837
0.423655
0.419037
0.414987
0.411509
0.408606
0.40628
0.404534
0.40337
0.402787
0.990564
0.971703
0.95287
0.934086
0.915368
0.896737
0.878212
0.85981
0.841551
0.823453
0.805535
0.787814
0.770309
0.753037
0.736015
0.71926
0.702789
0.686618
0.670763
0.655239
0.640063
0.625248
0.610809
0.596759
0.583113
0.569884
0.557083
0.544724
0.532817
0.521375
0.510407
0.499924
0.489935
0.480451
0.471479
0.463028
0.455105
0.447719
0.440874
0.434578
0.428837
0.423655
0.419037
0.414987
0.411509
0.408606
0.40628
0.404534
0.403369
0.402787
0.990564
0.971703
0.95287
0.934086
0.915368
0.896737
0.878212
0.85981
0.841551
0.823453
0.805535
0.787814
0.770309
0.753037
0.736015
0.71926
0.702789
0.686618
0.670763
0.655239
0.640063
0.625248
0.610809
0.596759
0.583113
0.569884
0.557083
0.544724
0.532817
0.521375
0.510407
0.499924
0.489936
0.480451
0.471479
0.463028
0.455105
0.447718
0.440874
0.434578
0.428837
0.423655
0.419037
0.414987
0.411509
0.408606
0.40628
0.404534
0.403369
0.402787
0.990564
0.971703
0.95287
0.934086
0.915368
0.896737
0.878212
0.85981
0.841551
0.823453
0.805535
0.787814
0.770309
0.753037
0.736015
0.71926
0.702789
0.686618
0.670763
0.655239
0.640063
0.625248
0.610809
0.596759
0.583113
0.569884
0.557083
0.544724
0.532817
0.521375
0.510407
0.499924
0.489936
0.480451
0.471479
0.463028
0.455105
0.447718
0.440874
0.434578
0.428837
0.423655
0.419036
0.414987
0.411509
0.408606
0.40628
0.404534
0.403369
0.402787
0.990564
0.971703
0.95287
0.934086
0.915368
0.896737
0.878212
0.85981
0.841551
0.823453
0.805535
0.787814
0.770309
0.753037
0.736015
0.71926
0.702789
0.686618
0.670763
0.655239
0.640063
0.625248
0.610809
0.596759
0.583113
0.569884
0.557083
0.544724
0.532817
0.521375
0.510407
0.499924
0.489936
0.480451
0.471479
0.463028
0.455105
0.447718
0.440874
0.434578
0.428837
0.423654
0.419036
0.414987
0.411509
0.408606
0.40628
0.404534
0.403369
0.402787
0.990564
0.971703
0.95287
0.934086
0.915368
0.896737
0.878212
0.85981
0.841551
0.823453
0.805535
0.787815
0.770309
0.753037
0.736015
0.71926
0.702789
0.686618
0.670763
0.65524
0.640063
0.625248
0.610809
0.596759
0.583113
0.569884
0.557083
0.544724
0.532817
0.521375
0.510407
0.499924
0.489936
0.480451
0.471479
0.463028
0.455105
0.447718
0.440874
0.434578
0.428836
0.423654
0.419036
0.414987
0.411509
0.408605
0.40628
0.404534
0.403369
0.402786
0.990564
0.971703
0.95287
0.934086
0.915368
0.896737
0.878212
0.85981
0.841551
0.823453
0.805535
0.787815
0.770309
0.753037
0.736015
0.71926
0.702789
0.686618
0.670763
0.65524
0.640063
0.625248
0.610809
0.596759
0.583114
0.569884
0.557084
0.544724
0.532818
0.521375
0.510407
0.499924
0.489936
0.480451
0.471479
0.463028
0.455105
0.447718
0.440874
0.434578
0.428836
0.423654
0.419036
0.414986
0.411508
0.408605
0.40628
0.404534
0.403369
0.402786
0.990564
0.971703
0.95287
0.934086
0.915368
0.896737
0.878212
0.85981
0.841551
0.823453
0.805535
0.787815
0.770309
0.753037
0.736015
0.71926
0.702789
0.686618
0.670763
0.65524
0.640063
0.625248
0.610809
0.59676
0.583114
0.569884
0.557084
0.544724
0.532818
0.521375
0.510407
0.499924
0.489936
0.480451
0.471479
0.463028
0.455105
0.447718
0.440874
0.434578
0.428836
0.423654
0.419036
0.414986
0.411508
0.408605
0.40628
0.404534
0.403369
0.402786
0.990564
0.971703
0.95287
0.934086
0.915368
0.896737
0.878212
0.85981
0.841551
0.823453
0.805535
0.787815
0.770309
0.753037
0.736015
0.71926
0.702789
0.686618
0.670763
0.65524
0.640063
0.625248
0.610809
0.59676
0.583114
0.569884
0.557084
0.544724
0.532818
0.521375
0.510407
0.499924
0.489936
0.480451
0.471479
0.463028
0.455105
0.447718
0.440874
0.434578
0.428836
0.423654
0.419036
0.414986
0.411508
0.408605
0.40628
0.404534
0.403369
0.402786
0.990564
0.971703
0.95287
0.934086
0.915368
0.896737
0.878212
0.85981
0.841551
0.823453
0.805535
0.787815
0.770309
0.753037
0.736015
0.71926
0.702789
0.686618
0.670763
0.65524
0.640063
0.625248
0.610809
0.59676
0.583114
0.569884
0.557084
0.544724
0.532818
0.521375
0.510407
0.499924
0.489936
0.480451
0.471479
0.463028
0.455105
0.447718
0.440874
0.434578
0.428836
0.423654
0.419036
0.414986
0.411508
0.408605
0.40628
0.404534
0.403369
0.402786
0.990564
0.971703
0.95287
0.934086
0.915368
0.896737
0.878212
0.85981
0.841551
0.823454
0.805535
0.787815
0.77031
0.753037
0.736015
0.71926
0.702789
0.686618
0.670763
0.65524
0.640063
0.625248
0.610809
0.59676
0.583114
0.569884
0.557084
0.544724
0.532818
0.521375
0.510407
0.499924
0.489936
0.480451
0.471479
0.463028
0.455105
0.447718
0.440874
0.434578
0.428836
0.423654
0.419036
0.414986
0.411508
0.408605
0.406279
0.404534
0.403369
0.402786
0.990564
0.971703
0.95287
0.934086
0.915368
0.896738
0.878212
0.85981
0.841551
0.823454
0.805535
0.787815
0.77031
0.753037
0.736015
0.71926
0.702789
0.686618
0.670763
0.65524
0.640063
0.625248
0.610809
0.59676
0.583114
0.569884
0.557084
0.544724
0.532818
0.521375
0.510407
0.499924
0.489936
0.480451
0.471479
0.463028
0.455105
0.447718
0.440874
0.434578
0.428836
0.423654
0.419036
0.414986
0.411508
0.408605
0.406279
0.404533
0.403369
0.402786
0.990564
0.971703
0.95287
0.934086
0.915369
0.896738
0.878212
0.85981
0.841551
0.823454
0.805535
0.787815
0.77031
0.753037
0.736015
0.71926
0.702789
0.686618
0.670763
0.65524
0.640063
0.625248
0.610809
0.59676
0.583114
0.569884
0.557084
0.544724
0.532818
0.521375
0.510407
0.499924
0.489936
0.480451
0.471479
0.463028
0.455105
0.447718
0.440874
0.434578
0.428836
0.423654
0.419036
0.414986
0.411508
0.408605
0.406279
0.404533
0.403369
0.402786
0.990564
0.971703
0.95287
0.934086
0.915369
0.896738
0.878212
0.85981
0.841551
0.823454
0.805535
0.787815
0.77031
0.753037
0.736015
0.719261
0.702789
0.686618
0.670763
0.65524
0.640063
0.625248
0.610809
0.59676
0.583114
0.569884
0.557084
0.544724
0.532818
0.521375
0.510407
0.499924
0.489936
0.480451
0.471479
0.463028
0.455105
0.447718
0.440873
0.434578
0.428836
0.423654
0.419036
0.414986
0.411508
0.408605
0.406279
0.404533
0.403368
0.402786
0.990564
0.971703
0.95287
0.934086
0.915369
0.896738
0.878212
0.85981
0.841551
0.823454
0.805536
0.787815
0.77031
0.753038
0.736015
0.719261
0.702789
0.686618
0.670764
0.65524
0.640064
0.625248
0.610809
0.59676
0.583114
0.569884
0.557084
0.544724
0.532818
0.521375
0.510407
0.499924
0.489936
0.480451
0.471479
0.463028
0.455105
0.447718
0.440873
0.434578
0.428836
0.423654
0.419036
0.414986
0.411508
0.408605
0.406279
0.404533
0.403368
0.402786
0.990564
0.971703
0.95287
0.934086
0.915369
0.896738
0.878212
0.85981
0.841551
0.823454
0.805536
0.787815
0.77031
0.753038
0.736016
0.719261
0.70279
0.686619
0.670764
0.65524
0.640064
0.625249
0.610809
0.59676
0.583114
0.569884
0.557084
0.544724
0.532818
0.521375
0.510407
0.499924
0.489936
0.480451
0.471479
0.463028
0.455105
0.447718
0.440873
0.434577
0.428836
0.423654
0.419036
0.414986
0.411508
0.408605
0.406279
0.404533
0.403368
0.402786
0.990564
0.971703
0.95287
0.934086
0.915369
0.896738
0.878212
0.85981
0.841551
0.823454
0.805536
0.787815
0.77031
0.753038
0.736016
0.719261
0.70279
0.686619
0.670764
0.65524
0.640064
0.625249
0.610809
0.59676
0.583114
0.569885
0.557084
0.544724
0.532818
0.521375
0.510407
0.499924
0.489935
0.480451
0.471479
0.463028
0.455105
0.447718
0.440873
0.434577
0.428836
0.423654
0.419036
0.414986
0.411508
0.408605
0.406279
0.404533
0.403368
0.402786
0.990564
0.971703
0.95287
0.934086
0.915369
0.896738
0.878212
0.85981
0.841551
0.823454
0.805536
0.787815
0.77031
0.753038
0.736016
0.719261
0.70279
0.686619
0.670764
0.65524
0.640064
0.625249
0.610809
0.59676
0.583114
0.569885
0.557084
0.544724
0.532818
0.521375
0.510407
0.499924
0.489935
0.480451
0.471479
0.463028
0.455105
0.447718
0.440873
0.434577
0.428836
0.423654
0.419036
0.414986
0.411508
0.408605
0.406279
0.404533
0.403368
0.402786
0.990564
0.971703
0.95287
0.934086
0.915369
0.896738
0.878212
0.85981
0.841551
0.823454
0.805536
0.787815
0.77031
0.753038
0.736016
0.719261
0.70279
0.686619
0.670764
0.65524
0.640064
0.625249
0.610809
0.59676
0.583114
0.569885
0.557084
0.544724
0.532818
0.521375
0.510407
0.499924
0.489935
0.480451
0.471479
0.463028
0.455105
0.447718
0.440873
0.434577
0.428836
0.423654
0.419035
0.414986
0.411508
0.408605
0.406279
0.404533
0.403368
0.402786
0.990564
0.971703
0.95287
0.934086
0.915369
0.896738
0.878212
0.85981
0.841552
0.823454
0.805536
0.787815
0.77031
0.753038
0.736016
0.719261
0.70279
0.686619
0.670764
0.65524
0.640064
0.625249
0.61081
0.59676
0.583114
0.569885
0.557084
0.544724
0.532818
0.521375
0.510407
0.499924
0.489935
0.480451
0.471479
0.463028
0.455105
0.447718
0.440873
0.434577
0.428836
0.423654
0.419035
0.414986
0.411508
0.408605
0.406279
0.404533
0.403368
0.402786
0.990564
0.971703
0.95287
0.934086
0.915369
0.896738
0.878212
0.85981
0.841552
0.823454
0.805536
0.787815
0.77031
0.753038
0.736016
0.719261
0.70279
0.686619
0.670764
0.65524
0.640064
0.625249
0.61081
0.59676
0.583114
0.569885
0.557084
0.544724
0.532818
0.521375
0.510407
0.499924
0.489935
0.480451
0.471479
0.463027
0.455105
0.447718
0.440873
0.434577
0.428836
0.423654
0.419035
0.414986
0.411508
0.408605
0.406279
0.404533
0.403368
0.402786
)
;

boundaryField
{
    inlet
    {
        type            fixedValue;
        value           uniform 1;
    }
    outlet
    {
        type            zeroGradient;
    }
    lowerWall
    {
        type            zeroGradient;
    }
    upperWall
    {
        type            zeroGradient;
    }
    frontAndBack
    {
        type            empty;
    }
}


// ************************************************************************* //
