/*--------------------------------*- C++ -*----------------------------------*\
  =========                 |
  \\      /  F ield         | OpenFOAM: The Open Source CFD Toolbox
   \\    /   O peration     | Website:  https://openfoam.org
    \\  /    A nd           | Version:  12
     \\/     M anipulation  |
\*---------------------------------------------------------------------------*/
FoamFile
{
    format      ascii;
    class       volScalarField;
    location    "62";
    object      T;
}
// * * * * * * * * * * * * * * * * * * * * * * * * * * * * * * * * * * * * * //

dimensions      [0 0 0 1 0 0 0];

internalField   nonuniform List<scalar> 
1250
(
0.995586
0.986763
0.977953
0.969165
0.960408
0.951689
0.943018
0.934403
0.925853
0.917377
0.908982
0.900676
0.892469
0.884368
0.876381
0.868517
0.860782
0.853184
0.845731
0.838431
0.83129
0.824316
0.817515
0.810894
0.80446
0.798219
0.792177
0.786341
0.780715
0.775305
0.770117
0.765157
0.760427
0.755935
0.751683
0.747676
0.743918
0.740413
0.737164
0.734174
0.731447
0.728984
0.726789
0.724864
0.72321
0.721829
0.720723
0.719893
0.719338
0.719061
0.995586
0.986763
0.977953
0.969165
0.960407
0.951689
0.943018
0.934403
0.925853
0.917377
0.908982
0.900676
0.892469
0.884368
0.876381
0.868516
0.860782
0.853184
0.845731
0.838431
0.83129
0.824316
0.817515
0.810894
0.80446
0.798219
0.792177
0.786341
0.780715
0.775305
0.770117
0.765157
0.760427
0.755935
0.751683
0.747676
0.743918
0.740413
0.737164
0.734174
0.731447
0.728984
0.726789
0.724864
0.72321
0.721829
0.720723
0.719893
0.719338
0.719061
0.995586
0.986763
0.977953
0.969165
0.960407
0.951689
0.943018
0.934403
0.925853
0.917377
0.908982
0.900676
0.892469
0.884368
0.876381
0.868516
0.860782
0.853184
0.845731
0.838431
0.83129
0.824316
0.817515
0.810894
0.80446
0.798219
0.792177
0.786341
0.780715
0.775305
0.770117
0.765157
0.760427
0.755935
0.751683
0.747676
0.743918
0.740413
0.737164
0.734174
0.731447
0.728984
0.726789
0.724864
0.72321
0.721829
0.720723
0.719893
0.719338
0.719061
0.995586
0.986763
0.977953
0.969165
0.960407
0.951689
0.943018
0.934403
0.925853
0.917377
0.908982
0.900676
0.892469
0.884368
0.876381
0.868516
0.860782
0.853184
0.845731
0.838431
0.83129
0.824316
0.817515
0.810894
0.80446
0.798219
0.792177
0.786341
0.780715
0.775305
0.770117
0.765157
0.760427
0.755935
0.751683
0.747676
0.743918
0.740413
0.737164
0.734174
0.731447
0.728984
0.726789
0.724864
0.72321
0.721829
0.720723
0.719893
0.719338
0.719061
0.995586
0.986763
0.977953
0.969165
0.960407
0.951689
0.943018
0.934403
0.925853
0.917377
0.908982
0.900676
0.892469
0.884368
0.876381
0.868516
0.860782
0.853184
0.845731
0.838431
0.83129
0.824316
0.817515
0.810894
0.80446
0.798219
0.792177
0.786341
0.780715
0.775305
0.770117
0.765157
0.760427
0.755935
0.751683
0.747676
0.743918
0.740413
0.737164
0.734174
0.731447
0.728984
0.726789
0.724864
0.72321
0.721829
0.720723
0.719893
0.719338
0.719061
0.995586
0.986763
0.977953
0.969165
0.960407
0.951689
0.943018
0.934403
0.925853
0.917377
0.908982
0.900676
0.892469
0.884368
0.876381
0.868516
0.860782
0.853184
0.845731
0.838431
0.83129
0.824316
0.817515
0.810894
0.80446
0.798219
0.792177
0.786341
0.780715
0.775305
0.770117
0.765156
0.760427
0.755935
0.751683
0.747676
0.743918
0.740413
0.737164
0.734174
0.731446
0.728984
0.726789
0.724864
0.72321
0.721829
0.720723
0.719892
0.719338
0.719061
0.995586
0.986763
0.977953
0.969165
0.960407
0.951689
0.943018
0.934403
0.925853
0.917377
0.908982
0.900676
0.892469
0.884368
0.876381
0.868516
0.860782
0.853184
0.845731
0.838431
0.83129
0.824316
0.817515
0.810894
0.80446
0.798219
0.792177
0.786341
0.780715
0.775305
0.770117
0.765156
0.760427
0.755935
0.751683
0.747676
0.743918
0.740413
0.737164
0.734174
0.731446
0.728984
0.726789
0.724864
0.72321
0.721829
0.720723
0.719892
0.719338
0.719061
0.995586
0.986763
0.977953
0.969165
0.960407
0.951689
0.943018
0.934403
0.925853
0.917377
0.908982
0.900676
0.892469
0.884368
0.876381
0.868516
0.860782
0.853184
0.845731
0.838431
0.83129
0.824316
0.817515
0.810894
0.80446
0.798219
0.792177
0.786341
0.780715
0.775305
0.770117
0.765156
0.760427
0.755934
0.751683
0.747676
0.743918
0.740413
0.737163
0.734174
0.731446
0.728984
0.726789
0.724864
0.72321
0.721829
0.720723
0.719892
0.719338
0.719061
0.995586
0.986763
0.977953
0.969165
0.960407
0.951689
0.943018
0.934403
0.925853
0.917377
0.908982
0.900676
0.892469
0.884368
0.876381
0.868516
0.860782
0.853184
0.845731
0.838431
0.83129
0.824316
0.817515
0.810894
0.80446
0.798219
0.792177
0.786341
0.780715
0.775305
0.770117
0.765156
0.760427
0.755934
0.751683
0.747676
0.743918
0.740412
0.737163
0.734174
0.731446
0.728984
0.726789
0.724864
0.72321
0.721829
0.720723
0.719892
0.719338
0.719061
0.995586
0.986763
0.977953
0.969165
0.960407
0.951689
0.943018
0.934403
0.925853
0.917377
0.908982
0.900676
0.892469
0.884368
0.876381
0.868516
0.860782
0.853184
0.845731
0.838431
0.83129
0.824316
0.817515
0.810894
0.80446
0.798219
0.792177
0.786341
0.780715
0.775305
0.770117
0.765156
0.760427
0.755934
0.751682
0.747676
0.743918
0.740412
0.737163
0.734174
0.731446
0.728984
0.726789
0.724864
0.72321
0.721829
0.720723
0.719892
0.719338
0.719061
0.995586
0.986763
0.977953
0.969165
0.960408
0.951689
0.943018
0.934403
0.925853
0.917377
0.908982
0.900676
0.892469
0.884368
0.876381
0.868517
0.860782
0.853184
0.845731
0.838431
0.83129
0.824316
0.817515
0.810894
0.80446
0.798219
0.792177
0.786341
0.780715
0.775305
0.770117
0.765156
0.760427
0.755934
0.751682
0.747675
0.743918
0.740412
0.737163
0.734174
0.731446
0.728984
0.726789
0.724863
0.72321
0.721829
0.720723
0.719892
0.719338
0.719061
0.995586
0.986763
0.977953
0.969165
0.960408
0.951689
0.943018
0.934403
0.925853
0.917377
0.908982
0.900676
0.892469
0.884368
0.876381
0.868517
0.860782
0.853184
0.845731
0.838431
0.83129
0.824316
0.817515
0.810894
0.80446
0.798219
0.792177
0.786341
0.780715
0.775305
0.770117
0.765156
0.760427
0.755934
0.751682
0.747675
0.743918
0.740412
0.737163
0.734173
0.731446
0.728984
0.726789
0.724863
0.723209
0.721829
0.720723
0.719892
0.719338
0.719061
0.995586
0.986763
0.977953
0.969165
0.960408
0.951689
0.943018
0.934403
0.925853
0.917377
0.908982
0.900676
0.892469
0.884368
0.876381
0.868517
0.860782
0.853184
0.845731
0.838431
0.83129
0.824316
0.817515
0.810894
0.80446
0.798219
0.792177
0.786341
0.780715
0.775305
0.770117
0.765156
0.760427
0.755934
0.751682
0.747675
0.743917
0.740412
0.737163
0.734173
0.731446
0.728984
0.726789
0.724863
0.723209
0.721829
0.720722
0.719892
0.719338
0.71906
0.995586
0.986763
0.977953
0.969165
0.960408
0.951689
0.943018
0.934403
0.925853
0.917377
0.908982
0.900676
0.892469
0.884368
0.876381
0.868517
0.860782
0.853184
0.845731
0.838431
0.83129
0.824316
0.817515
0.810894
0.80446
0.798219
0.792177
0.786341
0.780715
0.775305
0.770117
0.765156
0.760427
0.755934
0.751682
0.747675
0.743917
0.740412
0.737163
0.734173
0.731446
0.728983
0.726789
0.724863
0.723209
0.721829
0.720722
0.719892
0.719338
0.71906
0.995586
0.986763
0.977953
0.969165
0.960408
0.951689
0.943018
0.934403
0.925853
0.917377
0.908982
0.900676
0.892469
0.884368
0.876381
0.868517
0.860782
0.853184
0.845731
0.838431
0.83129
0.824316
0.817515
0.810894
0.80446
0.798219
0.792177
0.786341
0.780715
0.775305
0.770117
0.765156
0.760427
0.755934
0.751682
0.747675
0.743917
0.740412
0.737163
0.734173
0.731446
0.728983
0.726788
0.724863
0.723209
0.721829
0.720722
0.719892
0.719337
0.71906
0.995586
0.986763
0.977953
0.969165
0.960408
0.951689
0.943018
0.934403
0.925853
0.917377
0.908982
0.900676
0.892469
0.884368
0.876381
0.868517
0.860782
0.853184
0.845731
0.838431
0.83129
0.824316
0.817515
0.810894
0.80446
0.798219
0.792177
0.786341
0.780715
0.775305
0.770117
0.765156
0.760427
0.755934
0.751682
0.747675
0.743917
0.740412
0.737163
0.734173
0.731446
0.728983
0.726788
0.724863
0.723209
0.721828
0.720722
0.719892
0.719337
0.71906
0.995586
0.986763
0.977953
0.969165
0.960408
0.951689
0.943018
0.934403
0.925853
0.917377
0.908982
0.900676
0.892469
0.884368
0.876381
0.868517
0.860782
0.853184
0.845731
0.838431
0.83129
0.824316
0.817515
0.810894
0.80446
0.798219
0.792177
0.78634
0.780715
0.775305
0.770117
0.765156
0.760427
0.755934
0.751682
0.747675
0.743917
0.740412
0.737163
0.734173
0.731446
0.728983
0.726788
0.724863
0.723209
0.721828
0.720722
0.719892
0.719337
0.71906
0.995586
0.986763
0.977953
0.969165
0.960408
0.951689
0.943018
0.934403
0.925853
0.917377
0.908982
0.900676
0.892469
0.884368
0.876381
0.868517
0.860782
0.853184
0.845731
0.838431
0.83129
0.824316
0.817515
0.810894
0.80446
0.798219
0.792177
0.78634
0.780714
0.775305
0.770117
0.765156
0.760427
0.755934
0.751682
0.747675
0.743917
0.740412
0.737163
0.734173
0.731446
0.728983
0.726788
0.724863
0.723209
0.721828
0.720722
0.719891
0.719337
0.71906
0.995586
0.986763
0.977953
0.969165
0.960408
0.951689
0.943018
0.934403
0.925853
0.917377
0.908982
0.900676
0.892469
0.884368
0.876381
0.868517
0.860782
0.853184
0.845731
0.838431
0.83129
0.824316
0.817515
0.810894
0.80446
0.798219
0.792177
0.78634
0.780714
0.775305
0.770117
0.765156
0.760427
0.755934
0.751682
0.747675
0.743917
0.740412
0.737163
0.734173
0.731446
0.728983
0.726788
0.724863
0.723209
0.721828
0.720722
0.719891
0.719337
0.71906
0.995586
0.986763
0.977953
0.969165
0.960408
0.951689
0.943018
0.934403
0.925853
0.917377
0.908982
0.900676
0.892469
0.884368
0.876381
0.868517
0.860782
0.853184
0.845731
0.838431
0.83129
0.824316
0.817515
0.810894
0.80446
0.798219
0.792177
0.78634
0.780714
0.775305
0.770117
0.765156
0.760427
0.755934
0.751682
0.747675
0.743917
0.740412
0.737163
0.734173
0.731445
0.728983
0.726788
0.724863
0.723209
0.721828
0.720722
0.719891
0.719337
0.71906
0.995586
0.986763
0.977953
0.969165
0.960408
0.951689
0.943018
0.934403
0.925853
0.917377
0.908982
0.900676
0.892469
0.884368
0.876381
0.868517
0.860782
0.853184
0.845731
0.838431
0.83129
0.824316
0.817515
0.810894
0.80446
0.798219
0.792177
0.78634
0.780714
0.775305
0.770117
0.765156
0.760427
0.755934
0.751682
0.747675
0.743917
0.740412
0.737163
0.734173
0.731445
0.728983
0.726788
0.724863
0.723209
0.721828
0.720722
0.719891
0.719337
0.71906
0.995586
0.986763
0.977953
0.969165
0.960408
0.951689
0.943018
0.934403
0.925853
0.917377
0.908982
0.900676
0.892469
0.884368
0.876381
0.868517
0.860782
0.853184
0.845732
0.838431
0.83129
0.824316
0.817515
0.810894
0.80446
0.798219
0.792177
0.78634
0.780714
0.775305
0.770117
0.765156
0.760427
0.755934
0.751682
0.747675
0.743917
0.740412
0.737163
0.734173
0.731445
0.728983
0.726788
0.724863
0.723209
0.721828
0.720722
0.719891
0.719337
0.71906
0.995586
0.986763
0.977953
0.969165
0.960408
0.951689
0.943018
0.934403
0.925854
0.917377
0.908982
0.900676
0.892469
0.884368
0.876381
0.868517
0.860782
0.853184
0.845732
0.838431
0.83129
0.824316
0.817515
0.810894
0.80446
0.798219
0.792177
0.78634
0.780714
0.775305
0.770117
0.765156
0.760427
0.755934
0.751682
0.747675
0.743917
0.740412
0.737163
0.734173
0.731445
0.728983
0.726788
0.724863
0.723209
0.721828
0.720722
0.719891
0.719337
0.71906
0.995586
0.986763
0.977953
0.969165
0.960408
0.951689
0.943018
0.934403
0.925854
0.917377
0.908982
0.900677
0.892469
0.884368
0.876381
0.868517
0.860782
0.853184
0.845732
0.838431
0.83129
0.824316
0.817515
0.810894
0.80446
0.798219
0.792177
0.78634
0.780714
0.775305
0.770117
0.765156
0.760427
0.755934
0.751682
0.747675
0.743917
0.740412
0.737163
0.734173
0.731445
0.728983
0.726788
0.724863
0.723209
0.721828
0.720722
0.719891
0.719337
0.71906
0.995586
0.986763
0.977953
0.969165
0.960408
0.951689
0.943018
0.934403
0.925854
0.917377
0.908982
0.900677
0.892469
0.884368
0.876382
0.868517
0.860782
0.853184
0.845732
0.838431
0.83129
0.824316
0.817515
0.810894
0.80446
0.798219
0.792177
0.78634
0.780714
0.775305
0.770117
0.765156
0.760427
0.755934
0.751682
0.747675
0.743917
0.740412
0.737163
0.734173
0.731445
0.728983
0.726788
0.724863
0.723209
0.721828
0.720722
0.719891
0.719337
0.71906
)
;

boundaryField
{
    inlet
    {
        type            fixedValue;
        value           uniform 1;
    }
    outlet
    {
        type            zeroGradient;
    }
    lowerWall
    {
        type            zeroGradient;
    }
    upperWall
    {
        type            zeroGradient;
    }
    frontAndBack
    {
        type            empty;
    }
}


// ************************************************************************* //
