/*--------------------------------*- C++ -*----------------------------------*\
  =========                 |
  \\      /  F ield         | OpenFOAM: The Open Source CFD Toolbox
   \\    /   O peration     | Website:  https://openfoam.org
    \\  /    A nd           | Version:  12
     \\/     M anipulation  |
\*---------------------------------------------------------------------------*/
FoamFile
{
    format      ascii;
    class       volScalarField;
    location    "45";
    object      T;
}
// * * * * * * * * * * * * * * * * * * * * * * * * * * * * * * * * * * * * * //

dimensions      [0 0 0 1 0 0 0];

internalField   nonuniform List<scalar> 
1250
(
0.993318
0.979961
0.966624
0.95332
0.940062
0.926864
0.913737
0.900697
0.887754
0.874923
0.862215
0.849644
0.837222
0.82496
0.812872
0.800969
0.789263
0.777765
0.766488
0.755441
0.744635
0.734083
0.723793
0.713776
0.704042
0.6946
0.68546
0.676631
0.668121
0.659938
0.652092
0.644589
0.637436
0.630642
0.624212
0.618152
0.61247
0.607169
0.602257
0.597736
0.593612
0.589889
0.586571
0.58366
0.581159
0.579072
0.5774
0.576144
0.575306
0.574887
0.993318
0.979961
0.966624
0.95332
0.940062
0.926864
0.913737
0.900697
0.887754
0.874923
0.862215
0.849644
0.837222
0.82496
0.812872
0.800969
0.789263
0.777765
0.766488
0.755441
0.744635
0.734083
0.723793
0.713776
0.704042
0.6946
0.68546
0.676631
0.668121
0.659938
0.652092
0.644589
0.637436
0.630642
0.624212
0.618152
0.61247
0.607169
0.602257
0.597736
0.593612
0.589889
0.586571
0.58366
0.581159
0.579072
0.5774
0.576144
0.575306
0.574887
0.993318
0.979961
0.966624
0.95332
0.940062
0.926864
0.913737
0.900697
0.887754
0.874923
0.862215
0.849644
0.837222
0.82496
0.812872
0.800969
0.789263
0.777765
0.766488
0.755441
0.744635
0.734083
0.723793
0.713776
0.704042
0.6946
0.68546
0.676631
0.668121
0.659938
0.652092
0.644589
0.637436
0.630642
0.624212
0.618152
0.61247
0.607169
0.602257
0.597736
0.593612
0.589889
0.586571
0.58366
0.581159
0.579072
0.5774
0.576144
0.575306
0.574887
0.993318
0.979961
0.966624
0.95332
0.940062
0.926864
0.913737
0.900697
0.887754
0.874923
0.862215
0.849644
0.837222
0.82496
0.812872
0.800969
0.789263
0.777765
0.766488
0.755441
0.744635
0.734083
0.723793
0.713776
0.704042
0.6946
0.68546
0.676631
0.668121
0.659938
0.652092
0.644589
0.637436
0.630642
0.624212
0.618152
0.61247
0.607169
0.602256
0.597736
0.593612
0.589889
0.586571
0.58366
0.581159
0.579072
0.5774
0.576144
0.575306
0.574887
0.993318
0.979961
0.966624
0.95332
0.940062
0.926864
0.913737
0.900697
0.887754
0.874923
0.862215
0.849644
0.837222
0.82496
0.812872
0.800969
0.789263
0.777765
0.766488
0.755441
0.744635
0.734083
0.723793
0.713776
0.704042
0.6946
0.68546
0.676631
0.668121
0.659938
0.652092
0.644589
0.637436
0.630642
0.624211
0.618152
0.61247
0.607169
0.602256
0.597736
0.593612
0.589889
0.586571
0.58366
0.581159
0.579072
0.577399
0.576144
0.575306
0.574887
0.993318
0.979961
0.966624
0.95332
0.940062
0.926864
0.913737
0.900697
0.887754
0.874923
0.862215
0.849644
0.837222
0.82496
0.812872
0.800969
0.789263
0.777765
0.766488
0.755441
0.744635
0.734083
0.723793
0.713776
0.704042
0.6946
0.68546
0.676631
0.668121
0.659938
0.652092
0.644589
0.637436
0.630642
0.624211
0.618152
0.61247
0.607169
0.602256
0.597736
0.593612
0.589889
0.58657
0.58366
0.581159
0.579072
0.577399
0.576144
0.575306
0.574887
0.993318
0.979961
0.966624
0.95332
0.940062
0.926864
0.913737
0.900697
0.887754
0.874923
0.862215
0.849644
0.837222
0.82496
0.812872
0.800969
0.789263
0.777765
0.766488
0.755441
0.744635
0.734083
0.723793
0.713776
0.704042
0.6946
0.68546
0.676631
0.668121
0.659938
0.652092
0.644588
0.637436
0.630642
0.624211
0.618152
0.612469
0.607169
0.602256
0.597736
0.593612
0.589889
0.58657
0.583659
0.581159
0.579072
0.577399
0.576144
0.575306
0.574887
0.993318
0.979961
0.966624
0.95332
0.940062
0.926864
0.913737
0.900697
0.887754
0.874923
0.862215
0.849644
0.837222
0.82496
0.812872
0.800969
0.789263
0.777765
0.766488
0.755441
0.744635
0.734083
0.723793
0.713776
0.704042
0.6946
0.68546
0.676631
0.668121
0.659938
0.652092
0.644588
0.637436
0.630641
0.624211
0.618152
0.612469
0.607169
0.602256
0.597736
0.593612
0.589889
0.58657
0.583659
0.581159
0.579072
0.577399
0.576143
0.575306
0.574886
0.993318
0.979961
0.966624
0.95332
0.940062
0.926864
0.913737
0.900697
0.887754
0.874923
0.862215
0.849644
0.837222
0.82496
0.812872
0.800969
0.789263
0.777765
0.766488
0.755441
0.744635
0.734083
0.723793
0.713776
0.704042
0.6946
0.68546
0.676631
0.668121
0.659938
0.652092
0.644588
0.637436
0.630641
0.624211
0.618152
0.612469
0.607169
0.602256
0.597736
0.593612
0.589889
0.58657
0.583659
0.581159
0.579071
0.577399
0.576143
0.575305
0.574886
0.993318
0.979961
0.966624
0.95332
0.940062
0.926864
0.913737
0.900697
0.887754
0.874923
0.862215
0.849644
0.837222
0.82496
0.812872
0.800969
0.789263
0.777765
0.766488
0.755441
0.744635
0.734083
0.723793
0.713776
0.704042
0.6946
0.68546
0.676631
0.668121
0.659938
0.652092
0.644588
0.637436
0.630641
0.624211
0.618152
0.612469
0.607169
0.602256
0.597735
0.593612
0.589889
0.58657
0.583659
0.581159
0.579071
0.577399
0.576143
0.575305
0.574886
0.993318
0.979961
0.966624
0.95332
0.940062
0.926864
0.913737
0.900697
0.887754
0.874923
0.862215
0.849644
0.837222
0.82496
0.812872
0.800969
0.789263
0.777766
0.766488
0.755441
0.744635
0.734083
0.723793
0.713776
0.704042
0.6946
0.68546
0.676631
0.668121
0.659938
0.652092
0.644588
0.637436
0.630641
0.624211
0.618152
0.612469
0.607169
0.602256
0.597735
0.593612
0.589888
0.58657
0.583659
0.581159
0.579071
0.577399
0.576143
0.575305
0.574886
0.993318
0.979961
0.966624
0.95332
0.940062
0.926864
0.913737
0.900697
0.887754
0.874923
0.862215
0.849644
0.837222
0.82496
0.812872
0.800969
0.789263
0.777766
0.766488
0.755441
0.744635
0.734083
0.723793
0.713776
0.704042
0.6946
0.68546
0.676631
0.668121
0.659938
0.652092
0.644588
0.637436
0.630641
0.624211
0.618152
0.612469
0.607169
0.602256
0.597735
0.593611
0.589888
0.58657
0.583659
0.581158
0.579071
0.577399
0.576143
0.575305
0.574886
0.993318
0.979961
0.966624
0.95332
0.940062
0.926864
0.913737
0.900697
0.887754
0.874923
0.862215
0.849644
0.837222
0.82496
0.812872
0.800969
0.789263
0.777766
0.766488
0.755441
0.744635
0.734083
0.723793
0.713776
0.704042
0.6946
0.68546
0.676631
0.66812
0.659938
0.652091
0.644588
0.637436
0.630641
0.624211
0.618152
0.612469
0.607169
0.602256
0.597735
0.593611
0.589888
0.58657
0.583659
0.581158
0.579071
0.577398
0.576143
0.575305
0.574886
0.993318
0.979961
0.966624
0.95332
0.940062
0.926864
0.913737
0.900697
0.887754
0.874923
0.862215
0.849644
0.837222
0.82496
0.812872
0.800969
0.789263
0.777766
0.766488
0.755441
0.744635
0.734083
0.723793
0.713776
0.704042
0.6946
0.68546
0.676631
0.66812
0.659938
0.652091
0.644588
0.637436
0.630641
0.624211
0.618152
0.612469
0.607168
0.602256
0.597735
0.593611
0.589888
0.586569
0.583659
0.581158
0.579071
0.577398
0.576143
0.575305
0.574886
0.993318
0.979961
0.966624
0.95332
0.940062
0.926864
0.913737
0.900697
0.887754
0.874923
0.862215
0.849644
0.837222
0.824961
0.812872
0.800969
0.789263
0.777766
0.766488
0.755441
0.744635
0.734083
0.723793
0.713776
0.704042
0.6946
0.68546
0.67663
0.66812
0.659938
0.652091
0.644588
0.637436
0.630641
0.624211
0.618151
0.612469
0.607168
0.602255
0.597735
0.593611
0.589888
0.586569
0.583658
0.581158
0.579071
0.577398
0.576142
0.575305
0.574885
0.993318
0.979961
0.966624
0.95332
0.940062
0.926864
0.913737
0.900697
0.887754
0.874923
0.862215
0.849644
0.837222
0.824961
0.812872
0.800969
0.789263
0.777766
0.766488
0.755441
0.744635
0.734083
0.723793
0.713776
0.704042
0.6946
0.68546
0.67663
0.66812
0.659938
0.652091
0.644588
0.637436
0.630641
0.624211
0.618151
0.612469
0.607168
0.602255
0.597735
0.593611
0.589888
0.586569
0.583658
0.581158
0.57907
0.577398
0.576142
0.575304
0.574885
0.993318
0.979961
0.966624
0.95332
0.940062
0.926864
0.913737
0.900697
0.887754
0.874923
0.862215
0.849644
0.837222
0.824961
0.812872
0.800969
0.789263
0.777766
0.766488
0.755441
0.744635
0.734083
0.723793
0.713776
0.704042
0.6946
0.68546
0.67663
0.66812
0.659938
0.652091
0.644588
0.637436
0.630641
0.624211
0.618151
0.612469
0.607168
0.602255
0.597735
0.593611
0.589888
0.586569
0.583658
0.581158
0.57907
0.577398
0.576142
0.575304
0.574885
0.993318
0.979961
0.966624
0.95332
0.940062
0.926864
0.913738
0.900697
0.887754
0.874923
0.862215
0.849644
0.837222
0.824961
0.812872
0.800969
0.789263
0.777766
0.766488
0.755441
0.744636
0.734083
0.723793
0.713776
0.704042
0.6946
0.68546
0.67663
0.66812
0.659938
0.652091
0.644588
0.637435
0.630641
0.624211
0.618151
0.612468
0.607168
0.602255
0.597735
0.593611
0.589888
0.586569
0.583658
0.581158
0.57907
0.577398
0.576142
0.575304
0.574885
0.993318
0.979961
0.966624
0.95332
0.940062
0.926864
0.913738
0.900697
0.887754
0.874923
0.862215
0.849644
0.837222
0.824961
0.812872
0.800969
0.789263
0.777766
0.766488
0.755441
0.744636
0.734083
0.723793
0.713776
0.704042
0.6946
0.68546
0.67663
0.66812
0.659938
0.652091
0.644588
0.637435
0.630641
0.624211
0.618151
0.612468
0.607168
0.602255
0.597734
0.593611
0.589888
0.586569
0.583658
0.581158
0.57907
0.577398
0.576142
0.575304
0.574885
0.993318
0.979961
0.966624
0.95332
0.940062
0.926864
0.913738
0.900697
0.887754
0.874923
0.862216
0.849644
0.837222
0.824961
0.812872
0.800969
0.789263
0.777766
0.766488
0.755441
0.744636
0.734083
0.723793
0.713776
0.704042
0.6946
0.68546
0.67663
0.66812
0.659938
0.652091
0.644588
0.637435
0.630641
0.62421
0.618151
0.612468
0.607168
0.602255
0.597734
0.593611
0.589887
0.586569
0.583658
0.581157
0.57907
0.577398
0.576142
0.575304
0.574885
0.993318
0.979961
0.966624
0.95332
0.940062
0.926864
0.913738
0.900697
0.887754
0.874923
0.862216
0.849644
0.837222
0.824961
0.812873
0.80097
0.789263
0.777766
0.766488
0.755441
0.744636
0.734083
0.723793
0.713776
0.704042
0.6946
0.68546
0.67663
0.66812
0.659938
0.652091
0.644588
0.637435
0.630641
0.62421
0.618151
0.612468
0.607168
0.602255
0.597734
0.59361
0.589887
0.586569
0.583658
0.581157
0.57907
0.577398
0.576142
0.575304
0.574885
0.993318
0.979961
0.966624
0.95332
0.940062
0.926864
0.913738
0.900697
0.887754
0.874923
0.862216
0.849644
0.837222
0.824961
0.812873
0.80097
0.789263
0.777766
0.766488
0.755441
0.744636
0.734083
0.723793
0.713776
0.704042
0.6946
0.68546
0.67663
0.66812
0.659938
0.652091
0.644588
0.637435
0.630641
0.62421
0.618151
0.612468
0.607168
0.602255
0.597734
0.59361
0.589887
0.586569
0.583658
0.581157
0.57907
0.577398
0.576142
0.575304
0.574885
0.993318
0.979961
0.966624
0.95332
0.940062
0.926864
0.913738
0.900697
0.887754
0.874923
0.862216
0.849644
0.837222
0.824961
0.812873
0.80097
0.789263
0.777766
0.766488
0.755441
0.744636
0.734083
0.723793
0.713776
0.704042
0.6946
0.68546
0.67663
0.66812
0.659938
0.652091
0.644588
0.637435
0.630641
0.62421
0.618151
0.612468
0.607168
0.602255
0.597734
0.59361
0.589887
0.586569
0.583658
0.581157
0.57907
0.577397
0.576142
0.575304
0.574885
0.993318
0.979961
0.966624
0.95332
0.940062
0.926864
0.913738
0.900697
0.887754
0.874923
0.862216
0.849644
0.837222
0.824961
0.812873
0.80097
0.789263
0.777766
0.766488
0.755441
0.744636
0.734083
0.723793
0.713776
0.704042
0.6946
0.68546
0.67663
0.66812
0.659938
0.652091
0.644588
0.637435
0.630641
0.62421
0.618151
0.612468
0.607168
0.602255
0.597734
0.59361
0.589887
0.586569
0.583658
0.581157
0.57907
0.577397
0.576142
0.575304
0.574885
0.993318
0.979961
0.966624
0.95332
0.940062
0.926864
0.913738
0.900697
0.887754
0.874923
0.862216
0.849644
0.837222
0.824961
0.812873
0.80097
0.789264
0.777766
0.766488
0.755441
0.744636
0.734083
0.723793
0.713776
0.704042
0.6946
0.68546
0.67663
0.66812
0.659938
0.652091
0.644588
0.637435
0.630641
0.62421
0.618151
0.612468
0.607168
0.602255
0.597734
0.59361
0.589887
0.586569
0.583658
0.581157
0.57907
0.577397
0.576142
0.575304
0.574885
)
;

boundaryField
{
    inlet
    {
        type            fixedValue;
        value           uniform 1;
    }
    outlet
    {
        type            zeroGradient;
    }
    lowerWall
    {
        type            zeroGradient;
    }
    upperWall
    {
        type            zeroGradient;
    }
    frontAndBack
    {
        type            empty;
    }
}


// ************************************************************************* //
