/*--------------------------------*- C++ -*----------------------------------*\
  =========                 |
  \\      /  F ield         | OpenFOAM: The Open Source CFD Toolbox
   \\    /   O peration     | Website:  https://openfoam.org
    \\  /    A nd           | Version:  12
     \\/     M anipulation  |
\*---------------------------------------------------------------------------*/
FoamFile
{
    format      ascii;
    class       volScalarField;
    location    "61";
    object      T;
}
// * * * * * * * * * * * * * * * * * * * * * * * * * * * * * * * * * * * * * //

dimensions      [0 0 0 1 0 0 0];

internalField   nonuniform List<scalar> 
1250
(
0.995477
0.986437
0.977409
0.968404
0.959431
0.950497
0.941612
0.932785
0.924024
0.915338
0.906736
0.898225
0.889816
0.881515
0.873331
0.865272
0.857346
0.849561
0.841925
0.834444
0.827128
0.819981
0.813013
0.806229
0.799636
0.793241
0.78705
0.781069
0.775304
0.769761
0.764446
0.759362
0.754517
0.749913
0.745556
0.741451
0.7376
0.734008
0.730679
0.727616
0.724821
0.722298
0.720049
0.718076
0.716382
0.714967
0.713833
0.712982
0.712414
0.71213
0.995477
0.986437
0.977409
0.968404
0.959431
0.950497
0.941612
0.932785
0.924024
0.915338
0.906736
0.898225
0.889816
0.881515
0.873331
0.865272
0.857346
0.849561
0.841925
0.834444
0.827128
0.819981
0.813013
0.806229
0.799636
0.793241
0.78705
0.781069
0.775304
0.769761
0.764446
0.759362
0.754517
0.749913
0.745556
0.741451
0.7376
0.734008
0.730679
0.727616
0.724821
0.722298
0.720049
0.718076
0.716382
0.714967
0.713833
0.712982
0.712414
0.71213
0.995477
0.986437
0.977409
0.968404
0.959431
0.950497
0.941612
0.932785
0.924024
0.915338
0.906736
0.898225
0.889816
0.881515
0.873331
0.865272
0.857346
0.849561
0.841925
0.834444
0.827128
0.819981
0.813013
0.806229
0.799636
0.793241
0.78705
0.781069
0.775304
0.769761
0.764446
0.759362
0.754517
0.749913
0.745556
0.741451
0.7376
0.734008
0.730679
0.727616
0.724821
0.722298
0.720049
0.718076
0.716381
0.714967
0.713833
0.712982
0.712414
0.71213
0.995477
0.986437
0.977409
0.968404
0.959431
0.950497
0.941612
0.932785
0.924024
0.915338
0.906736
0.898225
0.889816
0.881515
0.873331
0.865272
0.857346
0.849561
0.841925
0.834444
0.827128
0.819981
0.813013
0.806229
0.799636
0.793241
0.78705
0.781069
0.775304
0.769761
0.764446
0.759362
0.754517
0.749913
0.745556
0.741451
0.7376
0.734008
0.730679
0.727616
0.724821
0.722298
0.720049
0.718076
0.716381
0.714967
0.713833
0.712982
0.712414
0.71213
0.995477
0.986437
0.977409
0.968404
0.959431
0.950497
0.941612
0.932785
0.924024
0.915338
0.906736
0.898225
0.889816
0.881515
0.873331
0.865272
0.857346
0.849561
0.841925
0.834444
0.827127
0.819981
0.813013
0.806229
0.799636
0.793241
0.78705
0.781069
0.775304
0.769761
0.764446
0.759362
0.754517
0.749913
0.745556
0.741451
0.7376
0.734008
0.730679
0.727616
0.724821
0.722298
0.720049
0.718076
0.716381
0.714967
0.713833
0.712982
0.712414
0.71213
0.995477
0.986437
0.977409
0.968404
0.959431
0.950497
0.941612
0.932785
0.924024
0.915338
0.906736
0.898225
0.889816
0.881515
0.873331
0.865272
0.857346
0.849561
0.841925
0.834444
0.827127
0.819981
0.813013
0.806229
0.799636
0.793241
0.78705
0.781069
0.775304
0.769761
0.764446
0.759362
0.754517
0.749913
0.745556
0.74145
0.7376
0.734008
0.730679
0.727616
0.724821
0.722298
0.720049
0.718076
0.716381
0.714967
0.713833
0.712982
0.712414
0.71213
0.995477
0.986437
0.977409
0.968404
0.959431
0.950497
0.941612
0.932785
0.924024
0.915338
0.906736
0.898225
0.889816
0.881515
0.873331
0.865272
0.857346
0.849561
0.841925
0.834444
0.827127
0.819981
0.813013
0.806229
0.799636
0.793241
0.78705
0.781069
0.775304
0.769761
0.764446
0.759362
0.754517
0.749913
0.745556
0.74145
0.7376
0.734008
0.730679
0.727616
0.724821
0.722298
0.720049
0.718076
0.716381
0.714967
0.713833
0.712982
0.712414
0.71213
0.995477
0.986437
0.977409
0.968404
0.959431
0.950497
0.941612
0.932785
0.924024
0.915338
0.906736
0.898225
0.889816
0.881515
0.873331
0.865272
0.857346
0.849561
0.841925
0.834444
0.827128
0.819981
0.813013
0.806229
0.799636
0.793241
0.78705
0.781069
0.775304
0.769761
0.764446
0.759362
0.754517
0.749913
0.745556
0.74145
0.7376
0.734008
0.730679
0.727616
0.724821
0.722298
0.720049
0.718076
0.716381
0.714966
0.713833
0.712982
0.712414
0.71213
0.995477
0.986437
0.977409
0.968404
0.959431
0.950497
0.941612
0.932785
0.924024
0.915338
0.906736
0.898225
0.889816
0.881515
0.873331
0.865272
0.857346
0.849561
0.841925
0.834444
0.827128
0.819981
0.813013
0.806229
0.799636
0.793241
0.78705
0.781069
0.775304
0.769761
0.764446
0.759362
0.754517
0.749913
0.745556
0.74145
0.7376
0.734008
0.730679
0.727615
0.724821
0.722298
0.720049
0.718076
0.716381
0.714966
0.713833
0.712982
0.712414
0.71213
0.995477
0.986437
0.977409
0.968404
0.959431
0.950497
0.941612
0.932785
0.924024
0.915338
0.906736
0.898225
0.889816
0.881515
0.873331
0.865272
0.857346
0.849561
0.841925
0.834444
0.827128
0.819981
0.813013
0.806229
0.799636
0.793241
0.78705
0.781069
0.775304
0.769761
0.764446
0.759362
0.754516
0.749913
0.745556
0.74145
0.7376
0.734008
0.730679
0.727615
0.724821
0.722298
0.720048
0.718076
0.716381
0.714966
0.713833
0.712982
0.712414
0.71213
0.995477
0.986437
0.977409
0.968404
0.959431
0.950497
0.941612
0.932785
0.924024
0.915338
0.906736
0.898225
0.889816
0.881515
0.873331
0.865272
0.857346
0.849561
0.841925
0.834444
0.827128
0.819981
0.813013
0.806229
0.799636
0.793241
0.78705
0.781069
0.775304
0.769761
0.764446
0.759362
0.754516
0.749913
0.745556
0.74145
0.7376
0.734008
0.730679
0.727615
0.724821
0.722297
0.720048
0.718076
0.716381
0.714966
0.713833
0.712982
0.712414
0.71213
0.995477
0.986437
0.977409
0.968404
0.959431
0.950497
0.941612
0.932785
0.924024
0.915338
0.906736
0.898225
0.889816
0.881515
0.873331
0.865272
0.857346
0.849561
0.841925
0.834444
0.827128
0.819981
0.813013
0.806229
0.799636
0.793241
0.78705
0.781069
0.775304
0.769761
0.764446
0.759362
0.754516
0.749913
0.745556
0.74145
0.7376
0.734008
0.730679
0.727615
0.724821
0.722297
0.720048
0.718075
0.716381
0.714966
0.713833
0.712981
0.712414
0.71213
0.995477
0.986437
0.977409
0.968404
0.959431
0.950497
0.941612
0.932785
0.924024
0.915338
0.906736
0.898225
0.889816
0.881515
0.873331
0.865272
0.857346
0.849561
0.841925
0.834444
0.827128
0.819981
0.813013
0.806229
0.799636
0.793241
0.78705
0.781069
0.775304
0.769761
0.764446
0.759362
0.754516
0.749913
0.745556
0.74145
0.7376
0.734008
0.730679
0.727615
0.72482
0.722297
0.720048
0.718075
0.716381
0.714966
0.713832
0.712981
0.712414
0.712129
0.995477
0.986437
0.977409
0.968404
0.959431
0.950497
0.941612
0.932785
0.924024
0.915338
0.906736
0.898226
0.889816
0.881515
0.873331
0.865272
0.857346
0.849561
0.841925
0.834444
0.827128
0.819981
0.813013
0.806229
0.799636
0.793241
0.78705
0.781069
0.775304
0.769761
0.764445
0.759362
0.754516
0.749913
0.745556
0.74145
0.737599
0.734008
0.730679
0.727615
0.72482
0.722297
0.720048
0.718075
0.716381
0.714966
0.713832
0.712981
0.712413
0.712129
0.995477
0.986437
0.977409
0.968404
0.959431
0.950497
0.941612
0.932785
0.924024
0.915338
0.906736
0.898226
0.889816
0.881515
0.873331
0.865272
0.857346
0.849561
0.841925
0.834445
0.827128
0.819981
0.813013
0.806229
0.799636
0.793241
0.78705
0.781069
0.775304
0.769761
0.764445
0.759362
0.754516
0.749913
0.745556
0.74145
0.737599
0.734008
0.730678
0.727615
0.72482
0.722297
0.720048
0.718075
0.716381
0.714966
0.713832
0.712981
0.712413
0.712129
0.995477
0.986437
0.977409
0.968404
0.959431
0.950497
0.941612
0.932785
0.924024
0.915338
0.906736
0.898226
0.889816
0.881515
0.873331
0.865272
0.857346
0.849561
0.841925
0.834445
0.827128
0.819981
0.813013
0.806229
0.799636
0.793241
0.78705
0.781069
0.775304
0.769761
0.764445
0.759362
0.754516
0.749913
0.745556
0.74145
0.737599
0.734008
0.730678
0.727615
0.72482
0.722297
0.720048
0.718075
0.71638
0.714966
0.713832
0.712981
0.712413
0.712129
0.995477
0.986437
0.977409
0.968404
0.959431
0.950497
0.941612
0.932785
0.924024
0.915338
0.906736
0.898226
0.889816
0.881515
0.873331
0.865272
0.857346
0.849561
0.841925
0.834445
0.827128
0.819981
0.813013
0.806229
0.799636
0.793241
0.78705
0.781069
0.775304
0.769761
0.764445
0.759362
0.754516
0.749913
0.745556
0.74145
0.737599
0.734008
0.730678
0.727615
0.72482
0.722297
0.720048
0.718075
0.71638
0.714966
0.713832
0.712981
0.712413
0.712129
0.995477
0.986437
0.977409
0.968404
0.959431
0.950497
0.941612
0.932785
0.924024
0.915338
0.906736
0.898226
0.889816
0.881515
0.873331
0.865272
0.857346
0.849561
0.841925
0.834445
0.827128
0.819981
0.813013
0.806229
0.799636
0.793241
0.78705
0.781069
0.775304
0.769761
0.764445
0.759362
0.754516
0.749912
0.745556
0.74145
0.737599
0.734007
0.730678
0.727615
0.72482
0.722297
0.720048
0.718075
0.71638
0.714966
0.713832
0.712981
0.712413
0.712129
0.995477
0.986437
0.977409
0.968404
0.959431
0.950497
0.941612
0.932785
0.924024
0.915338
0.906736
0.898226
0.889816
0.881515
0.873331
0.865272
0.857346
0.849561
0.841925
0.834445
0.827128
0.819981
0.813013
0.806229
0.799636
0.793241
0.78705
0.781069
0.775304
0.769761
0.764445
0.759362
0.754516
0.749912
0.745556
0.74145
0.737599
0.734007
0.730678
0.727615
0.72482
0.722297
0.720048
0.718075
0.71638
0.714965
0.713832
0.712981
0.712413
0.712129
0.995477
0.986437
0.977409
0.968404
0.959431
0.950497
0.941612
0.932785
0.924024
0.915338
0.906736
0.898226
0.889816
0.881515
0.873331
0.865272
0.857346
0.849561
0.841925
0.834445
0.827128
0.819981
0.813013
0.806229
0.799636
0.793241
0.78705
0.781069
0.775304
0.769761
0.764445
0.759362
0.754516
0.749912
0.745556
0.74145
0.737599
0.734007
0.730678
0.727615
0.72482
0.722297
0.720048
0.718075
0.71638
0.714965
0.713832
0.712981
0.712413
0.712129
0.995477
0.986437
0.977409
0.968404
0.959431
0.950497
0.941612
0.932785
0.924024
0.915338
0.906736
0.898226
0.889816
0.881515
0.873331
0.865272
0.857346
0.849561
0.841925
0.834445
0.827128
0.819981
0.813013
0.806229
0.799636
0.793241
0.78705
0.781069
0.775304
0.769761
0.764445
0.759362
0.754516
0.749912
0.745555
0.74145
0.737599
0.734007
0.730678
0.727615
0.72482
0.722297
0.720048
0.718075
0.71638
0.714965
0.713832
0.712981
0.712413
0.712129
0.995477
0.986437
0.977409
0.968404
0.959431
0.950497
0.941612
0.932785
0.924024
0.915338
0.906736
0.898226
0.889816
0.881515
0.873331
0.865272
0.857346
0.849561
0.841925
0.834445
0.827128
0.819981
0.813013
0.806229
0.799636
0.793241
0.78705
0.781069
0.775304
0.769761
0.764445
0.759362
0.754516
0.749912
0.745555
0.74145
0.737599
0.734007
0.730678
0.727615
0.72482
0.722297
0.720048
0.718075
0.71638
0.714965
0.713832
0.712981
0.712413
0.712129
0.995477
0.986437
0.977409
0.968404
0.959431
0.950497
0.941612
0.932785
0.924024
0.915338
0.906736
0.898226
0.889816
0.881515
0.873331
0.865272
0.857347
0.849562
0.841925
0.834445
0.827128
0.819981
0.813013
0.806229
0.799636
0.793241
0.78705
0.781069
0.775304
0.769761
0.764445
0.759362
0.754516
0.749912
0.745555
0.74145
0.737599
0.734007
0.730678
0.727615
0.72482
0.722297
0.720048
0.718075
0.71638
0.714965
0.713832
0.712981
0.712413
0.712129
0.995477
0.986437
0.977409
0.968404
0.959431
0.950497
0.941612
0.932785
0.924024
0.915338
0.906736
0.898226
0.889816
0.881515
0.873331
0.865272
0.857347
0.849562
0.841925
0.834445
0.827128
0.819981
0.813013
0.806229
0.799636
0.793241
0.78705
0.781069
0.775304
0.769761
0.764445
0.759362
0.754516
0.749912
0.745555
0.74145
0.737599
0.734007
0.730678
0.727614
0.72482
0.722297
0.720048
0.718075
0.71638
0.714965
0.713832
0.712981
0.712413
0.712129
0.995477
0.986437
0.977409
0.968404
0.959431
0.950497
0.941612
0.932785
0.924024
0.915338
0.906736
0.898226
0.889816
0.881515
0.873331
0.865272
0.857347
0.849562
0.841925
0.834445
0.827128
0.819981
0.813013
0.806229
0.799636
0.793241
0.78705
0.781069
0.775304
0.769761
0.764445
0.759362
0.754516
0.749912
0.745555
0.74145
0.737599
0.734007
0.730678
0.727614
0.72482
0.722297
0.720048
0.718075
0.71638
0.714965
0.713832
0.712981
0.712413
0.712129
)
;

boundaryField
{
    inlet
    {
        type            fixedValue;
        value           uniform 1;
    }
    outlet
    {
        type            zeroGradient;
    }
    lowerWall
    {
        type            zeroGradient;
    }
    upperWall
    {
        type            zeroGradient;
    }
    frontAndBack
    {
        type            empty;
    }
}


// ************************************************************************* //
