/*--------------------------------*- C++ -*----------------------------------*\
  =========                 |
  \\      /  F ield         | OpenFOAM: The Open Source CFD Toolbox
   \\    /   O peration     | Website:  https://openfoam.org
    \\  /    A nd           | Version:  12
     \\/     M anipulation  |
\*---------------------------------------------------------------------------*/
FoamFile
{
    format      ascii;
    class       volScalarField;
    location    "80";
    object      T;
}
// * * * * * * * * * * * * * * * * * * * * * * * * * * * * * * * * * * * * * //

dimensions      [0 0 0 1 0 0 0];

internalField   nonuniform List<scalar> 
1250
(
0.997154
0.991464
0.985783
0.980116
0.974468
0.968846
0.963255
0.957699
0.952186
0.946719
0.941306
0.93595
0.930658
0.925433
0.920283
0.915211
0.910223
0.905324
0.900518
0.89581
0.891205
0.886708
0.882322
0.878052
0.873903
0.869878
0.865982
0.862218
0.85859
0.855101
0.851756
0.848557
0.845507
0.842609
0.839867
0.837283
0.83486
0.832599
0.830504
0.828576
0.826817
0.825229
0.823814
0.822572
0.821505
0.820615
0.819902
0.819366
0.819009
0.81883
0.997154
0.991464
0.985783
0.980116
0.974468
0.968846
0.963255
0.957699
0.952186
0.946719
0.941306
0.93595
0.930658
0.925433
0.920283
0.915211
0.910223
0.905324
0.900518
0.89581
0.891205
0.886708
0.882322
0.878052
0.873903
0.869878
0.865982
0.862218
0.85859
0.855101
0.851756
0.848557
0.845507
0.842609
0.839867
0.837283
0.83486
0.832599
0.830504
0.828576
0.826817
0.825229
0.823814
0.822572
0.821505
0.820615
0.819902
0.819366
0.819009
0.81883
0.997154
0.991464
0.985783
0.980116
0.974468
0.968846
0.963255
0.957699
0.952186
0.946719
0.941306
0.93595
0.930658
0.925433
0.920283
0.915211
0.910223
0.905324
0.900518
0.89581
0.891205
0.886708
0.882322
0.878052
0.873903
0.869878
0.865982
0.862218
0.85859
0.855101
0.851756
0.848557
0.845507
0.842609
0.839867
0.837283
0.83486
0.832599
0.830504
0.828576
0.826817
0.825229
0.823814
0.822572
0.821505
0.820615
0.819902
0.819366
0.819009
0.81883
0.997154
0.991464
0.985783
0.980116
0.974468
0.968846
0.963255
0.957699
0.952186
0.946719
0.941306
0.93595
0.930657
0.925433
0.920283
0.915211
0.910223
0.905324
0.900518
0.89581
0.891205
0.886708
0.882322
0.878052
0.873903
0.869878
0.865982
0.862218
0.85859
0.855101
0.851756
0.848557
0.845507
0.842609
0.839867
0.837283
0.83486
0.832599
0.830504
0.828576
0.826817
0.825229
0.823814
0.822572
0.821505
0.820615
0.819902
0.819366
0.819009
0.81883
0.997154
0.991464
0.985783
0.980116
0.974468
0.968846
0.963255
0.957699
0.952186
0.946719
0.941306
0.93595
0.930657
0.925433
0.920283
0.915211
0.910223
0.905324
0.900518
0.89581
0.891205
0.886708
0.882322
0.878052
0.873903
0.869878
0.865982
0.862218
0.85859
0.855101
0.851756
0.848557
0.845507
0.842609
0.839867
0.837283
0.83486
0.832599
0.830504
0.828576
0.826817
0.825229
0.823814
0.822572
0.821505
0.820615
0.819902
0.819366
0.819009
0.81883
0.997154
0.991464
0.985783
0.980116
0.974468
0.968846
0.963255
0.957699
0.952186
0.946719
0.941306
0.93595
0.930657
0.925433
0.920283
0.915211
0.910223
0.905324
0.900518
0.89581
0.891205
0.886708
0.882322
0.878052
0.873903
0.869878
0.865982
0.862218
0.85859
0.855101
0.851756
0.848557
0.845507
0.842609
0.839867
0.837283
0.83486
0.832599
0.830504
0.828576
0.826817
0.825229
0.823814
0.822572
0.821505
0.820615
0.819902
0.819366
0.819009
0.81883
0.997154
0.991464
0.985783
0.980116
0.974468
0.968846
0.963255
0.957699
0.952186
0.946719
0.941306
0.93595
0.930657
0.925433
0.920283
0.915211
0.910223
0.905324
0.900518
0.89581
0.891205
0.886708
0.882322
0.878052
0.873903
0.869878
0.865982
0.862218
0.85859
0.855101
0.851756
0.848557
0.845507
0.842609
0.839867
0.837283
0.83486
0.832599
0.830504
0.828576
0.826817
0.825229
0.823814
0.822572
0.821505
0.820615
0.819902
0.819366
0.819008
0.81883
0.997154
0.991464
0.985783
0.980116
0.974468
0.968846
0.963255
0.957699
0.952186
0.946719
0.941306
0.93595
0.930657
0.925433
0.920283
0.915211
0.910223
0.905324
0.900518
0.89581
0.891205
0.886708
0.882322
0.878052
0.873903
0.869878
0.865982
0.862218
0.85859
0.855101
0.851756
0.848557
0.845507
0.842609
0.839867
0.837283
0.83486
0.832599
0.830504
0.828576
0.826817
0.825229
0.823814
0.822572
0.821505
0.820615
0.819901
0.819366
0.819008
0.81883
0.997154
0.991464
0.985783
0.980116
0.974468
0.968846
0.963255
0.957699
0.952186
0.946719
0.941306
0.93595
0.930657
0.925433
0.920283
0.915211
0.910223
0.905324
0.900518
0.89581
0.891205
0.886708
0.882322
0.878052
0.873903
0.869878
0.865982
0.862218
0.85859
0.855101
0.851756
0.848556
0.845507
0.842609
0.839867
0.837283
0.83486
0.832599
0.830504
0.828576
0.826817
0.825229
0.823813
0.822572
0.821505
0.820615
0.819901
0.819366
0.819008
0.81883
0.997154
0.991464
0.985783
0.980116
0.974468
0.968846
0.963255
0.957699
0.952186
0.946719
0.941306
0.93595
0.930658
0.925433
0.920283
0.915211
0.910223
0.905324
0.900518
0.89581
0.891205
0.886708
0.882322
0.878052
0.873903
0.869878
0.865982
0.862218
0.85859
0.855101
0.851756
0.848556
0.845507
0.842609
0.839867
0.837283
0.83486
0.832599
0.830504
0.828576
0.826817
0.825229
0.823813
0.822572
0.821505
0.820615
0.819901
0.819366
0.819008
0.818829
0.997154
0.991464
0.985783
0.980116
0.974468
0.968846
0.963255
0.957699
0.952186
0.946719
0.941306
0.93595
0.930658
0.925433
0.920283
0.915211
0.910223
0.905324
0.900518
0.89581
0.891205
0.886708
0.882322
0.878052
0.873903
0.869878
0.865982
0.862218
0.85859
0.855101
0.851756
0.848556
0.845507
0.842609
0.839867
0.837283
0.83486
0.832599
0.830504
0.828576
0.826817
0.825229
0.823813
0.822572
0.821505
0.820615
0.819901
0.819366
0.819008
0.818829
0.997154
0.991464
0.985783
0.980116
0.974468
0.968846
0.963255
0.957699
0.952186
0.946719
0.941306
0.93595
0.930658
0.925433
0.920283
0.915211
0.910223
0.905324
0.900518
0.89581
0.891205
0.886708
0.882322
0.878052
0.873903
0.869878
0.865982
0.862218
0.85859
0.855101
0.851756
0.848556
0.845507
0.842609
0.839867
0.837283
0.83486
0.832599
0.830504
0.828576
0.826817
0.825229
0.823813
0.822572
0.821505
0.820615
0.819901
0.819366
0.819008
0.818829
0.997154
0.991464
0.985783
0.980116
0.974468
0.968846
0.963255
0.957699
0.952186
0.946719
0.941306
0.93595
0.930658
0.925433
0.920283
0.915211
0.910223
0.905324
0.900518
0.89581
0.891205
0.886708
0.882322
0.878052
0.873903
0.869878
0.865982
0.862218
0.85859
0.855101
0.851756
0.848556
0.845507
0.842609
0.839867
0.837283
0.83486
0.832599
0.830504
0.828576
0.826817
0.825229
0.823813
0.822572
0.821505
0.820615
0.819901
0.819366
0.819008
0.818829
0.997154
0.991464
0.985783
0.980116
0.974468
0.968846
0.963255
0.957699
0.952186
0.94672
0.941306
0.93595
0.930658
0.925433
0.920283
0.915211
0.910223
0.905324
0.900518
0.89581
0.891205
0.886708
0.882322
0.878052
0.873903
0.869878
0.865982
0.862218
0.85859
0.855101
0.851756
0.848556
0.845507
0.842609
0.839867
0.837283
0.83486
0.832599
0.830504
0.828576
0.826817
0.825229
0.823813
0.822572
0.821505
0.820615
0.819901
0.819365
0.819008
0.818829
0.997154
0.991464
0.985783
0.980116
0.974468
0.968846
0.963255
0.957699
0.952186
0.94672
0.941306
0.93595
0.930658
0.925433
0.920283
0.915211
0.910223
0.905324
0.900518
0.89581
0.891205
0.886708
0.882322
0.878052
0.873903
0.869878
0.865982
0.862218
0.85859
0.855101
0.851756
0.848556
0.845507
0.842609
0.839867
0.837283
0.83486
0.832599
0.830504
0.828576
0.826817
0.825229
0.823813
0.822571
0.821505
0.820614
0.819901
0.819365
0.819008
0.818829
0.997154
0.991464
0.985783
0.980116
0.974468
0.968846
0.963255
0.957699
0.952186
0.94672
0.941306
0.93595
0.930658
0.925433
0.920283
0.915211
0.910223
0.905324
0.900518
0.89581
0.891205
0.886708
0.882322
0.878052
0.873903
0.869878
0.865982
0.862218
0.85859
0.855101
0.851756
0.848556
0.845506
0.842609
0.839867
0.837283
0.834859
0.832599
0.830504
0.828576
0.826817
0.825229
0.823813
0.822571
0.821505
0.820614
0.819901
0.819365
0.819008
0.818829
0.997154
0.991464
0.985783
0.980116
0.974468
0.968846
0.963255
0.957699
0.952186
0.94672
0.941306
0.93595
0.930658
0.925433
0.920283
0.915211
0.910223
0.905324
0.900518
0.89581
0.891205
0.886708
0.882322
0.878052
0.873903
0.869878
0.865982
0.862218
0.85859
0.855101
0.851756
0.848556
0.845506
0.842609
0.839867
0.837283
0.834859
0.832599
0.830504
0.828575
0.826817
0.825229
0.823813
0.822571
0.821505
0.820614
0.819901
0.819365
0.819008
0.818829
0.997154
0.991464
0.985783
0.980116
0.974468
0.968846
0.963255
0.957699
0.952186
0.94672
0.941306
0.93595
0.930658
0.925433
0.920283
0.915211
0.910223
0.905324
0.900518
0.89581
0.891205
0.886708
0.882322
0.878052
0.873903
0.869878
0.865982
0.862218
0.85859
0.855101
0.851756
0.848556
0.845506
0.842609
0.839867
0.837283
0.834859
0.832599
0.830504
0.828575
0.826817
0.825229
0.823813
0.822571
0.821505
0.820614
0.819901
0.819365
0.819008
0.818829
0.997154
0.991464
0.985783
0.980116
0.974468
0.968846
0.963255
0.957699
0.952186
0.94672
0.941306
0.93595
0.930658
0.925433
0.920283
0.915211
0.910223
0.905324
0.900518
0.89581
0.891205
0.886708
0.882322
0.878052
0.873903
0.869878
0.865982
0.862218
0.85859
0.855101
0.851756
0.848556
0.845506
0.842609
0.839867
0.837283
0.834859
0.832599
0.830503
0.828575
0.826816
0.825228
0.823813
0.822571
0.821505
0.820614
0.819901
0.819365
0.819008
0.818829
0.997154
0.991464
0.985783
0.980116
0.974468
0.968846
0.963255
0.957699
0.952186
0.94672
0.941306
0.93595
0.930658
0.925434
0.920283
0.915211
0.910223
0.905324
0.900518
0.89581
0.891205
0.886708
0.882322
0.878052
0.873903
0.869878
0.865982
0.862218
0.85859
0.855101
0.851756
0.848556
0.845506
0.842609
0.839867
0.837283
0.834859
0.832599
0.830503
0.828575
0.826816
0.825228
0.823813
0.822571
0.821505
0.820614
0.819901
0.819365
0.819008
0.818829
0.997154
0.991464
0.985783
0.980116
0.974468
0.968846
0.963255
0.957699
0.952186
0.94672
0.941306
0.93595
0.930658
0.925434
0.920283
0.915211
0.910223
0.905324
0.900518
0.89581
0.891205
0.886708
0.882322
0.878052
0.873903
0.869878
0.865982
0.862218
0.85859
0.855101
0.851756
0.848556
0.845506
0.842609
0.839867
0.837283
0.834859
0.832599
0.830503
0.828575
0.826816
0.825228
0.823813
0.822571
0.821505
0.820614
0.819901
0.819365
0.819008
0.818829
0.997154
0.991464
0.985783
0.980116
0.974468
0.968846
0.963255
0.957699
0.952186
0.94672
0.941306
0.93595
0.930658
0.925434
0.920283
0.915211
0.910223
0.905324
0.900518
0.89581
0.891205
0.886708
0.882322
0.878052
0.873903
0.869878
0.865982
0.862218
0.85859
0.855101
0.851756
0.848556
0.845506
0.842609
0.839867
0.837283
0.834859
0.832599
0.830503
0.828575
0.826816
0.825228
0.823813
0.822571
0.821505
0.820614
0.819901
0.819365
0.819008
0.818829
0.997154
0.991464
0.985783
0.980116
0.974468
0.968846
0.963255
0.957699
0.952186
0.94672
0.941306
0.93595
0.930658
0.925434
0.920283
0.915211
0.910223
0.905324
0.900518
0.89581
0.891205
0.886708
0.882322
0.878052
0.873903
0.869878
0.865982
0.862218
0.85859
0.855101
0.851755
0.848556
0.845506
0.842609
0.839867
0.837283
0.834859
0.832599
0.830503
0.828575
0.826816
0.825228
0.823813
0.822571
0.821505
0.820614
0.819901
0.819365
0.819008
0.818829
0.997154
0.991464
0.985783
0.980116
0.974468
0.968846
0.963255
0.957699
0.952186
0.94672
0.941306
0.93595
0.930658
0.925434
0.920283
0.915211
0.910223
0.905324
0.900518
0.89581
0.891205
0.886708
0.882322
0.878052
0.873903
0.869878
0.865982
0.862218
0.85859
0.855101
0.851755
0.848556
0.845506
0.842609
0.839867
0.837283
0.834859
0.832599
0.830503
0.828575
0.826816
0.825228
0.823813
0.822571
0.821505
0.820614
0.819901
0.819365
0.819008
0.818829
0.997154
0.991464
0.985783
0.980116
0.974468
0.968846
0.963255
0.957699
0.952186
0.94672
0.941306
0.93595
0.930658
0.925434
0.920283
0.915211
0.910223
0.905324
0.900518
0.89581
0.891205
0.886708
0.882322
0.878052
0.873903
0.869878
0.865982
0.862218
0.85859
0.855101
0.851755
0.848556
0.845506
0.842609
0.839867
0.837283
0.834859
0.832599
0.830503
0.828575
0.826816
0.825228
0.823813
0.822571
0.821505
0.820614
0.819901
0.819365
0.819008
0.818829
)
;

boundaryField
{
    inlet
    {
        type            fixedValue;
        value           uniform 1;
    }
    outlet
    {
        type            zeroGradient;
    }
    lowerWall
    {
        type            zeroGradient;
    }
    upperWall
    {
        type            zeroGradient;
    }
    frontAndBack
    {
        type            empty;
    }
}


// ************************************************************************* //
