/*--------------------------------*- C++ -*----------------------------------*\
  =========                 |
  \\      /  F ield         | OpenFOAM: The Open Source CFD Toolbox
   \\    /   O peration     | Website:  https://openfoam.org
    \\  /    A nd           | Version:  12
     \\/     M anipulation  |
\*---------------------------------------------------------------------------*/
FoamFile
{
    format      ascii;
    class       volScalarField;
    location    "44";
    object      T;
}
// * * * * * * * * * * * * * * * * * * * * * * * * * * * * * * * * * * * * * //

dimensions      [0 0 0 1 0 0 0];

internalField   nonuniform List<scalar> 
1250
(
0.993153
0.979465
0.965798
0.952165
0.938579
0.925054
0.911603
0.89824
0.884978
0.871829
0.858807
0.845926
0.833196
0.820632
0.808246
0.796049
0.784054
0.772272
0.760716
0.749397
0.738326
0.727513
0.71697
0.706706
0.696732
0.687058
0.677694
0.668647
0.659928
0.651545
0.643505
0.635818
0.62849
0.621529
0.614941
0.608733
0.602911
0.597481
0.592448
0.587817
0.583592
0.579778
0.576378
0.573396
0.570835
0.568696
0.566983
0.565696
0.564838
0.564409
0.993153
0.979465
0.965798
0.952165
0.938579
0.925054
0.911603
0.89824
0.884978
0.871829
0.858807
0.845926
0.833196
0.820632
0.808246
0.796049
0.784054
0.772272
0.760716
0.749397
0.738326
0.727513
0.71697
0.706706
0.696732
0.687058
0.677694
0.668647
0.659928
0.651545
0.643505
0.635818
0.62849
0.621529
0.614941
0.608733
0.602911
0.597481
0.592448
0.587817
0.583592
0.579778
0.576378
0.573396
0.570835
0.568696
0.566983
0.565696
0.564838
0.564409
0.993153
0.979465
0.965798
0.952165
0.938579
0.925054
0.911603
0.89824
0.884978
0.871829
0.858807
0.845926
0.833196
0.820632
0.808246
0.796049
0.784054
0.772272
0.760716
0.749397
0.738326
0.727513
0.71697
0.706706
0.696732
0.687058
0.677694
0.668647
0.659928
0.651545
0.643505
0.635818
0.62849
0.621529
0.614941
0.608733
0.602911
0.597481
0.592448
0.587817
0.583592
0.579778
0.576378
0.573396
0.570834
0.568696
0.566983
0.565696
0.564838
0.564409
0.993153
0.979465
0.965798
0.952165
0.938579
0.925054
0.911603
0.89824
0.884978
0.871829
0.858807
0.845926
0.833196
0.820632
0.808246
0.796049
0.784054
0.772272
0.760716
0.749397
0.738326
0.727513
0.71697
0.706706
0.696732
0.687058
0.677694
0.668647
0.659928
0.651545
0.643505
0.635818
0.62849
0.621529
0.614941
0.608733
0.602911
0.597481
0.592448
0.587817
0.583592
0.579778
0.576378
0.573396
0.570834
0.568696
0.566983
0.565696
0.564838
0.564409
0.993153
0.979465
0.965798
0.952165
0.938579
0.925054
0.911603
0.89824
0.884978
0.871829
0.858807
0.845926
0.833196
0.820632
0.808246
0.796049
0.784054
0.772272
0.760716
0.749397
0.738326
0.727513
0.71697
0.706706
0.696732
0.687058
0.677694
0.668647
0.659928
0.651545
0.643505
0.635818
0.62849
0.621529
0.614941
0.608733
0.602911
0.597481
0.592448
0.587817
0.583592
0.579778
0.576378
0.573396
0.570834
0.568696
0.566983
0.565696
0.564838
0.564408
0.993153
0.979465
0.965798
0.952165
0.938579
0.925054
0.911603
0.89824
0.884978
0.871829
0.858807
0.845926
0.833196
0.820632
0.808246
0.796049
0.784054
0.772272
0.760716
0.749397
0.738326
0.727513
0.71697
0.706706
0.696732
0.687058
0.677694
0.668647
0.659928
0.651545
0.643505
0.635818
0.62849
0.621529
0.614941
0.608733
0.602911
0.597481
0.592448
0.587817
0.583592
0.579778
0.576378
0.573396
0.570834
0.568696
0.566983
0.565696
0.564838
0.564408
0.993153
0.979465
0.965798
0.952165
0.938579
0.925054
0.911603
0.89824
0.884978
0.871829
0.858807
0.845926
0.833196
0.820632
0.808246
0.796049
0.784054
0.772272
0.760716
0.749397
0.738326
0.727513
0.71697
0.706706
0.696732
0.687058
0.677694
0.668647
0.659928
0.651545
0.643505
0.635818
0.62849
0.621529
0.614941
0.608733
0.602911
0.597481
0.592448
0.587817
0.583592
0.579778
0.576378
0.573396
0.570834
0.568696
0.566982
0.565696
0.564838
0.564408
0.993153
0.979465
0.965798
0.952165
0.938579
0.925054
0.911603
0.89824
0.884978
0.871829
0.858807
0.845926
0.833196
0.820632
0.808246
0.796049
0.784054
0.772272
0.760716
0.749397
0.738326
0.727513
0.71697
0.706706
0.696732
0.687058
0.677694
0.668647
0.659928
0.651545
0.643505
0.635818
0.62849
0.621529
0.614941
0.608733
0.602911
0.597481
0.592448
0.587817
0.583592
0.579778
0.576378
0.573396
0.570834
0.568696
0.566982
0.565696
0.564838
0.564408
0.993153
0.979465
0.965798
0.952165
0.938579
0.925054
0.911603
0.89824
0.884978
0.871829
0.858807
0.845926
0.833196
0.820632
0.808246
0.796049
0.784054
0.772272
0.760716
0.749397
0.738326
0.727513
0.71697
0.706706
0.696732
0.687058
0.677694
0.668647
0.659928
0.651545
0.643505
0.635818
0.62849
0.621529
0.614941
0.608733
0.602911
0.597481
0.592448
0.587816
0.583592
0.579778
0.576378
0.573396
0.570834
0.568695
0.566982
0.565696
0.564837
0.564408
0.993153
0.979465
0.965798
0.952165
0.938579
0.925054
0.911603
0.89824
0.884978
0.871829
0.858807
0.845926
0.833196
0.820632
0.808246
0.796049
0.784054
0.772272
0.760716
0.749397
0.738326
0.727513
0.71697
0.706706
0.696732
0.687058
0.677694
0.668647
0.659928
0.651545
0.643505
0.635818
0.62849
0.621529
0.614941
0.608733
0.602911
0.597481
0.592448
0.587816
0.583592
0.579777
0.576378
0.573395
0.570834
0.568695
0.566982
0.565696
0.564837
0.564408
0.993153
0.979465
0.965798
0.952165
0.938579
0.925054
0.911603
0.89824
0.884978
0.871829
0.858807
0.845926
0.833196
0.820632
0.808246
0.796049
0.784054
0.772272
0.760716
0.749397
0.738326
0.727513
0.71697
0.706706
0.696732
0.687058
0.677694
0.668647
0.659928
0.651545
0.643505
0.635818
0.62849
0.621529
0.614941
0.608733
0.602911
0.597481
0.592447
0.587816
0.583591
0.579777
0.576377
0.573395
0.570834
0.568695
0.566982
0.565695
0.564837
0.564408
0.993153
0.979465
0.965798
0.952165
0.938579
0.925054
0.911603
0.89824
0.884978
0.871829
0.858808
0.845926
0.833196
0.820632
0.808246
0.796049
0.784054
0.772273
0.760716
0.749397
0.738326
0.727513
0.71697
0.706706
0.696732
0.687058
0.677694
0.668647
0.659928
0.651545
0.643505
0.635818
0.62849
0.621529
0.614941
0.608733
0.602911
0.597481
0.592447
0.587816
0.583591
0.579777
0.576377
0.573395
0.570834
0.568695
0.566982
0.565695
0.564837
0.564408
0.993153
0.979465
0.965798
0.952165
0.938579
0.925054
0.911603
0.89824
0.884978
0.871829
0.858808
0.845926
0.833196
0.820632
0.808246
0.796049
0.784054
0.772273
0.760716
0.749397
0.738326
0.727513
0.71697
0.706706
0.696732
0.687058
0.677694
0.668647
0.659928
0.651544
0.643505
0.635818
0.62849
0.621528
0.614941
0.608733
0.602911
0.59748
0.592447
0.587816
0.583591
0.579777
0.576377
0.573395
0.570833
0.568695
0.566982
0.565695
0.564837
0.564407
0.993153
0.979465
0.965798
0.952165
0.938579
0.925054
0.911603
0.89824
0.884978
0.871829
0.858808
0.845926
0.833196
0.820632
0.808246
0.796049
0.784054
0.772273
0.760717
0.749397
0.738326
0.727513
0.71697
0.706706
0.696732
0.687058
0.677693
0.668647
0.659928
0.651544
0.643505
0.635818
0.62849
0.621528
0.614941
0.608733
0.602911
0.59748
0.592447
0.587816
0.583591
0.579777
0.576377
0.573395
0.570833
0.568695
0.566981
0.565695
0.564837
0.564407
0.993153
0.979465
0.965798
0.952165
0.938579
0.925054
0.911603
0.89824
0.884978
0.871829
0.858808
0.845926
0.833196
0.820632
0.808246
0.796049
0.784054
0.772273
0.760717
0.749397
0.738326
0.727513
0.71697
0.706706
0.696732
0.687058
0.677693
0.668647
0.659928
0.651544
0.643505
0.635818
0.62849
0.621528
0.61494
0.608732
0.602911
0.59748
0.592447
0.587816
0.583591
0.579777
0.576377
0.573395
0.570833
0.568695
0.566981
0.565695
0.564837
0.564407
0.993153
0.979465
0.965798
0.952165
0.938579
0.925054
0.911603
0.89824
0.884978
0.871829
0.858808
0.845926
0.833196
0.820632
0.808246
0.796049
0.784054
0.772273
0.760717
0.749397
0.738326
0.727513
0.71697
0.706706
0.696732
0.687058
0.677693
0.668647
0.659928
0.651544
0.643505
0.635818
0.62849
0.621528
0.61494
0.608732
0.60291
0.59748
0.592447
0.587816
0.583591
0.579777
0.576377
0.573395
0.570833
0.568695
0.566981
0.565695
0.564836
0.564407
0.993153
0.979465
0.965798
0.952165
0.938579
0.925054
0.911603
0.89824
0.884978
0.871829
0.858808
0.845926
0.833196
0.820632
0.808246
0.796049
0.784054
0.772273
0.760717
0.749397
0.738326
0.727513
0.71697
0.706706
0.696732
0.687058
0.677693
0.668647
0.659928
0.651544
0.643505
0.635818
0.62849
0.621528
0.61494
0.608732
0.60291
0.59748
0.592447
0.587816
0.583591
0.579777
0.576377
0.573394
0.570833
0.568694
0.566981
0.565695
0.564836
0.564407
0.993153
0.979465
0.965798
0.952165
0.938579
0.925054
0.911603
0.89824
0.884978
0.871829
0.858808
0.845926
0.833197
0.820632
0.808246
0.796049
0.784054
0.772273
0.760717
0.749397
0.738326
0.727513
0.71697
0.706706
0.696732
0.687058
0.677693
0.668647
0.659928
0.651544
0.643505
0.635817
0.628489
0.621528
0.61494
0.608732
0.60291
0.59748
0.592447
0.587815
0.583591
0.579776
0.576377
0.573394
0.570833
0.568694
0.566981
0.565695
0.564836
0.564407
0.993153
0.979465
0.965798
0.952165
0.938579
0.925054
0.911603
0.89824
0.884978
0.871829
0.858808
0.845926
0.833197
0.820632
0.808246
0.796049
0.784054
0.772273
0.760717
0.749397
0.738326
0.727513
0.71697
0.706706
0.696732
0.687058
0.677693
0.668647
0.659928
0.651544
0.643505
0.635817
0.628489
0.621528
0.61494
0.608732
0.60291
0.59748
0.592447
0.587815
0.583591
0.579776
0.576376
0.573394
0.570833
0.568694
0.566981
0.565694
0.564836
0.564407
0.993153
0.979465
0.965798
0.952165
0.938579
0.925054
0.911603
0.89824
0.884978
0.871829
0.858808
0.845926
0.833197
0.820632
0.808246
0.796049
0.784054
0.772273
0.760717
0.749397
0.738326
0.727513
0.71697
0.706706
0.696732
0.687058
0.677693
0.668647
0.659928
0.651544
0.643505
0.635817
0.628489
0.621528
0.61494
0.608732
0.60291
0.59748
0.592447
0.587815
0.58359
0.579776
0.576376
0.573394
0.570833
0.568694
0.566981
0.565694
0.564836
0.564407
0.993153
0.979465
0.965798
0.952165
0.938579
0.925054
0.911603
0.89824
0.884978
0.871829
0.858808
0.845926
0.833197
0.820632
0.808246
0.796049
0.784054
0.772273
0.760717
0.749397
0.738326
0.727513
0.71697
0.706706
0.696732
0.687058
0.677693
0.668647
0.659928
0.651544
0.643505
0.635817
0.628489
0.621528
0.61494
0.608732
0.60291
0.59748
0.592447
0.587815
0.58359
0.579776
0.576376
0.573394
0.570833
0.568694
0.566981
0.565694
0.564836
0.564407
0.993153
0.979465
0.965798
0.952165
0.938579
0.925054
0.911604
0.89824
0.884978
0.871829
0.858808
0.845926
0.833197
0.820632
0.808246
0.796049
0.784054
0.772273
0.760717
0.749397
0.738326
0.727513
0.71697
0.706706
0.696732
0.687058
0.677693
0.668647
0.659928
0.651544
0.643505
0.635817
0.628489
0.621528
0.61494
0.608732
0.60291
0.59748
0.592446
0.587815
0.58359
0.579776
0.576376
0.573394
0.570832
0.568694
0.566981
0.565694
0.564836
0.564407
0.993153
0.979465
0.965798
0.952165
0.938579
0.925054
0.911604
0.89824
0.884978
0.871829
0.858808
0.845926
0.833197
0.820633
0.808246
0.796049
0.784054
0.772273
0.760717
0.749397
0.738326
0.727513
0.71697
0.706706
0.696732
0.687058
0.677693
0.668647
0.659928
0.651544
0.643505
0.635817
0.628489
0.621528
0.61494
0.608732
0.60291
0.59748
0.592446
0.587815
0.58359
0.579776
0.576376
0.573394
0.570832
0.568694
0.566981
0.565694
0.564836
0.564406
0.993153
0.979465
0.965798
0.952165
0.938579
0.925054
0.911604
0.89824
0.884978
0.871829
0.858808
0.845926
0.833197
0.820633
0.808246
0.796049
0.784054
0.772273
0.760717
0.749397
0.738326
0.727513
0.71697
0.706706
0.696732
0.687058
0.677693
0.668647
0.659928
0.651544
0.643505
0.635817
0.628489
0.621528
0.61494
0.608732
0.60291
0.59748
0.592446
0.587815
0.58359
0.579776
0.576376
0.573394
0.570832
0.568694
0.566981
0.565694
0.564836
0.564406
0.993153
0.979465
0.965798
0.952165
0.938579
0.925054
0.911604
0.89824
0.884978
0.871829
0.858808
0.845926
0.833197
0.820633
0.808246
0.796049
0.784054
0.772273
0.760717
0.749397
0.738326
0.727513
0.71697
0.706706
0.696732
0.687058
0.677693
0.668647
0.659928
0.651544
0.643505
0.635817
0.628489
0.621528
0.61494
0.608732
0.60291
0.59748
0.592446
0.587815
0.58359
0.579776
0.576376
0.573394
0.570832
0.568694
0.566981
0.565694
0.564836
0.564406
)
;

boundaryField
{
    inlet
    {
        type            fixedValue;
        value           uniform 1;
    }
    outlet
    {
        type            zeroGradient;
    }
    lowerWall
    {
        type            zeroGradient;
    }
    upperWall
    {
        type            zeroGradient;
    }
    frontAndBack
    {
        type            empty;
    }
}


// ************************************************************************* //
