/*--------------------------------*- C++ -*----------------------------------*\
  =========                 |
  \\      /  F ield         | OpenFOAM: The Open Source CFD Toolbox
   \\    /   O peration     | Website:  https://openfoam.org
    \\  /    A nd           | Version:  12
     \\/     M anipulation  |
\*---------------------------------------------------------------------------*/
FoamFile
{
    format      ascii;
    class       volScalarField;
    location    "48";
    object      T;
}
// * * * * * * * * * * * * * * * * * * * * * * * * * * * * * * * * * * * * * //

dimensions      [0 0 0 1 0 0 0];

internalField   nonuniform List<scalar> 
1250
(
0.99379
0.981377
0.968982
0.956618
0.944296
0.93203
0.919831
0.907711
0.895683
0.883757
0.871947
0.860263
0.848717
0.837321
0.826086
0.815022
0.804142
0.793455
0.782972
0.772703
0.762659
0.75285
0.743285
0.733973
0.724924
0.716147
0.70765
0.699441
0.69153
0.683922
0.676627
0.669651
0.663002
0.656684
0.650706
0.645072
0.639788
0.63486
0.630292
0.626088
0.622254
0.618792
0.615706
0.612999
0.610674
0.608733
0.607178
0.60601
0.605231
0.604841
0.99379
0.981377
0.968982
0.956618
0.944296
0.93203
0.919831
0.907711
0.895683
0.883757
0.871947
0.860263
0.848717
0.837321
0.826086
0.815022
0.804142
0.793455
0.782972
0.772703
0.762659
0.75285
0.743285
0.733973
0.724924
0.716147
0.70765
0.699441
0.69153
0.683922
0.676627
0.669651
0.663002
0.656684
0.650706
0.645072
0.639788
0.63486
0.630292
0.626088
0.622254
0.618792
0.615706
0.612999
0.610674
0.608733
0.607178
0.60601
0.605231
0.604841
0.99379
0.981377
0.968982
0.956618
0.944296
0.93203
0.919831
0.907711
0.895683
0.883757
0.871947
0.860263
0.848717
0.837321
0.826086
0.815022
0.804142
0.793455
0.782972
0.772703
0.762659
0.75285
0.743285
0.733973
0.724924
0.716147
0.70765
0.699441
0.69153
0.683922
0.676627
0.669651
0.663002
0.656684
0.650706
0.645072
0.639788
0.63486
0.630292
0.626088
0.622254
0.618792
0.615706
0.612999
0.610674
0.608733
0.607178
0.60601
0.605231
0.604841
0.99379
0.981377
0.968982
0.956618
0.944296
0.93203
0.919831
0.907711
0.895683
0.883757
0.871947
0.860263
0.848717
0.837321
0.826086
0.815022
0.804142
0.793455
0.782972
0.772703
0.762659
0.75285
0.743285
0.733973
0.724924
0.716147
0.70765
0.699441
0.69153
0.683922
0.676627
0.669651
0.663002
0.656684
0.650706
0.645072
0.639788
0.63486
0.630292
0.626088
0.622254
0.618792
0.615706
0.612999
0.610674
0.608733
0.607178
0.60601
0.605231
0.604841
0.99379
0.981377
0.968982
0.956618
0.944296
0.93203
0.919831
0.907711
0.895683
0.883757
0.871947
0.860263
0.848717
0.837321
0.826086
0.815022
0.804142
0.793455
0.782972
0.772703
0.762659
0.75285
0.743285
0.733973
0.724924
0.716147
0.70765
0.699441
0.69153
0.683922
0.676627
0.669651
0.663001
0.656684
0.650706
0.645072
0.639788
0.63486
0.630292
0.626088
0.622254
0.618792
0.615706
0.612999
0.610674
0.608733
0.607178
0.60601
0.605231
0.604841
0.99379
0.981377
0.968982
0.956618
0.944296
0.93203
0.919831
0.907711
0.895683
0.883757
0.871947
0.860263
0.848717
0.837321
0.826086
0.815022
0.804142
0.793455
0.782972
0.772703
0.762659
0.75285
0.743285
0.733973
0.724924
0.716147
0.70765
0.699441
0.69153
0.683922
0.676627
0.669651
0.663001
0.656684
0.650706
0.645072
0.639788
0.63486
0.630291
0.626088
0.622254
0.618792
0.615706
0.612999
0.610674
0.608733
0.607178
0.60601
0.605231
0.604841
0.99379
0.981377
0.968982
0.956618
0.944296
0.93203
0.919831
0.907711
0.895683
0.883757
0.871947
0.860263
0.848717
0.837321
0.826086
0.815022
0.804142
0.793455
0.782972
0.772703
0.762659
0.75285
0.743285
0.733973
0.724924
0.716147
0.70765
0.699441
0.69153
0.683922
0.676627
0.669651
0.663001
0.656684
0.650706
0.645072
0.639788
0.63486
0.630291
0.626088
0.622253
0.618792
0.615706
0.612999
0.610674
0.608733
0.607178
0.60601
0.605231
0.604841
0.99379
0.981377
0.968982
0.956618
0.944296
0.93203
0.919831
0.907711
0.895683
0.883757
0.871947
0.860263
0.848717
0.837321
0.826086
0.815022
0.804142
0.793455
0.782972
0.772703
0.762659
0.75285
0.743285
0.733973
0.724924
0.716147
0.70765
0.699441
0.69153
0.683922
0.676627
0.669651
0.663001
0.656684
0.650705
0.645072
0.639788
0.634859
0.630291
0.626088
0.622253
0.618791
0.615706
0.612999
0.610674
0.608733
0.607178
0.60601
0.605231
0.604841
0.99379
0.981377
0.968982
0.956618
0.944296
0.93203
0.919831
0.907711
0.895683
0.883757
0.871947
0.860263
0.848717
0.837321
0.826086
0.815022
0.804142
0.793455
0.782972
0.772703
0.762659
0.75285
0.743285
0.733973
0.724924
0.716147
0.70765
0.699441
0.69153
0.683922
0.676627
0.669651
0.663001
0.656684
0.650705
0.645071
0.639788
0.634859
0.630291
0.626088
0.622253
0.618791
0.615706
0.612999
0.610674
0.608733
0.607177
0.60601
0.605231
0.604841
0.99379
0.981377
0.968982
0.956618
0.944296
0.93203
0.919831
0.907711
0.895683
0.883757
0.871947
0.860263
0.848717
0.837321
0.826086
0.815022
0.804142
0.793455
0.782972
0.772703
0.762659
0.75285
0.743285
0.733973
0.724924
0.716147
0.70765
0.699441
0.691529
0.683922
0.676627
0.669651
0.663001
0.656684
0.650705
0.645071
0.639788
0.634859
0.630291
0.626088
0.622253
0.618791
0.615705
0.612999
0.610674
0.608732
0.607177
0.60601
0.60523
0.604841
0.99379
0.981377
0.968982
0.956618
0.944296
0.93203
0.919831
0.907711
0.895683
0.883757
0.871947
0.860263
0.848717
0.837321
0.826086
0.815022
0.804142
0.793455
0.782972
0.772703
0.762659
0.75285
0.743285
0.733973
0.724924
0.716147
0.707649
0.699441
0.691529
0.683922
0.676627
0.669651
0.663001
0.656684
0.650705
0.645071
0.639788
0.634859
0.630291
0.626088
0.622253
0.618791
0.615705
0.612998
0.610673
0.608732
0.607177
0.606009
0.60523
0.604841
0.99379
0.981377
0.968982
0.956618
0.944296
0.93203
0.919831
0.907711
0.895683
0.883757
0.871947
0.860263
0.848717
0.837321
0.826086
0.815022
0.804142
0.793455
0.782972
0.772703
0.762659
0.75285
0.743285
0.733973
0.724924
0.716147
0.707649
0.699441
0.691529
0.683922
0.676627
0.669651
0.663001
0.656684
0.650705
0.645071
0.639787
0.634859
0.630291
0.626088
0.622253
0.618791
0.615705
0.612998
0.610673
0.608732
0.607177
0.606009
0.60523
0.60484
0.99379
0.981377
0.968982
0.956618
0.944296
0.93203
0.919831
0.907711
0.895683
0.883757
0.871947
0.860263
0.848717
0.837321
0.826086
0.815022
0.804142
0.793455
0.782972
0.772703
0.762659
0.75285
0.743285
0.733973
0.724924
0.716146
0.707649
0.699441
0.691529
0.683922
0.676627
0.669651
0.663001
0.656684
0.650705
0.645071
0.639787
0.634859
0.630291
0.626087
0.622253
0.618791
0.615705
0.612998
0.610673
0.608732
0.607177
0.606009
0.60523
0.60484
0.99379
0.981377
0.968982
0.956618
0.944296
0.93203
0.919831
0.907711
0.895683
0.883757
0.871947
0.860263
0.848717
0.837321
0.826086
0.815022
0.804142
0.793455
0.782972
0.772703
0.762659
0.75285
0.743285
0.733973
0.724924
0.716146
0.707649
0.699441
0.691529
0.683922
0.676627
0.669651
0.663001
0.656684
0.650705
0.645071
0.639787
0.634859
0.630291
0.626087
0.622253
0.618791
0.615705
0.612998
0.610673
0.608732
0.607177
0.606009
0.60523
0.60484
0.99379
0.981377
0.968982
0.956618
0.944296
0.93203
0.919831
0.907711
0.895683
0.883757
0.871947
0.860263
0.848717
0.837321
0.826086
0.815022
0.804142
0.793455
0.782972
0.772703
0.762659
0.75285
0.743285
0.733973
0.724924
0.716146
0.707649
0.699441
0.691529
0.683922
0.676627
0.669651
0.663001
0.656684
0.650705
0.645071
0.639787
0.634859
0.630291
0.626087
0.622253
0.618791
0.615705
0.612998
0.610673
0.608732
0.607177
0.606009
0.60523
0.60484
0.99379
0.981377
0.968982
0.956618
0.944296
0.93203
0.919831
0.907711
0.895683
0.883757
0.871947
0.860263
0.848717
0.837321
0.826086
0.815022
0.804142
0.793455
0.782972
0.772703
0.762659
0.75285
0.743285
0.733973
0.724924
0.716146
0.707649
0.699441
0.691529
0.683922
0.676627
0.669651
0.663001
0.656684
0.650705
0.645071
0.639787
0.634859
0.630291
0.626087
0.622253
0.618791
0.615705
0.612998
0.610673
0.608732
0.607177
0.606009
0.60523
0.60484
0.99379
0.981377
0.968982
0.956618
0.944296
0.93203
0.919831
0.907711
0.895683
0.883757
0.871947
0.860263
0.848717
0.837321
0.826086
0.815022
0.804142
0.793455
0.782972
0.772703
0.762659
0.75285
0.743285
0.733973
0.724924
0.716146
0.707649
0.699441
0.691529
0.683922
0.676627
0.669651
0.663001
0.656683
0.650705
0.645071
0.639787
0.634859
0.63029
0.626087
0.622252
0.61879
0.615705
0.612998
0.610673
0.608732
0.607176
0.606009
0.60523
0.60484
0.99379
0.981377
0.968982
0.956618
0.944296
0.93203
0.919831
0.907711
0.895683
0.883757
0.871947
0.860263
0.848717
0.837321
0.826086
0.815022
0.804142
0.793455
0.782972
0.772703
0.762659
0.75285
0.743285
0.733973
0.724924
0.716146
0.707649
0.699441
0.691529
0.683922
0.676627
0.669651
0.663001
0.656683
0.650705
0.645071
0.639787
0.634859
0.63029
0.626087
0.622252
0.61879
0.615704
0.612998
0.610673
0.608731
0.607176
0.606009
0.605229
0.60484
0.99379
0.981377
0.968982
0.956618
0.944296
0.93203
0.919831
0.907711
0.895683
0.883757
0.871947
0.860263
0.848717
0.837321
0.826086
0.815022
0.804142
0.793455
0.782972
0.772703
0.762659
0.75285
0.743285
0.733973
0.724924
0.716146
0.707649
0.699441
0.691529
0.683922
0.676627
0.669651
0.663001
0.656683
0.650705
0.645071
0.639787
0.634858
0.63029
0.626087
0.622252
0.61879
0.615704
0.612998
0.610672
0.608731
0.607176
0.606009
0.605229
0.60484
0.99379
0.981377
0.968982
0.956618
0.944296
0.93203
0.919831
0.907711
0.895683
0.883757
0.871947
0.860263
0.848717
0.837321
0.826086
0.815022
0.804142
0.793455
0.782972
0.772703
0.762659
0.75285
0.743285
0.733973
0.724924
0.716146
0.707649
0.699441
0.691529
0.683922
0.676627
0.669651
0.663001
0.656683
0.650705
0.645071
0.639787
0.634858
0.63029
0.626087
0.622252
0.61879
0.615704
0.612997
0.610672
0.608731
0.607176
0.606008
0.605229
0.60484
0.99379
0.981377
0.968982
0.956618
0.944296
0.93203
0.919831
0.907711
0.895683
0.883757
0.871947
0.860263
0.848717
0.837321
0.826086
0.815022
0.804142
0.793455
0.782972
0.772703
0.762659
0.75285
0.743285
0.733973
0.724924
0.716146
0.707649
0.699441
0.691529
0.683922
0.676627
0.669651
0.663001
0.656683
0.650705
0.645071
0.639787
0.634858
0.63029
0.626087
0.622252
0.61879
0.615704
0.612997
0.610672
0.608731
0.607176
0.606008
0.605229
0.60484
0.99379
0.981377
0.968982
0.956618
0.944296
0.93203
0.919831
0.907711
0.895683
0.883757
0.871947
0.860263
0.848717
0.837321
0.826086
0.815022
0.804142
0.793455
0.782972
0.772703
0.762659
0.75285
0.743285
0.733973
0.724924
0.716146
0.707649
0.699441
0.691529
0.683922
0.676627
0.669651
0.663001
0.656683
0.650705
0.645071
0.639787
0.634858
0.63029
0.626087
0.622252
0.61879
0.615704
0.612997
0.610672
0.608731
0.607176
0.606008
0.605229
0.604839
0.99379
0.981377
0.968982
0.956618
0.944296
0.93203
0.919831
0.907711
0.895683
0.883757
0.871947
0.860263
0.848717
0.837321
0.826086
0.815022
0.804142
0.793455
0.782972
0.772703
0.762659
0.75285
0.743285
0.733973
0.724924
0.716146
0.707649
0.699441
0.691529
0.683922
0.676627
0.669651
0.663001
0.656683
0.650705
0.64507
0.639787
0.634858
0.63029
0.626087
0.622252
0.61879
0.615704
0.612997
0.610672
0.608731
0.607176
0.606008
0.605229
0.604839
0.99379
0.981377
0.968982
0.956618
0.944296
0.93203
0.919831
0.907711
0.895683
0.883757
0.871947
0.860263
0.848717
0.837321
0.826086
0.815023
0.804142
0.793455
0.782972
0.772703
0.762659
0.75285
0.743285
0.733973
0.724924
0.716146
0.707649
0.699441
0.691529
0.683922
0.676627
0.669651
0.663001
0.656683
0.650704
0.64507
0.639787
0.634858
0.63029
0.626087
0.622252
0.61879
0.615704
0.612997
0.610672
0.608731
0.607176
0.606008
0.605229
0.604839
0.99379
0.981377
0.968982
0.956618
0.944296
0.93203
0.919831
0.907711
0.895683
0.883757
0.871947
0.860263
0.848717
0.837321
0.826086
0.815023
0.804142
0.793455
0.782972
0.772703
0.762659
0.75285
0.743285
0.733973
0.724924
0.716146
0.707649
0.699441
0.691529
0.683922
0.676627
0.669651
0.663001
0.656683
0.650704
0.64507
0.639787
0.634858
0.63029
0.626087
0.622252
0.61879
0.615704
0.612997
0.610672
0.608731
0.607176
0.606008
0.605229
0.604839
)
;

boundaryField
{
    inlet
    {
        type            fixedValue;
        value           uniform 1;
    }
    outlet
    {
        type            zeroGradient;
    }
    lowerWall
    {
        type            zeroGradient;
    }
    upperWall
    {
        type            zeroGradient;
    }
    frontAndBack
    {
        type            empty;
    }
}


// ************************************************************************* //
