/*--------------------------------*- C++ -*----------------------------------*\
  =========                 |
  \\      /  F ield         | OpenFOAM: The Open Source CFD Toolbox
   \\    /   O peration     | Website:  https://openfoam.org
    \\  /    A nd           | Version:  12
     \\/     M anipulation  |
\*---------------------------------------------------------------------------*/
FoamFile
{
    format      ascii;
    class       volScalarField;
    location    "76";
    object      T;
}
// * * * * * * * * * * * * * * * * * * * * * * * * * * * * * * * * * * * * * //

dimensions      [0 0 0 1 0 0 0];

internalField   nonuniform List<scalar> 
1250
(
0.996862
0.99059
0.984327
0.97808
0.971854
0.965656
0.959492
0.953368
0.94729
0.941263
0.935295
0.929391
0.923557
0.917798
0.91212
0.906529
0.90103
0.895629
0.890331
0.885141
0.880064
0.875106
0.870271
0.865565
0.860991
0.856554
0.852258
0.848109
0.844109
0.840264
0.836575
0.833049
0.829687
0.826493
0.82347
0.820621
0.817949
0.815458
0.813148
0.811022
0.809083
0.807333
0.805772
0.804403
0.803228
0.802246
0.80146
0.800869
0.800475
0.800278
0.996862
0.99059
0.984327
0.97808
0.971854
0.965656
0.959492
0.953368
0.94729
0.941263
0.935295
0.929391
0.923557
0.917798
0.91212
0.906529
0.90103
0.895629
0.890331
0.885141
0.880064
0.875106
0.870271
0.865565
0.860991
0.856554
0.852258
0.848109
0.844109
0.840264
0.836575
0.833049
0.829687
0.826493
0.82347
0.820621
0.817949
0.815458
0.813148
0.811022
0.809083
0.807333
0.805772
0.804403
0.803228
0.802246
0.80146
0.800869
0.800475
0.800278
0.996862
0.99059
0.984327
0.97808
0.971854
0.965656
0.959492
0.953368
0.94729
0.941263
0.935295
0.929391
0.923557
0.917798
0.91212
0.906529
0.90103
0.895629
0.890331
0.885141
0.880064
0.875106
0.870271
0.865565
0.860991
0.856554
0.852258
0.848109
0.844109
0.840264
0.836575
0.833049
0.829687
0.826493
0.82347
0.820621
0.817949
0.815458
0.813148
0.811022
0.809083
0.807333
0.805772
0.804403
0.803228
0.802246
0.80146
0.800869
0.800475
0.800278
0.996862
0.99059
0.984327
0.97808
0.971854
0.965656
0.959492
0.953368
0.94729
0.941263
0.935295
0.929391
0.923557
0.917798
0.91212
0.906529
0.90103
0.895629
0.890331
0.885141
0.880064
0.875106
0.870271
0.865565
0.860991
0.856554
0.852258
0.848109
0.844109
0.840264
0.836575
0.833049
0.829687
0.826493
0.82347
0.820621
0.817949
0.815457
0.813148
0.811022
0.809083
0.807333
0.805772
0.804403
0.803228
0.802246
0.80146
0.800869
0.800475
0.800278
0.996862
0.99059
0.984327
0.97808
0.971854
0.965656
0.959492
0.953368
0.94729
0.941263
0.935295
0.929391
0.923557
0.917798
0.91212
0.906529
0.90103
0.895629
0.890331
0.885141
0.880064
0.875106
0.870271
0.865565
0.860991
0.856554
0.852258
0.848109
0.844109
0.840264
0.836575
0.833049
0.829687
0.826492
0.82347
0.820621
0.817949
0.815457
0.813148
0.811022
0.809083
0.807333
0.805772
0.804403
0.803228
0.802246
0.801459
0.800869
0.800475
0.800278
0.996862
0.99059
0.984327
0.97808
0.971854
0.965656
0.959492
0.953368
0.94729
0.941263
0.935295
0.929391
0.923557
0.917798
0.91212
0.906529
0.90103
0.895629
0.890331
0.885141
0.880064
0.875106
0.870271
0.865565
0.860991
0.856554
0.852258
0.848109
0.844109
0.840264
0.836575
0.833049
0.829687
0.826492
0.82347
0.820621
0.817949
0.815457
0.813148
0.811022
0.809083
0.807333
0.805772
0.804403
0.803227
0.802246
0.801459
0.800869
0.800475
0.800278
0.996862
0.99059
0.984327
0.97808
0.971854
0.965656
0.959492
0.953368
0.94729
0.941263
0.935295
0.929391
0.923557
0.917798
0.91212
0.906529
0.90103
0.895629
0.890331
0.885141
0.880064
0.875106
0.870271
0.865565
0.860991
0.856554
0.852258
0.848109
0.844109
0.840264
0.836575
0.833049
0.829687
0.826492
0.82347
0.820621
0.817949
0.815457
0.813148
0.811022
0.809083
0.807332
0.805772
0.804403
0.803227
0.802246
0.801459
0.800869
0.800475
0.800278
0.996862
0.99059
0.984327
0.97808
0.971854
0.965656
0.959492
0.953368
0.94729
0.941263
0.935295
0.929391
0.923557
0.917798
0.91212
0.906529
0.90103
0.895629
0.890331
0.885141
0.880064
0.875106
0.870271
0.865565
0.860991
0.856554
0.852258
0.848109
0.844109
0.840264
0.836575
0.833049
0.829686
0.826492
0.82347
0.820621
0.817949
0.815457
0.813148
0.811022
0.809083
0.807332
0.805772
0.804403
0.803227
0.802246
0.801459
0.800869
0.800475
0.800278
0.996862
0.99059
0.984327
0.97808
0.971854
0.965656
0.959492
0.953368
0.94729
0.941263
0.935295
0.929391
0.923557
0.917798
0.91212
0.906529
0.90103
0.895629
0.890331
0.885141
0.880064
0.875106
0.870271
0.865565
0.860991
0.856554
0.852258
0.848109
0.844109
0.840264
0.836575
0.833049
0.829686
0.826492
0.82347
0.820621
0.817949
0.815457
0.813147
0.811022
0.809083
0.807332
0.805772
0.804403
0.803227
0.802246
0.801459
0.800869
0.800475
0.800278
0.996862
0.99059
0.984327
0.97808
0.971854
0.965656
0.959492
0.953368
0.94729
0.941263
0.935295
0.929391
0.923557
0.917798
0.91212
0.906529
0.90103
0.895629
0.890331
0.885141
0.880064
0.875106
0.870271
0.865565
0.860991
0.856554
0.852258
0.848109
0.844109
0.840264
0.836575
0.833049
0.829686
0.826492
0.82347
0.820621
0.817949
0.815457
0.813147
0.811022
0.809083
0.807332
0.805772
0.804403
0.803227
0.802246
0.801459
0.800869
0.800475
0.800278
0.996862
0.99059
0.984327
0.97808
0.971854
0.965656
0.959492
0.953368
0.94729
0.941263
0.935295
0.929391
0.923557
0.917798
0.91212
0.906529
0.90103
0.895629
0.890331
0.885141
0.880064
0.875106
0.870271
0.865565
0.860991
0.856554
0.852258
0.848109
0.844109
0.840264
0.836575
0.833049
0.829686
0.826492
0.82347
0.820621
0.817949
0.815457
0.813147
0.811022
0.809083
0.807332
0.805772
0.804403
0.803227
0.802246
0.801459
0.800869
0.800475
0.800278
0.996862
0.99059
0.984327
0.97808
0.971854
0.965656
0.959492
0.953368
0.94729
0.941263
0.935295
0.929391
0.923557
0.917798
0.91212
0.906529
0.90103
0.895629
0.890331
0.885141
0.880064
0.875106
0.870271
0.865565
0.860991
0.856554
0.852258
0.848109
0.844109
0.840264
0.836575
0.833049
0.829686
0.826492
0.823469
0.820621
0.817949
0.815457
0.813147
0.811022
0.809083
0.807332
0.805772
0.804403
0.803227
0.802246
0.801459
0.800869
0.800475
0.800277
0.996862
0.99059
0.984327
0.97808
0.971854
0.965656
0.959492
0.953368
0.94729
0.941264
0.935295
0.929391
0.923557
0.917798
0.91212
0.906529
0.90103
0.895629
0.890331
0.885141
0.880064
0.875106
0.870271
0.865565
0.860991
0.856554
0.852258
0.848109
0.844109
0.840263
0.836575
0.833048
0.829686
0.826492
0.823469
0.820621
0.817949
0.815457
0.813147
0.811022
0.809083
0.807332
0.805772
0.804403
0.803227
0.802245
0.801459
0.800868
0.800474
0.800277
0.996862
0.99059
0.984327
0.97808
0.971854
0.965656
0.959492
0.953368
0.94729
0.941264
0.935295
0.929391
0.923557
0.917798
0.91212
0.906529
0.90103
0.895629
0.890331
0.885141
0.880064
0.875106
0.870271
0.865565
0.860991
0.856554
0.852258
0.848109
0.844109
0.840263
0.836575
0.833048
0.829686
0.826492
0.823469
0.820621
0.817949
0.815457
0.813147
0.811022
0.809083
0.807332
0.805772
0.804403
0.803227
0.802245
0.801459
0.800868
0.800474
0.800277
0.996862
0.99059
0.984327
0.97808
0.971854
0.965656
0.959492
0.953368
0.94729
0.941264
0.935295
0.929391
0.923557
0.917798
0.91212
0.906529
0.90103
0.895629
0.890331
0.885141
0.880064
0.875106
0.870271
0.865565
0.860991
0.856554
0.852258
0.848109
0.844109
0.840263
0.836575
0.833048
0.829686
0.826492
0.823469
0.820621
0.817949
0.815457
0.813147
0.811022
0.809083
0.807332
0.805772
0.804403
0.803227
0.802245
0.801459
0.800868
0.800474
0.800277
0.996862
0.99059
0.984327
0.97808
0.971854
0.965656
0.959492
0.953368
0.94729
0.941264
0.935295
0.929391
0.923557
0.917798
0.91212
0.906529
0.90103
0.895629
0.890331
0.885141
0.880064
0.875106
0.870271
0.865565
0.860991
0.856554
0.852258
0.848109
0.844109
0.840263
0.836575
0.833048
0.829686
0.826492
0.823469
0.820621
0.817949
0.815457
0.813147
0.811022
0.809083
0.807332
0.805771
0.804403
0.803227
0.802245
0.801459
0.800868
0.800474
0.800277
0.996862
0.99059
0.984327
0.97808
0.971854
0.965656
0.959492
0.953368
0.94729
0.941264
0.935295
0.929391
0.923557
0.917798
0.91212
0.906529
0.90103
0.895629
0.890331
0.885141
0.880064
0.875106
0.870271
0.865565
0.860991
0.856554
0.852258
0.848109
0.844109
0.840263
0.836575
0.833048
0.829686
0.826492
0.823469
0.820621
0.817949
0.815457
0.813147
0.811022
0.809083
0.807332
0.805771
0.804403
0.803227
0.802245
0.801459
0.800868
0.800474
0.800277
0.996862
0.99059
0.984327
0.97808
0.971854
0.965656
0.959492
0.953368
0.94729
0.941264
0.935295
0.929391
0.923557
0.917798
0.91212
0.906529
0.90103
0.895629
0.890331
0.885141
0.880064
0.875106
0.870271
0.865565
0.860991
0.856554
0.852258
0.848109
0.844109
0.840263
0.836575
0.833048
0.829686
0.826492
0.823469
0.820621
0.817949
0.815457
0.813147
0.811021
0.809082
0.807332
0.805771
0.804403
0.803227
0.802245
0.801459
0.800868
0.800474
0.800277
0.996862
0.99059
0.984327
0.97808
0.971854
0.965656
0.959492
0.953368
0.94729
0.941264
0.935295
0.929391
0.923557
0.917798
0.91212
0.906529
0.90103
0.895629
0.890331
0.885141
0.880064
0.875106
0.870271
0.865565
0.860991
0.856554
0.852258
0.848109
0.844109
0.840263
0.836575
0.833048
0.829686
0.826492
0.823469
0.820621
0.817949
0.815457
0.813147
0.811021
0.809082
0.807332
0.805771
0.804403
0.803227
0.802245
0.801459
0.800868
0.800474
0.800277
0.996862
0.99059
0.984327
0.97808
0.971854
0.965656
0.959492
0.953368
0.94729
0.941264
0.935295
0.929391
0.923557
0.917798
0.91212
0.906529
0.90103
0.895629
0.890331
0.885141
0.880064
0.875106
0.870271
0.865565
0.860991
0.856554
0.852258
0.848109
0.844109
0.840263
0.836575
0.833048
0.829686
0.826492
0.823469
0.820621
0.817949
0.815457
0.813147
0.811021
0.809082
0.807332
0.805771
0.804402
0.803227
0.802245
0.801459
0.800868
0.800474
0.800277
0.996862
0.99059
0.984327
0.97808
0.971854
0.965656
0.959492
0.953368
0.94729
0.941264
0.935296
0.929391
0.923557
0.917798
0.91212
0.906529
0.90103
0.895629
0.890331
0.885141
0.880064
0.875106
0.870271
0.865565
0.860991
0.856554
0.852258
0.848109
0.844109
0.840263
0.836575
0.833048
0.829686
0.826492
0.823469
0.82062
0.817949
0.815457
0.813147
0.811021
0.809082
0.807332
0.805771
0.804402
0.803227
0.802245
0.801459
0.800868
0.800474
0.800277
0.996862
0.99059
0.984327
0.97808
0.971854
0.965656
0.959492
0.953368
0.94729
0.941264
0.935296
0.929391
0.923557
0.917798
0.91212
0.906529
0.90103
0.895629
0.890331
0.885141
0.880064
0.875106
0.870271
0.865565
0.860991
0.856554
0.852258
0.848109
0.844109
0.840263
0.836575
0.833048
0.829686
0.826492
0.823469
0.82062
0.817949
0.815457
0.813147
0.811021
0.809082
0.807332
0.805771
0.804402
0.803227
0.802245
0.801459
0.800868
0.800474
0.800277
0.996862
0.99059
0.984327
0.97808
0.971854
0.965656
0.959492
0.953368
0.94729
0.941264
0.935296
0.929391
0.923557
0.917798
0.91212
0.906529
0.90103
0.895629
0.890331
0.885141
0.880064
0.875106
0.870271
0.865565
0.860991
0.856554
0.852258
0.848109
0.844109
0.840263
0.836575
0.833048
0.829686
0.826492
0.823469
0.82062
0.817949
0.815457
0.813147
0.811021
0.809082
0.807332
0.805771
0.804402
0.803227
0.802245
0.801459
0.800868
0.800474
0.800277
0.996862
0.99059
0.984327
0.97808
0.971854
0.965656
0.959492
0.953368
0.94729
0.941264
0.935296
0.929391
0.923557
0.917798
0.91212
0.906529
0.90103
0.895629
0.890331
0.885141
0.880064
0.875106
0.870271
0.865565
0.860991
0.856554
0.852258
0.848109
0.844109
0.840263
0.836575
0.833048
0.829686
0.826492
0.823469
0.82062
0.817949
0.815457
0.813147
0.811021
0.809082
0.807332
0.805771
0.804402
0.803227
0.802245
0.801459
0.800868
0.800474
0.800277
0.996862
0.99059
0.984327
0.97808
0.971854
0.965656
0.959492
0.953368
0.94729
0.941264
0.935296
0.929391
0.923557
0.917798
0.91212
0.906529
0.90103
0.895629
0.890331
0.885141
0.880064
0.875106
0.870272
0.865565
0.860991
0.856554
0.852258
0.848109
0.844109
0.840263
0.836575
0.833048
0.829686
0.826492
0.823469
0.82062
0.817949
0.815457
0.813147
0.811021
0.809082
0.807332
0.805771
0.804402
0.803227
0.802245
0.801459
0.800868
0.800474
0.800277
)
;

boundaryField
{
    inlet
    {
        type            fixedValue;
        value           uniform 1;
    }
    outlet
    {
        type            zeroGradient;
    }
    lowerWall
    {
        type            zeroGradient;
    }
    upperWall
    {
        type            zeroGradient;
    }
    frontAndBack
    {
        type            empty;
    }
}


// ************************************************************************* //
