/*--------------------------------*- C++ -*----------------------------------*\
  =========                 |
  \\      /  F ield         | OpenFOAM: The Open Source CFD Toolbox
   \\    /   O peration     | Website:  https://openfoam.org
    \\  /    A nd           | Version:  12
     \\/     M anipulation  |
\*---------------------------------------------------------------------------*/
FoamFile
{
    format      ascii;
    class       volScalarField;
    location    "82";
    object      T;
}
// * * * * * * * * * * * * * * * * * * * * * * * * * * * * * * * * * * * * * //

dimensions      [0 0 0 1 0 0 0];

internalField   nonuniform List<scalar> 
1250
(
0.997289
0.99187
0.986459
0.981062
0.975683
0.970328
0.965003
0.959712
0.954461
0.949254
0.944098
0.938997
0.933957
0.928981
0.924076
0.919245
0.914494
0.909828
0.905251
0.900767
0.896381
0.892098
0.887921
0.883854
0.879902
0.876069
0.872358
0.868773
0.865318
0.861995
0.858809
0.855762
0.852857
0.850097
0.847486
0.845025
0.842717
0.840564
0.838568
0.836732
0.835057
0.833544
0.832196
0.831013
0.829998
0.82915
0.82847
0.82796
0.827619
0.827449
0.997289
0.99187
0.986459
0.981062
0.975683
0.970328
0.965003
0.959712
0.954461
0.949254
0.944098
0.938997
0.933957
0.928981
0.924076
0.919245
0.914494
0.909828
0.905251
0.900767
0.896381
0.892098
0.887921
0.883854
0.879902
0.876069
0.872358
0.868773
0.865318
0.861995
0.858809
0.855762
0.852857
0.850097
0.847486
0.845025
0.842717
0.840564
0.838568
0.836732
0.835057
0.833544
0.832196
0.831013
0.829998
0.829149
0.82847
0.82796
0.827619
0.827449
0.997289
0.99187
0.986459
0.981062
0.975683
0.970328
0.965003
0.959712
0.954461
0.949254
0.944098
0.938997
0.933957
0.928981
0.924076
0.919245
0.914494
0.909828
0.905251
0.900767
0.896381
0.892098
0.887921
0.883854
0.879902
0.876069
0.872358
0.868773
0.865318
0.861995
0.858809
0.855762
0.852857
0.850097
0.847486
0.845025
0.842717
0.840564
0.838568
0.836732
0.835057
0.833544
0.832196
0.831013
0.829998
0.829149
0.82847
0.82796
0.827619
0.827449
0.997289
0.99187
0.986459
0.981062
0.975683
0.970328
0.965003
0.959712
0.954461
0.949254
0.944098
0.938997
0.933957
0.928981
0.924076
0.919245
0.914494
0.909828
0.905251
0.900767
0.896381
0.892098
0.88792
0.883854
0.879902
0.876069
0.872358
0.868773
0.865318
0.861995
0.858809
0.855762
0.852857
0.850097
0.847486
0.845025
0.842717
0.840564
0.838568
0.836732
0.835057
0.833544
0.832196
0.831013
0.829998
0.829149
0.82847
0.82796
0.827619
0.827449
0.997289
0.99187
0.986459
0.981062
0.975683
0.970328
0.965003
0.959712
0.954461
0.949254
0.944098
0.938997
0.933957
0.928981
0.924076
0.919245
0.914494
0.909828
0.905251
0.900767
0.896381
0.892098
0.88792
0.883854
0.879902
0.876069
0.872358
0.868773
0.865318
0.861995
0.858809
0.855762
0.852857
0.850097
0.847486
0.845025
0.842717
0.840564
0.838568
0.836732
0.835056
0.833544
0.832196
0.831013
0.829997
0.829149
0.82847
0.82796
0.827619
0.827449
0.997289
0.99187
0.986459
0.981062
0.975683
0.970328
0.965003
0.959712
0.954461
0.949254
0.944098
0.938997
0.933957
0.928981
0.924076
0.919245
0.914494
0.909828
0.905251
0.900767
0.896381
0.892098
0.88792
0.883854
0.879902
0.876069
0.872358
0.868773
0.865318
0.861995
0.858809
0.855762
0.852857
0.850097
0.847486
0.845025
0.842717
0.840564
0.838568
0.836732
0.835056
0.833544
0.832196
0.831013
0.829997
0.829149
0.82847
0.82796
0.827619
0.827449
0.997289
0.99187
0.986459
0.981062
0.975683
0.970328
0.965003
0.959712
0.954461
0.949254
0.944098
0.938997
0.933957
0.928981
0.924076
0.919245
0.914494
0.909828
0.905251
0.900767
0.896381
0.892098
0.88792
0.883854
0.879902
0.876069
0.872358
0.868773
0.865318
0.861995
0.858809
0.855762
0.852857
0.850097
0.847486
0.845025
0.842717
0.840564
0.838568
0.836732
0.835056
0.833544
0.832196
0.831013
0.829997
0.829149
0.82847
0.82796
0.827619
0.827449
0.997289
0.99187
0.986459
0.981062
0.975683
0.970328
0.965003
0.959712
0.954461
0.949254
0.944098
0.938997
0.933957
0.928981
0.924076
0.919245
0.914494
0.909828
0.905251
0.900767
0.896381
0.892098
0.88792
0.883854
0.879902
0.876069
0.872358
0.868773
0.865318
0.861995
0.858809
0.855762
0.852857
0.850097
0.847486
0.845025
0.842717
0.840564
0.838568
0.836732
0.835056
0.833544
0.832196
0.831013
0.829997
0.829149
0.82847
0.82796
0.827619
0.827449
0.997289
0.99187
0.986459
0.981062
0.975683
0.970328
0.965003
0.959712
0.954461
0.949254
0.944098
0.938997
0.933957
0.928981
0.924076
0.919245
0.914494
0.909828
0.905251
0.900767
0.896381
0.892098
0.88792
0.883854
0.879902
0.876069
0.872358
0.868773
0.865318
0.861995
0.858809
0.855762
0.852857
0.850097
0.847486
0.845025
0.842716
0.840564
0.838568
0.836732
0.835056
0.833544
0.832196
0.831013
0.829997
0.829149
0.82847
0.82796
0.827619
0.827449
0.997289
0.99187
0.986459
0.981062
0.975683
0.970328
0.965003
0.959712
0.954461
0.949254
0.944098
0.938997
0.933957
0.928981
0.924076
0.919245
0.914494
0.909828
0.905251
0.900767
0.896381
0.892098
0.88792
0.883854
0.879902
0.876069
0.872358
0.868773
0.865318
0.861995
0.858809
0.855762
0.852857
0.850097
0.847486
0.845025
0.842716
0.840563
0.838568
0.836732
0.835056
0.833544
0.832196
0.831013
0.829997
0.829149
0.82847
0.82796
0.827619
0.827449
0.997289
0.99187
0.986459
0.981062
0.975683
0.970328
0.965003
0.959712
0.954461
0.949254
0.944098
0.938997
0.933957
0.928981
0.924076
0.919245
0.914494
0.909828
0.905251
0.900767
0.896381
0.892098
0.88792
0.883854
0.879902
0.876069
0.872358
0.868773
0.865318
0.861995
0.858809
0.855762
0.852857
0.850097
0.847486
0.845025
0.842716
0.840563
0.838568
0.836731
0.835056
0.833544
0.832196
0.831013
0.829997
0.829149
0.82847
0.82796
0.827619
0.827449
0.997289
0.99187
0.986459
0.981062
0.975683
0.970328
0.965003
0.959712
0.954461
0.949254
0.944098
0.938997
0.933957
0.928981
0.924076
0.919245
0.914494
0.909828
0.905251
0.900767
0.896381
0.892098
0.88792
0.883854
0.879902
0.876069
0.872358
0.868773
0.865318
0.861995
0.858809
0.855762
0.852857
0.850097
0.847486
0.845025
0.842716
0.840563
0.838568
0.836731
0.835056
0.833544
0.832196
0.831013
0.829997
0.829149
0.82847
0.827959
0.827619
0.827449
0.997289
0.99187
0.986459
0.981062
0.975683
0.970328
0.965003
0.959712
0.954461
0.949254
0.944098
0.938997
0.933957
0.928981
0.924076
0.919245
0.914494
0.909828
0.905251
0.900767
0.896381
0.892098
0.88792
0.883854
0.879902
0.876069
0.872358
0.868773
0.865318
0.861995
0.858809
0.855762
0.852857
0.850097
0.847486
0.845025
0.842716
0.840563
0.838568
0.836731
0.835056
0.833544
0.832196
0.831013
0.829997
0.829149
0.82847
0.827959
0.827619
0.827449
0.997289
0.99187
0.986459
0.981062
0.975683
0.970328
0.965003
0.959712
0.954461
0.949254
0.944098
0.938997
0.933957
0.928981
0.924076
0.919245
0.914494
0.909828
0.905251
0.900767
0.896381
0.892098
0.88792
0.883854
0.879902
0.876069
0.872358
0.868773
0.865318
0.861995
0.858809
0.855761
0.852857
0.850097
0.847486
0.845024
0.842716
0.840563
0.838568
0.836731
0.835056
0.833544
0.832195
0.831013
0.829997
0.829149
0.82847
0.827959
0.827619
0.827449
0.997289
0.99187
0.986459
0.981062
0.975683
0.970328
0.965003
0.959712
0.954461
0.949254
0.944098
0.938997
0.933957
0.928981
0.924076
0.919245
0.914494
0.909828
0.905251
0.900767
0.896381
0.892098
0.88792
0.883854
0.879902
0.876069
0.872358
0.868773
0.865318
0.861995
0.858809
0.855761
0.852857
0.850097
0.847486
0.845024
0.842716
0.840563
0.838568
0.836731
0.835056
0.833544
0.832195
0.831013
0.829997
0.829149
0.828469
0.827959
0.827619
0.827449
0.997289
0.99187
0.986459
0.981062
0.975683
0.970328
0.965003
0.959712
0.954461
0.949254
0.944098
0.938997
0.933957
0.928981
0.924076
0.919245
0.914494
0.909828
0.905251
0.900767
0.896381
0.892098
0.88792
0.883854
0.879902
0.876069
0.872358
0.868773
0.865318
0.861995
0.858809
0.855761
0.852857
0.850097
0.847486
0.845024
0.842716
0.840563
0.838568
0.836731
0.835056
0.833544
0.832195
0.831013
0.829997
0.829149
0.828469
0.827959
0.827619
0.827449
0.997289
0.99187
0.986459
0.981062
0.975683
0.970328
0.965003
0.959712
0.954461
0.949254
0.944098
0.938997
0.933957
0.928981
0.924076
0.919245
0.914494
0.909828
0.905251
0.900767
0.896381
0.892098
0.88792
0.883854
0.879902
0.876069
0.872358
0.868773
0.865317
0.861995
0.858808
0.855761
0.852857
0.850097
0.847485
0.845024
0.842716
0.840563
0.838568
0.836731
0.835056
0.833544
0.832195
0.831013
0.829997
0.829149
0.828469
0.827959
0.827619
0.827448
0.997289
0.99187
0.986459
0.981062
0.975683
0.970328
0.965003
0.959712
0.954461
0.949254
0.944098
0.938997
0.933957
0.928981
0.924076
0.919245
0.914494
0.909828
0.905251
0.900767
0.896381
0.892098
0.887921
0.883854
0.879902
0.876069
0.872358
0.868773
0.865317
0.861995
0.858808
0.855761
0.852857
0.850097
0.847485
0.845024
0.842716
0.840563
0.838568
0.836731
0.835056
0.833543
0.832195
0.831013
0.829997
0.829149
0.828469
0.827959
0.827619
0.827448
0.997289
0.99187
0.986459
0.981062
0.975683
0.970328
0.965003
0.959712
0.954461
0.949254
0.944098
0.938997
0.933957
0.928981
0.924076
0.919245
0.914494
0.909828
0.905251
0.900767
0.896381
0.892098
0.887921
0.883854
0.879902
0.876069
0.872358
0.868773
0.865317
0.861995
0.858808
0.855761
0.852857
0.850097
0.847485
0.845024
0.842716
0.840563
0.838567
0.836731
0.835056
0.833543
0.832195
0.831013
0.829997
0.829149
0.828469
0.827959
0.827619
0.827448
0.997289
0.99187
0.986459
0.981062
0.975683
0.970328
0.965003
0.959712
0.954461
0.949254
0.944098
0.938997
0.933957
0.928981
0.924076
0.919245
0.914494
0.909828
0.905251
0.900767
0.896381
0.892098
0.887921
0.883854
0.879902
0.876069
0.872358
0.868773
0.865317
0.861995
0.858808
0.855761
0.852857
0.850097
0.847485
0.845024
0.842716
0.840563
0.838567
0.836731
0.835056
0.833543
0.832195
0.831013
0.829997
0.829149
0.828469
0.827959
0.827619
0.827448
0.997289
0.99187
0.986459
0.981062
0.975683
0.970328
0.965003
0.959712
0.954461
0.949254
0.944098
0.938997
0.933957
0.928981
0.924076
0.919245
0.914494
0.909828
0.905251
0.900767
0.896381
0.892098
0.887921
0.883854
0.879902
0.876069
0.872358
0.868773
0.865317
0.861995
0.858808
0.855761
0.852857
0.850097
0.847485
0.845024
0.842716
0.840563
0.838567
0.836731
0.835056
0.833543
0.832195
0.831013
0.829997
0.829149
0.828469
0.827959
0.827619
0.827448
0.997289
0.99187
0.986459
0.981062
0.975683
0.970328
0.965003
0.959712
0.954461
0.949254
0.944098
0.938997
0.933957
0.928981
0.924076
0.919245
0.914494
0.909828
0.905251
0.900767
0.896381
0.892098
0.887921
0.883854
0.879902
0.876069
0.872358
0.868773
0.865317
0.861995
0.858808
0.855761
0.852857
0.850097
0.847485
0.845024
0.842716
0.840563
0.838567
0.836731
0.835056
0.833543
0.832195
0.831013
0.829997
0.829149
0.828469
0.827959
0.827619
0.827448
0.997289
0.99187
0.986459
0.981062
0.975683
0.970328
0.965003
0.959712
0.954461
0.949254
0.944098
0.938997
0.933957
0.928981
0.924076
0.919245
0.914495
0.909828
0.905251
0.900767
0.896381
0.892098
0.887921
0.883854
0.879902
0.876069
0.872358
0.868773
0.865317
0.861995
0.858808
0.855761
0.852857
0.850097
0.847485
0.845024
0.842716
0.840563
0.838567
0.836731
0.835056
0.833543
0.832195
0.831013
0.829997
0.829149
0.828469
0.827959
0.827619
0.827448
0.997289
0.99187
0.986459
0.981062
0.975683
0.970328
0.965003
0.959712
0.954461
0.949254
0.944098
0.938997
0.933957
0.928981
0.924076
0.919245
0.914495
0.909828
0.905251
0.900767
0.896381
0.892098
0.887921
0.883854
0.879902
0.876069
0.872358
0.868773
0.865317
0.861995
0.858808
0.855761
0.852857
0.850097
0.847485
0.845024
0.842716
0.840563
0.838567
0.836731
0.835056
0.833543
0.832195
0.831013
0.829997
0.829149
0.828469
0.827959
0.827619
0.827448
0.997289
0.99187
0.986459
0.981062
0.975683
0.970328
0.965003
0.959712
0.954461
0.949254
0.944098
0.938997
0.933957
0.928981
0.924076
0.919245
0.914495
0.909828
0.905251
0.900767
0.896381
0.892098
0.887921
0.883854
0.879902
0.876069
0.872358
0.868773
0.865317
0.861995
0.858808
0.855761
0.852857
0.850097
0.847485
0.845024
0.842716
0.840563
0.838567
0.836731
0.835056
0.833543
0.832195
0.831013
0.829997
0.829149
0.828469
0.827959
0.827619
0.827448
)
;

boundaryField
{
    inlet
    {
        type            fixedValue;
        value           uniform 1;
    }
    outlet
    {
        type            zeroGradient;
    }
    lowerWall
    {
        type            zeroGradient;
    }
    upperWall
    {
        type            zeroGradient;
    }
    frontAndBack
    {
        type            empty;
    }
}


// ************************************************************************* //
