/*--------------------------------*- C++ -*----------------------------------*\
  =========                 |
  \\      /  F ield         | OpenFOAM: The Open Source CFD Toolbox
   \\    /   O peration     | Website:  https://openfoam.org
    \\  /    A nd           | Version:  12
     \\/     M anipulation  |
\*---------------------------------------------------------------------------*/
FoamFile
{
    format      ascii;
    class       volScalarField;
    location    "64";
    object      T;
}
// * * * * * * * * * * * * * * * * * * * * * * * * * * * * * * * * * * * * * //

dimensions      [0 0 0 1 0 0 0];

internalField   nonuniform List<scalar> 
1250
(
0.995796
0.987393
0.979002
0.970632
0.962291
0.953988
0.945729
0.937524
0.929381
0.921308
0.913312
0.905402
0.897586
0.88987
0.882263
0.874772
0.867405
0.860169
0.853071
0.846118
0.839317
0.832675
0.826198
0.819892
0.813764
0.80782
0.802065
0.796506
0.791148
0.785995
0.781054
0.77633
0.771825
0.767546
0.763497
0.75968
0.756101
0.752763
0.749668
0.746821
0.744223
0.741878
0.739787
0.737953
0.736378
0.735063
0.73401
0.733219
0.732691
0.732427
0.995796
0.987393
0.979002
0.970632
0.962291
0.953988
0.945729
0.937524
0.929381
0.921308
0.913312
0.905402
0.897585
0.88987
0.882263
0.874772
0.867405
0.860169
0.853071
0.846118
0.839317
0.832675
0.826197
0.819892
0.813764
0.80782
0.802065
0.796506
0.791148
0.785995
0.781054
0.77633
0.771825
0.767546
0.763497
0.75968
0.756101
0.752763
0.749668
0.746821
0.744223
0.741878
0.739787
0.737953
0.736378
0.735063
0.73401
0.733219
0.732691
0.732427
0.995796
0.987393
0.979002
0.970632
0.962291
0.953988
0.945729
0.937524
0.929381
0.921308
0.913312
0.905402
0.897585
0.88987
0.882263
0.874772
0.867405
0.860169
0.853071
0.846118
0.839317
0.832675
0.826197
0.819892
0.813764
0.80782
0.802065
0.796506
0.791148
0.785995
0.781054
0.77633
0.771825
0.767546
0.763497
0.75968
0.756101
0.752763
0.749668
0.746821
0.744223
0.741878
0.739787
0.737953
0.736378
0.735063
0.73401
0.733219
0.732691
0.732427
0.995796
0.987393
0.979002
0.970632
0.962291
0.953988
0.945729
0.937524
0.929381
0.921308
0.913312
0.905402
0.897585
0.88987
0.882263
0.874772
0.867405
0.860169
0.853071
0.846118
0.839317
0.832675
0.826197
0.819892
0.813764
0.80782
0.802065
0.796506
0.791148
0.785995
0.781054
0.77633
0.771825
0.767546
0.763497
0.75968
0.756101
0.752763
0.749668
0.746821
0.744223
0.741878
0.739787
0.737953
0.736378
0.735063
0.73401
0.733219
0.732691
0.732427
0.995796
0.987393
0.979002
0.970632
0.962291
0.953988
0.945729
0.937524
0.929381
0.921308
0.913312
0.905402
0.897585
0.88987
0.882263
0.874772
0.867405
0.860169
0.853071
0.846118
0.839317
0.832675
0.826197
0.819892
0.813764
0.80782
0.802065
0.796506
0.791148
0.785995
0.781054
0.77633
0.771825
0.767546
0.763497
0.75968
0.756101
0.752763
0.749668
0.746821
0.744223
0.741878
0.739787
0.737953
0.736378
0.735063
0.73401
0.733218
0.732691
0.732427
0.995796
0.987393
0.979002
0.970632
0.962291
0.953988
0.945729
0.937524
0.929381
0.921308
0.913312
0.905402
0.897585
0.88987
0.882263
0.874772
0.867405
0.860169
0.853071
0.846118
0.839317
0.832675
0.826197
0.819892
0.813764
0.80782
0.802065
0.796506
0.791148
0.785995
0.781054
0.77633
0.771825
0.767546
0.763497
0.75968
0.756101
0.752763
0.749668
0.746821
0.744223
0.741878
0.739787
0.737953
0.736378
0.735063
0.73401
0.733218
0.732691
0.732427
0.995796
0.987393
0.979002
0.970632
0.962291
0.953988
0.945729
0.937524
0.929381
0.921308
0.913312
0.905402
0.897585
0.88987
0.882263
0.874772
0.867405
0.860169
0.853071
0.846118
0.839317
0.832675
0.826197
0.819892
0.813764
0.80782
0.802065
0.796506
0.791148
0.785995
0.781054
0.776329
0.771825
0.767546
0.763497
0.75968
0.756101
0.752763
0.749668
0.746821
0.744223
0.741878
0.739787
0.737953
0.736378
0.735063
0.734009
0.733218
0.732691
0.732426
0.995796
0.987393
0.979002
0.970632
0.962291
0.953988
0.945729
0.937524
0.929381
0.921308
0.913312
0.905402
0.897585
0.88987
0.882263
0.874772
0.867405
0.860169
0.853071
0.846118
0.839317
0.832675
0.826197
0.819892
0.813764
0.80782
0.802065
0.796506
0.791148
0.785995
0.781054
0.776329
0.771825
0.767546
0.763496
0.75968
0.756101
0.752762
0.749668
0.74682
0.744223
0.741878
0.739787
0.737953
0.736378
0.735063
0.734009
0.733218
0.73269
0.732426
0.995796
0.987393
0.979002
0.970632
0.962291
0.953988
0.945729
0.937524
0.929381
0.921308
0.913312
0.905402
0.897585
0.88987
0.882263
0.874772
0.867405
0.860169
0.853071
0.846118
0.839317
0.832675
0.826197
0.819892
0.813764
0.80782
0.802065
0.796506
0.791148
0.785995
0.781054
0.776329
0.771825
0.767546
0.763496
0.75968
0.756101
0.752762
0.749668
0.74682
0.744223
0.741877
0.739787
0.737953
0.736378
0.735063
0.734009
0.733218
0.73269
0.732426
0.995796
0.987393
0.979002
0.970632
0.962291
0.953988
0.945729
0.937524
0.929381
0.921308
0.913312
0.905402
0.897585
0.88987
0.882263
0.874772
0.867405
0.860169
0.853071
0.846118
0.839317
0.832675
0.826197
0.819892
0.813764
0.80782
0.802065
0.796506
0.791148
0.785995
0.781054
0.776329
0.771825
0.767546
0.763496
0.75968
0.756101
0.752762
0.749668
0.74682
0.744223
0.741877
0.739787
0.737953
0.736378
0.735063
0.734009
0.733218
0.73269
0.732426
0.995796
0.987393
0.979002
0.970632
0.962291
0.953988
0.945729
0.937524
0.929381
0.921308
0.913312
0.905402
0.897586
0.88987
0.882263
0.874772
0.867405
0.860169
0.853071
0.846118
0.839317
0.832675
0.826197
0.819892
0.813764
0.80782
0.802065
0.796506
0.791148
0.785995
0.781054
0.776329
0.771825
0.767546
0.763496
0.75968
0.756101
0.752762
0.749668
0.74682
0.744223
0.741877
0.739787
0.737953
0.736378
0.735063
0.734009
0.733218
0.73269
0.732426
0.995796
0.987393
0.979002
0.970632
0.962291
0.953988
0.945729
0.937524
0.929381
0.921308
0.913312
0.905402
0.897586
0.88987
0.882263
0.874772
0.867405
0.860169
0.853071
0.846118
0.839317
0.832675
0.826197
0.819892
0.813764
0.80782
0.802065
0.796506
0.791148
0.785995
0.781054
0.776329
0.771825
0.767546
0.763496
0.75968
0.756101
0.752762
0.749668
0.74682
0.744223
0.741877
0.739787
0.737953
0.736378
0.735063
0.734009
0.733218
0.73269
0.732426
0.995796
0.987393
0.979002
0.970632
0.962291
0.953988
0.945729
0.937524
0.929381
0.921308
0.913312
0.905402
0.897586
0.88987
0.882263
0.874772
0.867405
0.860169
0.853071
0.846118
0.839317
0.832675
0.826197
0.819892
0.813764
0.80782
0.802065
0.796506
0.791148
0.785995
0.781054
0.776329
0.771825
0.767546
0.763496
0.75968
0.756101
0.752762
0.749668
0.74682
0.744222
0.741877
0.739787
0.737953
0.736378
0.735063
0.734009
0.733218
0.73269
0.732426
0.995796
0.987393
0.979002
0.970632
0.962291
0.953988
0.945729
0.937524
0.929381
0.921308
0.913312
0.905402
0.897586
0.88987
0.882263
0.874772
0.867405
0.860169
0.853071
0.846118
0.839317
0.832675
0.826197
0.819892
0.813764
0.80782
0.802065
0.796506
0.791148
0.785995
0.781054
0.776329
0.771825
0.767546
0.763496
0.75968
0.756101
0.752762
0.749668
0.74682
0.744222
0.741877
0.739786
0.737953
0.736378
0.735062
0.734009
0.733218
0.73269
0.732426
0.995796
0.987393
0.979002
0.970632
0.962291
0.953988
0.945729
0.937524
0.929381
0.921308
0.913312
0.905402
0.897586
0.88987
0.882263
0.874772
0.867406
0.860169
0.853071
0.846118
0.839317
0.832675
0.826197
0.819892
0.813764
0.80782
0.802065
0.796506
0.791148
0.785995
0.781054
0.776329
0.771825
0.767546
0.763496
0.75968
0.756101
0.752762
0.749667
0.74682
0.744222
0.741877
0.739786
0.737953
0.736377
0.735062
0.734009
0.733218
0.73269
0.732426
0.995796
0.987393
0.979002
0.970632
0.962291
0.953988
0.945729
0.937524
0.929381
0.921308
0.913312
0.905402
0.897586
0.88987
0.882263
0.874773
0.867406
0.860169
0.853071
0.846118
0.839317
0.832675
0.826197
0.819892
0.813764
0.80782
0.802065
0.796506
0.791148
0.785995
0.781054
0.776329
0.771825
0.767546
0.763496
0.75968
0.756101
0.752762
0.749667
0.74682
0.744222
0.741877
0.739786
0.737953
0.736377
0.735062
0.734009
0.733218
0.73269
0.732426
0.995796
0.987393
0.979002
0.970632
0.962291
0.953988
0.945729
0.937524
0.929381
0.921308
0.913312
0.905402
0.897586
0.88987
0.882263
0.874773
0.867406
0.860169
0.853071
0.846118
0.839317
0.832675
0.826197
0.819892
0.813764
0.80782
0.802065
0.796506
0.791147
0.785995
0.781054
0.776329
0.771825
0.767546
0.763496
0.75968
0.7561
0.752762
0.749667
0.74682
0.744222
0.741877
0.739786
0.737952
0.736377
0.735062
0.734009
0.733218
0.73269
0.732426
0.995796
0.987393
0.979002
0.970632
0.962291
0.953988
0.945729
0.937524
0.929381
0.921308
0.913312
0.905402
0.897586
0.88987
0.882263
0.874773
0.867406
0.860169
0.853071
0.846118
0.839317
0.832675
0.826198
0.819892
0.813764
0.80782
0.802065
0.796506
0.791147
0.785995
0.781054
0.776329
0.771825
0.767546
0.763496
0.75968
0.7561
0.752762
0.749667
0.74682
0.744222
0.741877
0.739786
0.737952
0.736377
0.735062
0.734009
0.733217
0.73269
0.732426
0.995796
0.987393
0.979002
0.970632
0.962291
0.953988
0.945729
0.937524
0.929381
0.921308
0.913312
0.905402
0.897586
0.88987
0.882263
0.874773
0.867406
0.860169
0.853071
0.846118
0.839317
0.832675
0.826198
0.819892
0.813764
0.80782
0.802065
0.796506
0.791147
0.785995
0.781054
0.776329
0.771825
0.767546
0.763496
0.75968
0.7561
0.752762
0.749667
0.74682
0.744222
0.741877
0.739786
0.737952
0.736377
0.735062
0.734009
0.733217
0.73269
0.732426
0.995796
0.987393
0.979002
0.970632
0.962291
0.953988
0.945729
0.937525
0.929381
0.921308
0.913312
0.905402
0.897586
0.88987
0.882263
0.874773
0.867406
0.860169
0.853071
0.846118
0.839317
0.832675
0.826198
0.819892
0.813764
0.80782
0.802065
0.796506
0.791147
0.785995
0.781054
0.776329
0.771825
0.767546
0.763496
0.75968
0.7561
0.752762
0.749667
0.74682
0.744222
0.741877
0.739786
0.737952
0.736377
0.735062
0.734008
0.733217
0.73269
0.732425
0.995796
0.987393
0.979002
0.970632
0.962291
0.953988
0.945729
0.937525
0.929381
0.921308
0.913312
0.905402
0.897586
0.88987
0.882263
0.874773
0.867406
0.86017
0.853071
0.846118
0.839317
0.832675
0.826198
0.819892
0.813764
0.80782
0.802065
0.796506
0.791147
0.785995
0.781054
0.776329
0.771825
0.767546
0.763496
0.75968
0.7561
0.752762
0.749667
0.74682
0.744222
0.741877
0.739786
0.737952
0.736377
0.735062
0.734008
0.733217
0.732689
0.732425
0.995796
0.987393
0.979002
0.970632
0.962291
0.953988
0.945729
0.937525
0.929381
0.921308
0.913312
0.905402
0.897586
0.88987
0.882263
0.874773
0.867406
0.86017
0.853071
0.846118
0.839317
0.832675
0.826198
0.819892
0.813764
0.80782
0.802065
0.796506
0.791147
0.785995
0.781054
0.776329
0.771825
0.767546
0.763496
0.759679
0.7561
0.752762
0.749667
0.74682
0.744222
0.741877
0.739786
0.737952
0.736377
0.735062
0.734008
0.733217
0.732689
0.732425
0.995796
0.987393
0.979002
0.970632
0.962291
0.953988
0.945729
0.937525
0.929381
0.921308
0.913312
0.905402
0.897586
0.88987
0.882263
0.874773
0.867406
0.86017
0.853071
0.846118
0.839317
0.832675
0.826198
0.819892
0.813764
0.80782
0.802065
0.796506
0.791147
0.785995
0.781054
0.776329
0.771825
0.767546
0.763496
0.759679
0.7561
0.752762
0.749667
0.74682
0.744222
0.741877
0.739786
0.737952
0.736377
0.735062
0.734008
0.733217
0.732689
0.732425
0.995796
0.987393
0.979002
0.970632
0.962291
0.953988
0.945729
0.937525
0.929381
0.921308
0.913312
0.905402
0.897586
0.88987
0.882263
0.874773
0.867406
0.86017
0.853072
0.846118
0.839317
0.832675
0.826198
0.819892
0.813764
0.80782
0.802065
0.796506
0.791147
0.785995
0.781054
0.776329
0.771825
0.767546
0.763496
0.759679
0.7561
0.752762
0.749667
0.74682
0.744222
0.741877
0.739786
0.737952
0.736377
0.735062
0.734008
0.733217
0.732689
0.732425
0.995796
0.987393
0.979002
0.970632
0.962291
0.953988
0.945729
0.937525
0.929381
0.921308
0.913312
0.905402
0.897586
0.88987
0.882263
0.874773
0.867406
0.86017
0.853072
0.846119
0.839317
0.832675
0.826198
0.819892
0.813764
0.80782
0.802065
0.796506
0.791147
0.785995
0.781054
0.776329
0.771825
0.767546
0.763496
0.759679
0.7561
0.752762
0.749667
0.74682
0.744222
0.741877
0.739786
0.737952
0.736377
0.735062
0.734008
0.733217
0.732689
0.732425
)
;

boundaryField
{
    inlet
    {
        type            fixedValue;
        value           uniform 1;
    }
    outlet
    {
        type            zeroGradient;
    }
    lowerWall
    {
        type            zeroGradient;
    }
    upperWall
    {
        type            zeroGradient;
    }
    frontAndBack
    {
        type            empty;
    }
}


// ************************************************************************* //
