/*--------------------------------*- C++ -*----------------------------------*\
  =========                 |
  \\      /  F ield         | OpenFOAM: The Open Source CFD Toolbox
   \\    /   O peration     | Website:  https://openfoam.org
    \\  /    A nd           | Version:  12
     \\/     M anipulation  |
\*---------------------------------------------------------------------------*/
FoamFile
{
    format      ascii;
    class       volScalarField;
    location    "50";
    object      T;
}
// * * * * * * * * * * * * * * * * * * * * * * * * * * * * * * * * * * * * * //

dimensions      [0 0 0 1 0 0 0];

internalField   nonuniform List<scalar> 
1250
(
0.994086
0.982264
0.97046
0.958684
0.94695
0.935268
0.92365
0.912107
0.900651
0.889294
0.878046
0.866918
0.855922
0.845068
0.834368
0.823831
0.813468
0.803289
0.793305
0.783525
0.773958
0.764615
0.755505
0.746636
0.738017
0.729657
0.721563
0.713745
0.706209
0.698963
0.692014
0.68537
0.679035
0.673018
0.667323
0.661956
0.656923
0.652229
0.647877
0.643873
0.64022
0.636923
0.633983
0.631405
0.62919
0.627341
0.625859
0.624747
0.624005
0.623634
0.994086
0.982264
0.97046
0.958684
0.94695
0.935268
0.92365
0.912107
0.900651
0.889294
0.878046
0.866918
0.855922
0.845068
0.834368
0.823831
0.813468
0.803289
0.793305
0.783525
0.773958
0.764615
0.755505
0.746636
0.738017
0.729657
0.721563
0.713745
0.706209
0.698963
0.692014
0.68537
0.679035
0.673018
0.667323
0.661956
0.656923
0.652229
0.647877
0.643873
0.64022
0.636923
0.633983
0.631405
0.62919
0.627341
0.625859
0.624747
0.624005
0.623634
0.994086
0.982264
0.97046
0.958684
0.94695
0.935268
0.92365
0.912107
0.900651
0.889294
0.878046
0.866918
0.855922
0.845068
0.834368
0.823831
0.813468
0.803289
0.793305
0.783525
0.773958
0.764615
0.755505
0.746636
0.738017
0.729657
0.721563
0.713745
0.706209
0.698963
0.692014
0.68537
0.679035
0.673018
0.667323
0.661956
0.656923
0.652229
0.647877
0.643873
0.64022
0.636923
0.633983
0.631405
0.62919
0.627341
0.625859
0.624747
0.624005
0.623634
0.994086
0.982264
0.97046
0.958684
0.94695
0.935268
0.92365
0.912107
0.900651
0.889294
0.878046
0.866918
0.855922
0.845068
0.834368
0.823831
0.813468
0.803289
0.793305
0.783525
0.773958
0.764615
0.755505
0.746636
0.738017
0.729657
0.721563
0.713745
0.706209
0.698963
0.692014
0.68537
0.679035
0.673018
0.667323
0.661956
0.656923
0.652229
0.647877
0.643873
0.64022
0.636923
0.633983
0.631405
0.62919
0.627341
0.625859
0.624747
0.624005
0.623633
0.994086
0.982264
0.97046
0.958684
0.94695
0.935268
0.92365
0.912107
0.900651
0.889294
0.878046
0.866918
0.855922
0.845068
0.834368
0.823831
0.813468
0.803289
0.793305
0.783525
0.773958
0.764615
0.755505
0.746636
0.738017
0.729657
0.721563
0.713745
0.706209
0.698963
0.692014
0.685369
0.679035
0.673018
0.667323
0.661956
0.656923
0.652229
0.647877
0.643873
0.64022
0.636923
0.633983
0.631405
0.62919
0.627341
0.625859
0.624747
0.624005
0.623633
0.994086
0.982264
0.97046
0.958684
0.94695
0.935268
0.92365
0.912107
0.900651
0.889294
0.878046
0.866918
0.855922
0.845068
0.834368
0.823831
0.813468
0.803289
0.793305
0.783525
0.773958
0.764615
0.755505
0.746636
0.738017
0.729657
0.721563
0.713745
0.706209
0.698963
0.692014
0.685369
0.679035
0.673018
0.667323
0.661956
0.656923
0.652228
0.647877
0.643873
0.64022
0.636923
0.633983
0.631404
0.62919
0.627341
0.625859
0.624747
0.624005
0.623633
0.994086
0.982264
0.97046
0.958684
0.94695
0.935268
0.92365
0.912107
0.900651
0.889294
0.878046
0.866918
0.855922
0.845068
0.834368
0.823831
0.813468
0.803289
0.793305
0.783525
0.773958
0.764615
0.755505
0.746636
0.738017
0.729657
0.721563
0.713745
0.706209
0.698963
0.692014
0.685369
0.679035
0.673018
0.667323
0.661956
0.656923
0.652228
0.647877
0.643873
0.64022
0.636922
0.633983
0.631404
0.62919
0.62734
0.625859
0.624747
0.624005
0.623633
0.994086
0.982264
0.97046
0.958684
0.94695
0.935268
0.92365
0.912107
0.900651
0.889294
0.878046
0.866918
0.855922
0.845068
0.834368
0.823831
0.813468
0.803289
0.793305
0.783525
0.773958
0.764615
0.755505
0.746636
0.738017
0.729657
0.721563
0.713745
0.706209
0.698963
0.692014
0.685369
0.679035
0.673018
0.667323
0.661956
0.656923
0.652228
0.647877
0.643873
0.64022
0.636922
0.633983
0.631404
0.629189
0.62734
0.625859
0.624747
0.624004
0.623633
0.994086
0.982264
0.97046
0.958684
0.94695
0.935268
0.92365
0.912107
0.900651
0.889294
0.878046
0.866918
0.855922
0.845068
0.834368
0.823831
0.813468
0.803289
0.793305
0.783525
0.773958
0.764615
0.755505
0.746636
0.738017
0.729657
0.721563
0.713745
0.706209
0.698963
0.692014
0.685369
0.679035
0.673018
0.667323
0.661956
0.656923
0.652228
0.647877
0.643873
0.64022
0.636922
0.633983
0.631404
0.629189
0.62734
0.625859
0.624746
0.624004
0.623633
0.994086
0.982264
0.97046
0.958684
0.94695
0.935268
0.92365
0.912107
0.900651
0.889294
0.878046
0.866918
0.855922
0.845068
0.834368
0.823831
0.813468
0.803289
0.793305
0.783525
0.773958
0.764615
0.755505
0.746636
0.738017
0.729657
0.721563
0.713745
0.706209
0.698963
0.692014
0.685369
0.679035
0.673017
0.667323
0.661956
0.656923
0.652228
0.647877
0.643873
0.64022
0.636922
0.633983
0.631404
0.629189
0.62734
0.625859
0.624746
0.624004
0.623633
0.994086
0.982264
0.97046
0.958684
0.94695
0.935268
0.92365
0.912107
0.900651
0.889294
0.878046
0.866918
0.855922
0.845068
0.834368
0.823831
0.813468
0.803289
0.793305
0.783525
0.773958
0.764615
0.755505
0.746636
0.738017
0.729657
0.721563
0.713745
0.706209
0.698963
0.692014
0.685369
0.679035
0.673017
0.667322
0.661956
0.656923
0.652228
0.647877
0.643873
0.64022
0.636922
0.633982
0.631404
0.629189
0.62734
0.625859
0.624746
0.624004
0.623633
0.994086
0.982264
0.97046
0.958684
0.94695
0.935268
0.92365
0.912107
0.900651
0.889294
0.878046
0.866918
0.855922
0.845068
0.834368
0.823831
0.813468
0.803289
0.793305
0.783525
0.773958
0.764615
0.755505
0.746636
0.738017
0.729657
0.721563
0.713745
0.706209
0.698963
0.692014
0.685369
0.679035
0.673017
0.667322
0.661956
0.656923
0.652228
0.647877
0.643872
0.64022
0.636922
0.633982
0.631404
0.629189
0.62734
0.625858
0.624746
0.624004
0.623633
0.994086
0.982264
0.97046
0.958684
0.94695
0.935268
0.92365
0.912107
0.900651
0.889294
0.878046
0.866918
0.855922
0.845068
0.834368
0.823831
0.813468
0.803289
0.793305
0.783525
0.773958
0.764615
0.755505
0.746636
0.738017
0.729657
0.721563
0.713745
0.706209
0.698963
0.692014
0.685369
0.679035
0.673017
0.667322
0.661956
0.656923
0.652228
0.647876
0.643872
0.64022
0.636922
0.633982
0.631404
0.629189
0.62734
0.625858
0.624746
0.624004
0.623633
0.994086
0.982264
0.97046
0.958684
0.94695
0.935268
0.92365
0.912107
0.900651
0.889294
0.878046
0.866918
0.855922
0.845068
0.834368
0.823831
0.813468
0.803289
0.793305
0.783525
0.773958
0.764615
0.755505
0.746636
0.738017
0.729656
0.721563
0.713745
0.706209
0.698963
0.692014
0.685369
0.679035
0.673017
0.667322
0.661956
0.656922
0.652228
0.647876
0.643872
0.64022
0.636922
0.633982
0.631404
0.629189
0.62734
0.625858
0.624746
0.624004
0.623632
0.994086
0.982264
0.97046
0.958684
0.94695
0.935268
0.92365
0.912107
0.900651
0.889294
0.878046
0.866918
0.855922
0.845068
0.834368
0.823831
0.813468
0.803289
0.793305
0.783525
0.773958
0.764615
0.755505
0.746636
0.738017
0.729656
0.721563
0.713745
0.706209
0.698963
0.692014
0.685369
0.679035
0.673017
0.667322
0.661956
0.656922
0.652228
0.647876
0.643872
0.640219
0.636922
0.633982
0.631404
0.629189
0.62734
0.625858
0.624746
0.624004
0.623632
0.994086
0.982264
0.97046
0.958684
0.94695
0.935268
0.92365
0.912107
0.900651
0.889294
0.878046
0.866918
0.855922
0.845068
0.834368
0.823831
0.813468
0.803289
0.793305
0.783525
0.773958
0.764615
0.755505
0.746636
0.738017
0.729656
0.721563
0.713745
0.706209
0.698963
0.692014
0.685369
0.679035
0.673017
0.667322
0.661955
0.656922
0.652228
0.647876
0.643872
0.640219
0.636922
0.633982
0.631403
0.629189
0.627339
0.625858
0.624746
0.624003
0.623632
0.994086
0.982264
0.97046
0.958684
0.94695
0.935268
0.92365
0.912107
0.900651
0.889294
0.878046
0.866918
0.855922
0.845068
0.834368
0.823831
0.813468
0.803289
0.793305
0.783525
0.773958
0.764615
0.755505
0.746636
0.738017
0.729656
0.721563
0.713745
0.706209
0.698963
0.692014
0.685369
0.679035
0.673017
0.667322
0.661955
0.656922
0.652228
0.647876
0.643872
0.640219
0.636921
0.633982
0.631403
0.629188
0.627339
0.625858
0.624746
0.624003
0.623632
0.994086
0.982264
0.97046
0.958684
0.94695
0.935268
0.92365
0.912107
0.900651
0.889294
0.878046
0.866918
0.855922
0.845068
0.834368
0.823831
0.813468
0.803289
0.793305
0.783525
0.773958
0.764615
0.755505
0.746636
0.738017
0.729656
0.721563
0.713745
0.706209
0.698963
0.692014
0.685369
0.679035
0.673017
0.667322
0.661955
0.656922
0.652228
0.647876
0.643872
0.640219
0.636921
0.633982
0.631403
0.629188
0.627339
0.625858
0.624745
0.624003
0.623632
0.994086
0.982264
0.97046
0.958684
0.94695
0.935268
0.92365
0.912107
0.900651
0.889294
0.878046
0.866918
0.855922
0.845068
0.834368
0.823831
0.813468
0.803289
0.793305
0.783525
0.773959
0.764615
0.755505
0.746636
0.738017
0.729656
0.721563
0.713745
0.706209
0.698963
0.692014
0.685369
0.679035
0.673017
0.667322
0.661955
0.656922
0.652227
0.647876
0.643872
0.640219
0.636921
0.633982
0.631403
0.629188
0.627339
0.625858
0.624745
0.624003
0.623632
0.994086
0.982264
0.97046
0.958684
0.94695
0.935268
0.92365
0.912107
0.900652
0.889294
0.878046
0.866918
0.855922
0.845068
0.834368
0.823831
0.813468
0.803289
0.793305
0.783525
0.773959
0.764615
0.755505
0.746636
0.738017
0.729656
0.721563
0.713745
0.706209
0.698963
0.692014
0.685369
0.679035
0.673017
0.667322
0.661955
0.656922
0.652227
0.647876
0.643872
0.640219
0.636921
0.633982
0.631403
0.629188
0.627339
0.625858
0.624745
0.624003
0.623632
0.994086
0.982264
0.97046
0.958684
0.94695
0.935268
0.92365
0.912107
0.900652
0.889294
0.878046
0.866918
0.855922
0.845068
0.834368
0.823831
0.813468
0.803289
0.793305
0.783525
0.773959
0.764615
0.755505
0.746636
0.738017
0.729656
0.721563
0.713745
0.706209
0.698963
0.692014
0.685369
0.679034
0.673017
0.667322
0.661955
0.656922
0.652227
0.647876
0.643872
0.640219
0.636921
0.633982
0.631403
0.629188
0.627339
0.625858
0.624745
0.624003
0.623632
0.994086
0.982264
0.97046
0.958684
0.94695
0.935268
0.92365
0.912107
0.900652
0.889294
0.878046
0.866918
0.855922
0.845068
0.834368
0.823831
0.813468
0.803289
0.793305
0.783525
0.773959
0.764615
0.755505
0.746636
0.738017
0.729656
0.721563
0.713745
0.706209
0.698963
0.692014
0.685369
0.679034
0.673017
0.667322
0.661955
0.656922
0.652227
0.647876
0.643872
0.640219
0.636921
0.633981
0.631403
0.629188
0.627339
0.625858
0.624745
0.624003
0.623632
0.994086
0.982264
0.97046
0.958684
0.94695
0.935268
0.92365
0.912107
0.900652
0.889294
0.878046
0.866918
0.855922
0.845069
0.834368
0.823831
0.813468
0.803289
0.793305
0.783525
0.773959
0.764616
0.755505
0.746636
0.738017
0.729656
0.721563
0.713744
0.706209
0.698963
0.692014
0.685369
0.679034
0.673017
0.667322
0.661955
0.656922
0.652227
0.647876
0.643872
0.640219
0.636921
0.633981
0.631403
0.629188
0.627339
0.625857
0.624745
0.624003
0.623632
0.994086
0.982264
0.97046
0.958684
0.94695
0.935268
0.92365
0.912107
0.900652
0.889294
0.878046
0.866918
0.855922
0.845069
0.834368
0.823831
0.813468
0.803289
0.793305
0.783525
0.773959
0.764616
0.755505
0.746636
0.738017
0.729656
0.721563
0.713744
0.706209
0.698963
0.692014
0.685369
0.679034
0.673017
0.667322
0.661955
0.656922
0.652227
0.647876
0.643872
0.640219
0.636921
0.633981
0.631403
0.629188
0.627339
0.625857
0.624745
0.624003
0.623632
0.994086
0.982264
0.97046
0.958684
0.94695
0.935268
0.92365
0.912107
0.900652
0.889294
0.878046
0.866918
0.855922
0.845069
0.834368
0.823831
0.813468
0.803289
0.793305
0.783525
0.773959
0.764616
0.755505
0.746636
0.738017
0.729656
0.721563
0.713744
0.706209
0.698963
0.692014
0.685369
0.679034
0.673017
0.667322
0.661955
0.656922
0.652227
0.647876
0.643872
0.640219
0.636921
0.633981
0.631403
0.629188
0.627339
0.625857
0.624745
0.624003
0.623632
)
;

boundaryField
{
    inlet
    {
        type            fixedValue;
        value           uniform 1;
    }
    outlet
    {
        type            zeroGradient;
    }
    lowerWall
    {
        type            zeroGradient;
    }
    upperWall
    {
        type            zeroGradient;
    }
    frontAndBack
    {
        type            empty;
    }
}


// ************************************************************************* //
