/*--------------------------------*- C++ -*----------------------------------*\
  =========                 |
  \\      /  F ield         | OpenFOAM: The Open Source CFD Toolbox
   \\    /   O peration     | Website:  https://openfoam.org
    \\  /    A nd           | Version:  12
     \\/     M anipulation  |
\*---------------------------------------------------------------------------*/
FoamFile
{
    format      ascii;
    class       volScalarField;
    location    "54";
    object      T;
}
// * * * * * * * * * * * * * * * * * * * * * * * * * * * * * * * * * * * * * //

dimensions      [0 0 0 1 0 0 0];

internalField   nonuniform List<scalar> 
1250
(
0.994636
0.983913
0.973206
0.962525
0.951881
0.941285
0.930747
0.920277
0.909886
0.899584
0.889381
0.879288
0.869313
0.859468
0.849762
0.840203
0.830803
0.82157
0.812513
0.803641
0.794963
0.786488
0.778223
0.770177
0.762359
0.754774
0.747432
0.740339
0.733503
0.726929
0.720625
0.714597
0.70885
0.703391
0.698224
0.693355
0.688789
0.684529
0.680581
0.676949
0.673635
0.670642
0.667975
0.665636
0.663626
0.661949
0.660605
0.659595
0.658922
0.658585
0.994636
0.983913
0.973206
0.962525
0.951881
0.941285
0.930747
0.920277
0.909886
0.899584
0.889381
0.879288
0.869313
0.859468
0.849762
0.840203
0.830803
0.82157
0.812513
0.803641
0.794963
0.786488
0.778223
0.770177
0.762359
0.754774
0.747432
0.740339
0.733503
0.726929
0.720625
0.714597
0.70885
0.703391
0.698224
0.693355
0.688789
0.684529
0.680581
0.676949
0.673635
0.670642
0.667975
0.665636
0.663626
0.661949
0.660605
0.659595
0.658922
0.658585
0.994636
0.983913
0.973206
0.962525
0.951881
0.941285
0.930747
0.920277
0.909886
0.899584
0.889381
0.879288
0.869313
0.859468
0.849762
0.840203
0.830803
0.82157
0.812513
0.803641
0.794963
0.786488
0.778223
0.770177
0.762359
0.754774
0.747432
0.740339
0.733503
0.726929
0.720625
0.714597
0.70885
0.703391
0.698224
0.693355
0.688789
0.684529
0.680581
0.676949
0.673635
0.670642
0.667975
0.665636
0.663626
0.661949
0.660605
0.659595
0.658922
0.658585
0.994636
0.983913
0.973206
0.962525
0.951881
0.941285
0.930747
0.920277
0.909886
0.899584
0.889381
0.879288
0.869313
0.859468
0.849762
0.840203
0.830803
0.82157
0.812513
0.803641
0.794963
0.786488
0.778223
0.770177
0.762359
0.754774
0.747432
0.740339
0.733503
0.726929
0.720625
0.714597
0.70885
0.703391
0.698224
0.693355
0.688789
0.684529
0.680581
0.676949
0.673634
0.670642
0.667975
0.665636
0.663626
0.661949
0.660605
0.659595
0.658922
0.658585
0.994636
0.983913
0.973206
0.962525
0.951881
0.941285
0.930747
0.920277
0.909886
0.899584
0.889381
0.879288
0.869313
0.859468
0.849761
0.840203
0.830803
0.82157
0.812513
0.803641
0.794963
0.786488
0.778223
0.770177
0.762359
0.754774
0.747432
0.740339
0.733503
0.726929
0.720625
0.714597
0.70885
0.703391
0.698224
0.693355
0.688789
0.684529
0.680581
0.676948
0.673634
0.670642
0.667975
0.665636
0.663626
0.661949
0.660605
0.659595
0.658922
0.658585
0.994636
0.983913
0.973206
0.962525
0.951881
0.941285
0.930747
0.920277
0.909886
0.899584
0.889381
0.879288
0.869313
0.859468
0.849761
0.840203
0.830803
0.82157
0.812513
0.803641
0.794963
0.786488
0.778223
0.770177
0.762359
0.754774
0.747432
0.740339
0.733503
0.726929
0.720625
0.714597
0.70885
0.70339
0.698224
0.693355
0.688789
0.684529
0.680581
0.676948
0.673634
0.670642
0.667975
0.665636
0.663626
0.661949
0.660604
0.659595
0.658922
0.658585
0.994636
0.983913
0.973206
0.962525
0.951881
0.941285
0.930747
0.920277
0.909886
0.899584
0.889381
0.879288
0.869313
0.859468
0.849761
0.840203
0.830803
0.82157
0.812513
0.803641
0.794963
0.786488
0.778223
0.770177
0.762359
0.754774
0.747432
0.740339
0.733503
0.726929
0.720625
0.714597
0.70885
0.70339
0.698224
0.693355
0.688788
0.684529
0.680581
0.676948
0.673634
0.670642
0.667975
0.665636
0.663626
0.661948
0.660604
0.659595
0.658922
0.658585
0.994636
0.983913
0.973206
0.962525
0.951881
0.941285
0.930747
0.920277
0.909886
0.899584
0.889381
0.879288
0.869313
0.859468
0.849762
0.840203
0.830803
0.82157
0.812513
0.803641
0.794963
0.786488
0.778223
0.770177
0.762359
0.754774
0.747432
0.740339
0.733503
0.726929
0.720625
0.714597
0.70885
0.70339
0.698224
0.693355
0.688788
0.684529
0.680581
0.676948
0.673634
0.670642
0.667975
0.665636
0.663626
0.661948
0.660604
0.659595
0.658922
0.658585
0.994636
0.983913
0.973206
0.962525
0.951881
0.941285
0.930747
0.920277
0.909886
0.899584
0.889381
0.879288
0.869313
0.859468
0.849762
0.840203
0.830803
0.82157
0.812513
0.803641
0.794963
0.786488
0.778223
0.770177
0.762358
0.754774
0.747432
0.740339
0.733503
0.726929
0.720625
0.714597
0.70885
0.70339
0.698224
0.693355
0.688788
0.684529
0.680581
0.676948
0.673634
0.670642
0.667975
0.665636
0.663626
0.661948
0.660604
0.659595
0.658921
0.658585
0.994636
0.983913
0.973206
0.962525
0.951881
0.941285
0.930747
0.920277
0.909886
0.899584
0.889381
0.879288
0.869313
0.859468
0.849762
0.840203
0.830803
0.82157
0.812513
0.803641
0.794963
0.786488
0.778223
0.770177
0.762358
0.754774
0.747432
0.740339
0.733503
0.726929
0.720625
0.714596
0.70885
0.70339
0.698224
0.693355
0.688788
0.684529
0.680581
0.676948
0.673634
0.670642
0.667975
0.665635
0.663626
0.661948
0.660604
0.659595
0.658921
0.658585
0.994636
0.983913
0.973206
0.962525
0.951881
0.941285
0.930747
0.920277
0.909886
0.899584
0.889381
0.879288
0.869313
0.859468
0.849762
0.840203
0.830803
0.82157
0.812513
0.803641
0.794963
0.786488
0.778223
0.770177
0.762358
0.754774
0.747432
0.740339
0.733503
0.726929
0.720625
0.714596
0.70885
0.70339
0.698224
0.693355
0.688788
0.684529
0.680581
0.676948
0.673634
0.670642
0.667975
0.665635
0.663626
0.661948
0.660604
0.659595
0.658921
0.658584
0.994636
0.983913
0.973206
0.962525
0.951881
0.941285
0.930747
0.920277
0.909886
0.899584
0.889381
0.879288
0.869313
0.859468
0.849762
0.840203
0.830803
0.82157
0.812513
0.803641
0.794963
0.786488
0.778223
0.770177
0.762358
0.754774
0.747432
0.740339
0.733502
0.726929
0.720625
0.714596
0.70885
0.70339
0.698223
0.693355
0.688788
0.684529
0.680581
0.676948
0.673634
0.670642
0.667975
0.665635
0.663626
0.661948
0.660604
0.659595
0.658921
0.658584
0.994636
0.983913
0.973206
0.962525
0.951881
0.941285
0.930747
0.920277
0.909886
0.899584
0.889381
0.879288
0.869313
0.859468
0.849762
0.840203
0.830803
0.82157
0.812513
0.803641
0.794963
0.786488
0.778223
0.770177
0.762358
0.754774
0.747432
0.740339
0.733502
0.726929
0.720625
0.714596
0.70885
0.70339
0.698223
0.693354
0.688788
0.684529
0.680581
0.676948
0.673634
0.670642
0.667975
0.665635
0.663626
0.661948
0.660604
0.659594
0.658921
0.658584
0.994636
0.983913
0.973206
0.962525
0.951881
0.941285
0.930747
0.920277
0.909886
0.899584
0.889381
0.879288
0.869313
0.859468
0.849762
0.840203
0.830803
0.82157
0.812513
0.803641
0.794963
0.786488
0.778223
0.770177
0.762358
0.754774
0.747432
0.740339
0.733502
0.726929
0.720625
0.714596
0.70885
0.70339
0.698223
0.693354
0.688788
0.684529
0.680581
0.676948
0.673634
0.670642
0.667974
0.665635
0.663625
0.661948
0.660604
0.659594
0.658921
0.658584
0.994636
0.983913
0.973206
0.962525
0.951881
0.941285
0.930747
0.920277
0.909886
0.899584
0.889381
0.879288
0.869313
0.859468
0.849762
0.840203
0.830803
0.82157
0.812513
0.803641
0.794963
0.786488
0.778223
0.770177
0.762358
0.754774
0.747432
0.740339
0.733502
0.726929
0.720625
0.714596
0.70885
0.70339
0.698223
0.693354
0.688788
0.684529
0.680581
0.676948
0.673634
0.670641
0.667974
0.665635
0.663625
0.661948
0.660603
0.659594
0.658921
0.658584
0.994636
0.983913
0.973206
0.962525
0.951881
0.941285
0.930747
0.920277
0.909886
0.899584
0.889381
0.879288
0.869313
0.859468
0.849762
0.840203
0.830803
0.82157
0.812513
0.803641
0.794963
0.786488
0.778223
0.770177
0.762358
0.754774
0.747432
0.740339
0.733502
0.726929
0.720625
0.714596
0.708849
0.70339
0.698223
0.693354
0.688788
0.684528
0.68058
0.676948
0.673633
0.670641
0.667974
0.665635
0.663625
0.661948
0.660603
0.659594
0.658921
0.658584
0.994636
0.983913
0.973206
0.962525
0.951881
0.941285
0.930747
0.920277
0.909886
0.899584
0.889381
0.879288
0.869313
0.859468
0.849762
0.840204
0.830803
0.82157
0.812513
0.803641
0.794963
0.786488
0.778223
0.770177
0.762358
0.754774
0.747432
0.740339
0.733502
0.726929
0.720625
0.714596
0.708849
0.70339
0.698223
0.693354
0.688788
0.684528
0.68058
0.676947
0.673633
0.670641
0.667974
0.665635
0.663625
0.661947
0.660603
0.659594
0.658921
0.658584
0.994636
0.983913
0.973206
0.962525
0.951881
0.941285
0.930747
0.920277
0.909886
0.899584
0.889381
0.879288
0.869313
0.859468
0.849762
0.840204
0.830803
0.82157
0.812513
0.803641
0.794963
0.786488
0.778223
0.770177
0.762358
0.754774
0.747432
0.740339
0.733502
0.726929
0.720625
0.714596
0.708849
0.70339
0.698223
0.693354
0.688788
0.684528
0.68058
0.676947
0.673633
0.670641
0.667974
0.665635
0.663625
0.661947
0.660603
0.659594
0.658921
0.658584
0.994636
0.983913
0.973206
0.962525
0.951881
0.941285
0.930747
0.920277
0.909886
0.899584
0.889381
0.879288
0.869313
0.859468
0.849762
0.840204
0.830803
0.82157
0.812513
0.803641
0.794963
0.786488
0.778223
0.770177
0.762358
0.754774
0.747432
0.740339
0.733502
0.726929
0.720625
0.714596
0.708849
0.70339
0.698223
0.693354
0.688788
0.684528
0.68058
0.676947
0.673633
0.670641
0.667974
0.665635
0.663625
0.661947
0.660603
0.659594
0.65892
0.658584
0.994636
0.983913
0.973206
0.962525
0.951881
0.941285
0.930747
0.920277
0.909886
0.899584
0.889381
0.879288
0.869313
0.859468
0.849762
0.840204
0.830803
0.82157
0.812513
0.803641
0.794963
0.786488
0.778223
0.770177
0.762358
0.754774
0.747432
0.740339
0.733502
0.726929
0.720625
0.714596
0.708849
0.70339
0.698223
0.693354
0.688788
0.684528
0.68058
0.676947
0.673633
0.670641
0.667974
0.665634
0.663625
0.661947
0.660603
0.659594
0.65892
0.658584
0.994636
0.983913
0.973206
0.962525
0.951881
0.941285
0.930747
0.920277
0.909886
0.899584
0.889381
0.879288
0.869313
0.859468
0.849762
0.840204
0.830803
0.82157
0.812513
0.803641
0.794963
0.786488
0.778223
0.770177
0.762358
0.754774
0.747432
0.740339
0.733502
0.726929
0.720624
0.714596
0.708849
0.70339
0.698223
0.693354
0.688787
0.684528
0.68058
0.676947
0.673633
0.670641
0.667974
0.665634
0.663625
0.661947
0.660603
0.659594
0.65892
0.658583
0.994636
0.983913
0.973206
0.962525
0.951881
0.941285
0.930747
0.920277
0.909886
0.899584
0.889381
0.879288
0.869313
0.859468
0.849762
0.840204
0.830803
0.82157
0.812513
0.803641
0.794963
0.786488
0.778223
0.770177
0.762358
0.754774
0.747432
0.740339
0.733502
0.726929
0.720624
0.714596
0.708849
0.70339
0.698223
0.693354
0.688787
0.684528
0.68058
0.676947
0.673633
0.670641
0.667974
0.665634
0.663625
0.661947
0.660603
0.659594
0.65892
0.658583
0.994636
0.983913
0.973206
0.962525
0.951881
0.941285
0.930747
0.920277
0.909886
0.899584
0.889381
0.879288
0.869313
0.859468
0.849762
0.840204
0.830803
0.82157
0.812513
0.803641
0.794963
0.786488
0.778223
0.770177
0.762358
0.754774
0.747432
0.740339
0.733502
0.726929
0.720624
0.714596
0.708849
0.70339
0.698223
0.693354
0.688787
0.684528
0.68058
0.676947
0.673633
0.670641
0.667974
0.665634
0.663625
0.661947
0.660603
0.659594
0.65892
0.658583
0.994636
0.983913
0.973206
0.962525
0.951881
0.941285
0.930747
0.920277
0.909886
0.899584
0.889381
0.879288
0.869313
0.859468
0.849762
0.840204
0.830803
0.82157
0.812513
0.803641
0.794963
0.786488
0.778223
0.770177
0.762358
0.754774
0.747432
0.740339
0.733502
0.726929
0.720624
0.714596
0.708849
0.70339
0.698223
0.693354
0.688787
0.684528
0.68058
0.676947
0.673633
0.670641
0.667974
0.665634
0.663625
0.661947
0.660603
0.659594
0.65892
0.658583
0.994636
0.983913
0.973206
0.962525
0.951881
0.941285
0.930747
0.920277
0.909886
0.899584
0.889381
0.879288
0.869313
0.859468
0.849762
0.840204
0.830803
0.82157
0.812513
0.803641
0.794963
0.786488
0.778223
0.770177
0.762358
0.754774
0.747432
0.740339
0.733502
0.726929
0.720624
0.714596
0.708849
0.70339
0.698223
0.693354
0.688787
0.684528
0.68058
0.676947
0.673633
0.670641
0.667974
0.665634
0.663625
0.661947
0.660603
0.659594
0.65892
0.658583
)
;

boundaryField
{
    inlet
    {
        type            fixedValue;
        value           uniform 1;
    }
    outlet
    {
        type            zeroGradient;
    }
    lowerWall
    {
        type            zeroGradient;
    }
    upperWall
    {
        type            zeroGradient;
    }
    frontAndBack
    {
        type            empty;
    }
}


// ************************************************************************* //
