/*--------------------------------*- C++ -*----------------------------------*\
  =========                 |
  \\      /  F ield         | OpenFOAM: The Open Source CFD Toolbox
   \\    /   O peration     | Website:  https://openfoam.org
    \\  /    A nd           | Version:  12
     \\/     M anipulation  |
\*---------------------------------------------------------------------------*/
FoamFile
{
    format      ascii;
    class       volScalarField;
    location    "84";
    object      T;
}
// * * * * * * * * * * * * * * * * * * * * * * * * * * * * * * * * * * * * * //

dimensions      [0 0 0 1 0 0 0];

internalField   nonuniform List<scalar> 
1250
(
0.997418
0.992257
0.987104
0.981963
0.97684
0.97174
0.966668
0.961629
0.956627
0.951669
0.946758
0.9419
0.937099
0.93236
0.927688
0.923087
0.918562
0.914118
0.909759
0.905488
0.901311
0.897231
0.893253
0.88938
0.885616
0.881965
0.878431
0.875016
0.871725
0.868561
0.865526
0.862624
0.859857
0.857229
0.854742
0.852398
0.8502
0.848149
0.846248
0.844499
0.842904
0.841463
0.840179
0.839053
0.838086
0.837278
0.836631
0.836145
0.835821
0.835658
0.997418
0.992257
0.987104
0.981963
0.97684
0.97174
0.966668
0.961629
0.956627
0.951669
0.946758
0.9419
0.937099
0.93236
0.927688
0.923087
0.918562
0.914118
0.909759
0.905488
0.901311
0.897231
0.893253
0.88938
0.885616
0.881965
0.878431
0.875016
0.871725
0.868561
0.865526
0.862624
0.859857
0.857229
0.854742
0.852398
0.8502
0.848149
0.846248
0.844499
0.842904
0.841463
0.840179
0.839053
0.838086
0.837278
0.836631
0.836145
0.835821
0.835658
0.997418
0.992257
0.987104
0.981963
0.97684
0.97174
0.966668
0.961629
0.956627
0.951669
0.946758
0.9419
0.937099
0.93236
0.927688
0.923087
0.918562
0.914118
0.909759
0.905488
0.901311
0.897231
0.893253
0.88938
0.885616
0.881965
0.878431
0.875016
0.871725
0.868561
0.865526
0.862624
0.859857
0.857229
0.854742
0.852398
0.8502
0.848149
0.846248
0.844499
0.842904
0.841463
0.840179
0.839053
0.838086
0.837278
0.836631
0.836145
0.835821
0.835658
0.997418
0.992257
0.987104
0.981963
0.97684
0.97174
0.966668
0.961629
0.956627
0.951669
0.946758
0.9419
0.937099
0.93236
0.927688
0.923087
0.918562
0.914118
0.909759
0.905488
0.901311
0.897231
0.893253
0.88938
0.885616
0.881965
0.878431
0.875016
0.871725
0.868561
0.865526
0.862624
0.859857
0.857229
0.854742
0.852398
0.8502
0.848149
0.846248
0.844499
0.842904
0.841463
0.840179
0.839053
0.838086
0.837278
0.836631
0.836145
0.835821
0.835658
0.997418
0.992257
0.987104
0.981963
0.97684
0.97174
0.966668
0.961629
0.956627
0.951669
0.946758
0.9419
0.937099
0.93236
0.927688
0.923087
0.918562
0.914118
0.909759
0.905488
0.901311
0.897231
0.893253
0.88938
0.885616
0.881965
0.878431
0.875016
0.871725
0.868561
0.865526
0.862624
0.859857
0.857229
0.854742
0.852398
0.8502
0.848149
0.846248
0.844499
0.842904
0.841463
0.840179
0.839053
0.838086
0.837278
0.836631
0.836145
0.835821
0.835658
0.997418
0.992257
0.987104
0.981963
0.97684
0.97174
0.966668
0.961629
0.956627
0.951669
0.946758
0.9419
0.937099
0.93236
0.927688
0.923087
0.918562
0.914118
0.909759
0.905488
0.901311
0.897231
0.893253
0.88938
0.885616
0.881965
0.878431
0.875016
0.871725
0.868561
0.865526
0.862624
0.859857
0.857229
0.854742
0.852398
0.8502
0.848149
0.846248
0.844499
0.842904
0.841463
0.840179
0.839053
0.838086
0.837278
0.836631
0.836145
0.835821
0.835658
0.997418
0.992257
0.987104
0.981963
0.97684
0.97174
0.966668
0.961629
0.956627
0.951669
0.946758
0.9419
0.937099
0.93236
0.927688
0.923087
0.918562
0.914118
0.909759
0.905488
0.901311
0.897231
0.893253
0.88938
0.885616
0.881965
0.878431
0.875016
0.871725
0.868561
0.865526
0.862624
0.859857
0.857229
0.854742
0.852398
0.850199
0.848149
0.846248
0.844499
0.842904
0.841463
0.840179
0.839053
0.838085
0.837278
0.836631
0.836145
0.835821
0.835658
0.997418
0.992257
0.987104
0.981963
0.97684
0.97174
0.966668
0.961629
0.956627
0.951669
0.946758
0.9419
0.937099
0.93236
0.927688
0.923087
0.918562
0.914118
0.909759
0.905488
0.901311
0.897231
0.893253
0.88938
0.885616
0.881965
0.878431
0.875016
0.871725
0.868561
0.865526
0.862624
0.859857
0.857229
0.854742
0.852398
0.850199
0.848149
0.846248
0.844499
0.842904
0.841463
0.840179
0.839053
0.838085
0.837278
0.836631
0.836145
0.83582
0.835658
0.997418
0.992257
0.987104
0.981963
0.97684
0.97174
0.966668
0.961629
0.956627
0.951669
0.946758
0.9419
0.937099
0.93236
0.927688
0.923087
0.918562
0.914118
0.909759
0.905488
0.901311
0.897231
0.893253
0.88938
0.885616
0.881965
0.878431
0.875016
0.871725
0.868561
0.865526
0.862624
0.859857
0.857229
0.854742
0.852398
0.850199
0.848149
0.846248
0.844499
0.842904
0.841463
0.840179
0.839053
0.838085
0.837278
0.836631
0.836145
0.83582
0.835658
0.997418
0.992257
0.987104
0.981963
0.97684
0.97174
0.966668
0.961629
0.956627
0.951669
0.946758
0.9419
0.937099
0.93236
0.927688
0.923087
0.918562
0.914118
0.909759
0.905488
0.901311
0.897231
0.893253
0.88938
0.885616
0.881965
0.878431
0.875016
0.871725
0.868561
0.865526
0.862624
0.859857
0.857229
0.854742
0.852398
0.850199
0.848149
0.846248
0.844499
0.842904
0.841463
0.840179
0.839053
0.838085
0.837278
0.83663
0.836145
0.83582
0.835658
0.997418
0.992257
0.987104
0.981963
0.97684
0.97174
0.966668
0.961629
0.956627
0.951669
0.946758
0.9419
0.937099
0.93236
0.927688
0.923087
0.918562
0.914118
0.909759
0.905488
0.901311
0.897231
0.893253
0.88938
0.885616
0.881965
0.878431
0.875016
0.871725
0.868561
0.865526
0.862624
0.859857
0.857229
0.854742
0.852398
0.850199
0.848149
0.846248
0.844499
0.842904
0.841463
0.840179
0.839053
0.838085
0.837278
0.83663
0.836145
0.83582
0.835658
0.997418
0.992257
0.987104
0.981963
0.97684
0.97174
0.966668
0.961629
0.956627
0.951669
0.946758
0.9419
0.937099
0.93236
0.927688
0.923087
0.918562
0.914118
0.909759
0.905488
0.901311
0.897231
0.893253
0.88938
0.885616
0.881965
0.878431
0.875016
0.871725
0.868561
0.865526
0.862624
0.859857
0.857229
0.854742
0.852398
0.850199
0.848149
0.846248
0.844499
0.842904
0.841463
0.840179
0.839053
0.838085
0.837277
0.83663
0.836144
0.83582
0.835658
0.997418
0.992257
0.987104
0.981963
0.97684
0.97174
0.966668
0.961629
0.956627
0.951669
0.946758
0.9419
0.937099
0.93236
0.927688
0.923087
0.918562
0.914118
0.909759
0.905488
0.901311
0.897231
0.893253
0.88938
0.885616
0.881965
0.878431
0.875016
0.871725
0.868561
0.865526
0.862624
0.859857
0.857229
0.854742
0.852398
0.850199
0.848149
0.846248
0.844499
0.842904
0.841463
0.840179
0.839053
0.838085
0.837277
0.83663
0.836144
0.83582
0.835658
0.997418
0.992257
0.987104
0.981963
0.97684
0.97174
0.966668
0.961629
0.956627
0.951669
0.946758
0.9419
0.937099
0.93236
0.927688
0.923087
0.918562
0.914118
0.909759
0.905488
0.901311
0.897231
0.893253
0.88938
0.885616
0.881965
0.878431
0.875016
0.871725
0.868561
0.865526
0.862624
0.859857
0.857229
0.854742
0.852398
0.850199
0.848149
0.846248
0.844499
0.842903
0.841463
0.840179
0.839053
0.838085
0.837277
0.83663
0.836144
0.83582
0.835658
0.997418
0.992257
0.987104
0.981963
0.97684
0.97174
0.966668
0.961629
0.956627
0.951669
0.946758
0.9419
0.937099
0.93236
0.927688
0.923087
0.918562
0.914118
0.909759
0.905488
0.901311
0.897231
0.893253
0.88938
0.885616
0.881965
0.878431
0.875016
0.871725
0.868561
0.865526
0.862624
0.859857
0.857229
0.854742
0.852398
0.850199
0.848149
0.846248
0.844499
0.842903
0.841463
0.840179
0.839053
0.838085
0.837277
0.83663
0.836144
0.83582
0.835658
0.997418
0.992257
0.987104
0.981963
0.97684
0.97174
0.966668
0.961629
0.956627
0.951669
0.946758
0.9419
0.937099
0.93236
0.927688
0.923087
0.918562
0.914118
0.909759
0.905488
0.901311
0.897231
0.893253
0.88938
0.885616
0.881965
0.878431
0.875016
0.871725
0.868561
0.865526
0.862624
0.859857
0.857229
0.854742
0.852398
0.850199
0.848149
0.846248
0.844499
0.842903
0.841463
0.840179
0.839053
0.838085
0.837277
0.83663
0.836144
0.83582
0.835658
0.997418
0.992257
0.987104
0.981963
0.97684
0.97174
0.966668
0.961629
0.956627
0.951669
0.946758
0.9419
0.937099
0.93236
0.927688
0.923087
0.918562
0.914118
0.909759
0.905488
0.901311
0.897231
0.893253
0.88938
0.885616
0.881965
0.878431
0.875016
0.871725
0.868561
0.865526
0.862624
0.859857
0.857229
0.854742
0.852398
0.850199
0.848149
0.846248
0.844499
0.842903
0.841463
0.840179
0.839052
0.838085
0.837277
0.83663
0.836144
0.83582
0.835658
0.997418
0.992257
0.987104
0.981963
0.97684
0.97174
0.966668
0.961629
0.956627
0.951669
0.946758
0.9419
0.937099
0.93236
0.927688
0.923087
0.918562
0.914118
0.909759
0.905488
0.901311
0.897231
0.893253
0.88938
0.885616
0.881965
0.878431
0.875016
0.871725
0.868561
0.865526
0.862624
0.859857
0.857229
0.854742
0.852397
0.850199
0.848149
0.846248
0.844499
0.842903
0.841463
0.840179
0.839052
0.838085
0.837277
0.83663
0.836144
0.83582
0.835658
0.997418
0.992257
0.987104
0.981963
0.97684
0.97174
0.966668
0.961629
0.956627
0.951669
0.946758
0.9419
0.937099
0.93236
0.927688
0.923087
0.918562
0.914118
0.909759
0.905488
0.901311
0.897231
0.893253
0.88938
0.885616
0.881965
0.878431
0.875016
0.871725
0.868561
0.865526
0.862624
0.859857
0.857229
0.854741
0.852397
0.850199
0.848149
0.846248
0.844499
0.842903
0.841463
0.840179
0.839052
0.838085
0.837277
0.83663
0.836144
0.83582
0.835658
0.997418
0.992257
0.987104
0.981963
0.97684
0.97174
0.966668
0.961629
0.956627
0.951669
0.946758
0.9419
0.937099
0.93236
0.927688
0.923087
0.918563
0.914118
0.909759
0.905488
0.901311
0.897231
0.893253
0.88938
0.885616
0.881965
0.878431
0.875016
0.871725
0.868561
0.865526
0.862624
0.859857
0.857229
0.854741
0.852397
0.850199
0.848148
0.846248
0.844499
0.842903
0.841463
0.840179
0.839052
0.838085
0.837277
0.83663
0.836144
0.83582
0.835658
0.997418
0.992257
0.987104
0.981963
0.97684
0.97174
0.966668
0.961629
0.956627
0.951669
0.946758
0.9419
0.937099
0.93236
0.927688
0.923087
0.918563
0.914118
0.909759
0.905488
0.901311
0.897231
0.893253
0.88938
0.885616
0.881965
0.878431
0.875016
0.871725
0.868561
0.865526
0.862624
0.859857
0.857229
0.854741
0.852397
0.850199
0.848148
0.846248
0.844499
0.842903
0.841463
0.840179
0.839052
0.838085
0.837277
0.83663
0.836144
0.83582
0.835658
0.997418
0.992257
0.987104
0.981963
0.97684
0.97174
0.966668
0.961629
0.956627
0.951669
0.946758
0.9419
0.937099
0.93236
0.927688
0.923087
0.918563
0.914118
0.909759
0.905488
0.901311
0.897231
0.893253
0.88938
0.885616
0.881965
0.878431
0.875016
0.871725
0.868561
0.865526
0.862624
0.859857
0.857229
0.854741
0.852397
0.850199
0.848148
0.846248
0.844499
0.842903
0.841463
0.840179
0.839052
0.838085
0.837277
0.83663
0.836144
0.83582
0.835658
0.997418
0.992257
0.987104
0.981963
0.97684
0.97174
0.966668
0.961629
0.956627
0.951669
0.946758
0.9419
0.937099
0.93236
0.927688
0.923087
0.918563
0.914118
0.909759
0.905488
0.901311
0.897231
0.893253
0.88938
0.885616
0.881965
0.878431
0.875016
0.871725
0.868561
0.865526
0.862624
0.859857
0.857229
0.854741
0.852397
0.850199
0.848148
0.846248
0.844499
0.842903
0.841463
0.840179
0.839052
0.838085
0.837277
0.83663
0.836144
0.83582
0.835658
0.997418
0.992257
0.987104
0.981963
0.97684
0.97174
0.966668
0.961629
0.956627
0.951669
0.946758
0.9419
0.937099
0.93236
0.927688
0.923087
0.918563
0.914118
0.909759
0.905488
0.901311
0.897231
0.893253
0.88938
0.885616
0.881965
0.878431
0.875016
0.871725
0.868561
0.865526
0.862624
0.859857
0.857229
0.854741
0.852397
0.850199
0.848148
0.846248
0.844499
0.842903
0.841463
0.840179
0.839052
0.838085
0.837277
0.83663
0.836144
0.83582
0.835658
0.997418
0.992257
0.987104
0.981963
0.97684
0.97174
0.966668
0.961629
0.956627
0.951669
0.946758
0.9419
0.937099
0.93236
0.927688
0.923087
0.918563
0.914118
0.909759
0.905488
0.901311
0.897231
0.893253
0.88938
0.885616
0.881965
0.878431
0.875016
0.871725
0.868561
0.865526
0.862624
0.859857
0.857229
0.854741
0.852397
0.850199
0.848148
0.846248
0.844499
0.842903
0.841463
0.840179
0.839052
0.838085
0.837277
0.83663
0.836144
0.83582
0.835658
)
;

boundaryField
{
    inlet
    {
        type            fixedValue;
        value           uniform 1;
    }
    outlet
    {
        type            zeroGradient;
    }
    lowerWall
    {
        type            zeroGradient;
    }
    upperWall
    {
        type            zeroGradient;
    }
    frontAndBack
    {
        type            empty;
    }
}


// ************************************************************************* //
